5.701317278109441759e+03
5.702665054368883830e+03
5.704012827399599701e+03
5.705360641604236662e+03
5.706880505266396540e+03
5.708410928826228883e+03
5.709758818631452414e+03
5.711106738677180147e+03
5.712454822814323961e+03
5.713802903820367646e+03
5.715150893237750097e+03
5.716498912233147166e+03
5.717846872165152490e+03
5.719194724197411233e+03
5.720542814722176445e+03
5.721890919698180369e+03
5.723239053568829149e+03
5.724587218283756556e+03
5.725935406156297176e+03
5.727283605707408242e+03
5.728631829468624346e+03
5.729980095345087648e+03
5.731328361023452999e+03
5.732676680911786207e+03
5.734025007604602251e+03
5.735373364702742947e+03
5.736721734330993968e+03
5.738070138705643330e+03
5.739418553390696616e+03
5.740767021979305355e+03
5.742115481846578405e+03
5.743464130690190359e+03
5.744812645656026689e+03
5.746161308903137069e+03
5.747509862444094324e+03
5.748858467433035912e+03
5.750206842213282471e+03
5.751555494205100331e+03
5.752904154721582017e+03
5.754253054171661461e+03
5.755601791096585657e+03
5.756950536773489148e+03
5.758299294202358396e+03
5.759882065742503983e+03
5.761349153550754636e+03
5.762697854980352531e+03
5.764046719939139621e+03
5.765532239691035102e+03
5.767136407446999328e+03
5.768735190322867311e+03
5.770084169377336366e+03
5.771433176742840260e+03
5.772782207317265602e+03
5.774131233094565687e+03
5.775480318719096431e+03
5.776829423048296121e+03
5.778365074279971850e+03
5.779527676944493578e+03
5.780876850436562563e+03
5.782226038349941518e+03
5.783575271524637174e+03
5.784924495861131618e+03
5.786273778126579600e+03
5.787623053619610801e+03
5.788972379712649854e+03
5.790321717442928275e+03
5.791671072754127636e+03
5.793020465915034038e+03
5.794369871225530005e+03
5.795719311173398637e+03
5.797068762908149438e+03
5.798418240703590527e+03
5.799767745590832419e+03
5.801117280172950814e+03
5.802466827479003769e+03
5.803816412678946108e+03
5.805166016358376510e+03
5.806515659071834307e+03
5.807865748441940923e+03
5.809215419016793021e+03
5.810565129344672641e+03
5.811914853992677308e+03
5.813264585953237656e+03
5.814613900582907263e+03
5.815963685016865384e+03
5.817313514167722133e+03
5.818835584122374712e+03
5.820368328635005128e+03
5.821718238855328309e+03
5.823068148974463838e+03
5.824418088664487186e+03
5.825768057082409541e+03
5.827118048823977915e+03
5.828468062029345674e+03
5.829818108092758848e+03
5.831168173404541449e+03
5.832518259794611367e+03
5.833868369439210255e+03
5.835218498359968180e+03
5.836568656637124150e+03
5.837918842019621479e+03
5.839269046588492529e+03
5.840619273967949084e+03
5.841969531339431342e+03
5.843319806479953513e+03
5.844670099393082637e+03
5.846020435419790374e+03
5.847370782246449380e+03
5.848721146815782049e+03
5.850071541838898156e+03
5.851421971863517683e+03
5.852772398704304578e+03
5.854122877505423276e+03
5.855473371203865099e+03
5.856823887977972845e+03
5.858174409787924560e+03
5.859524982796457152e+03
5.860875584852126849e+03
5.862226177495961565e+03
5.863576782491049016e+03
5.864927431895910559e+03
5.866278111251467635e+03
5.867628818080770543e+03
5.868979571913661857e+03
5.870330332289516264e+03
5.871681100310705915e+03
5.873031910866142425e+03
5.874382724758620498e+03
5.875733572248808741e+03
5.877084444578311377e+03
5.878435341256163156e+03
5.880020856395838564e+03
5.881490084568186830e+03
5.882841055105560372e+03
5.884192053673210467e+03
5.885543061791649052e+03
5.887030885253314409e+03
5.888637576973289470e+03
5.890238996397391020e+03
5.891590114969486422e+03
5.892941270044504563e+03
5.894292435356529495e+03
5.895643628750849530e+03
5.896994844699938767e+03
5.898346089510179809e+03
5.899697347191858171e+03
5.901048648670489456e+03
5.902399949226319222e+03
5.903751286917137804e+03
5.905102647991458980e+03
5.906454026783515474e+03
5.907805431173792385e+03
5.909156867014047748e+03
5.910508307713424074e+03
5.911859786353009440e+03
5.913211290415520125e+03
5.914562808668465550e+03
5.915914353913448394e+03
5.917265923894426123e+03
5.918617520120651534e+03
5.919969133921383218e+03
5.921320787050439321e+03
5.922672441224145587e+03
5.924024131353510711e+03
5.925375836745038214e+03
5.926727570861613458e+03
5.928079327140320856e+03
5.929431108126518666e+03
5.930782913629942414e+03
5.932134747026828336e+03
5.933486589157879280e+03
5.934838465940555579e+03
5.936190374458240512e+03
5.937542281173797164e+03
5.938894237961335421e+03
5.940246194436048427e+03
5.941598194901536772e+03
5.942950202338965028e+03
5.944302239044431190e+03
5.945654313692956748e+03
5.947006396707237400e+03
5.948358503732813915e+03
5.949883074276097432e+03
5.951418509424328477e+03
5.952770697370440757e+03
5.954122883658365026e+03
5.955475127754815730e+03
5.956827374093774779e+03
5.958179663061756401e+03
5.959531950838294506e+03
5.960884275600888941e+03
5.962236632139110952e+03
5.963588997753538933e+03
5.964941392959517543e+03
5.966293811921686029e+03
5.967646244668825602e+03
5.968998710806315103e+03
5.970351200107119439e+03
5.971703710599511396e+03
5.972887636520981687e+03
5.974408788107322835e+03
5.975796723823658795e+03
5.977113987273488419e+03
5.978466684274538238e+03
5.979819342928495644e+03
5.981172006868413519e+03
5.982524686196622497e+03
5.983877376198653110e+03
5.985230073310156513e+03
5.986582851144807137e+03
5.987935633606278316e+03
5.989288444871182037e+03
5.990641285862315272e+03
5.991994141923216375e+03
5.993347016127264396e+03
5.994699917754467606e+03
5.996052851956818813e+03
5.997405791532066360e+03
5.998758771300721492e+03
6.000111768848392785e+03
6.001464782623779683e+03
6.002817828232513421e+03
6.004170901610008514e+03
6.005523989748717213e+03
6.006877096572139635e+03
6.008230235949333292e+03
6.009583395618122267e+03
6.010936572867115501e+03
6.012289775316708983e+03
6.013643002903480010e+03
6.014996255546906468e+03
6.016349528023736639e+03
6.017702815315937187e+03
6.019056075625363519e+03
6.020409374576894152e+03
6.021998108543280978e+03
6.023469372162032414e+03
6.024822785676704370e+03
6.026176218346392488e+03
6.027034483142519093e+03
6.055248264955460400e+03
6.056602232883295073e+03
6.057956211055978201e+03
6.059310213138053768e+03
6.060664239093893229e+03
6.062018288666252374e+03
6.063372356677482458e+03
6.064726443912142713e+03
6.066080572724760714e+03
6.067434713825208746e+03
6.068788868064315466e+03
6.070143053625131870e+03
6.071497263868497612e+03
6.072851500498204587e+03
6.074205749675122206e+03
6.075560028477083506e+03
6.076914337229029115e+03
6.078268641369832949e+03
6.079622991346294839e+03
6.080977362731685389e+03
6.082331751695856838e+03
6.083686166439245426e+03
6.085040604412221910e+03
6.086395056637627022e+03
6.087749551702268036e+03
6.089104046151235707e+03
6.090458579629952510e+03
6.091813130564176390e+03
6.093167700368382611e+03
6.094522292131634458e+03
6.095876919616816849e+03
6.097231546658770640e+03
6.098586229037288831e+03
6.099940905369516258e+03
6.101295623463552147e+03
6.102650351701246109e+03
6.104005103207718093e+03
6.105359888568431415e+03
6.106714681543125153e+03
6.108242159640561113e+03
6.109780776837226767e+03
6.111135658947145203e+03
6.112490553587886097e+03
6.113845472814264213e+03
6.115200414257642478e+03
6.116555391806322405e+03
6.117910370788723412e+03
6.119265387931523037e+03
6.120620415929853152e+03
6.121975724313614592e+03
6.123330824948671761e+03
6.124685923574238586e+03
6.126041051720809264e+03
6.127396113993094332e+03
6.128751284177956222e+03
6.130106295682774544e+03
6.131461505019953620e+03
6.132816742455815074e+03
6.134172006375644742e+03
6.135527287478055769e+03
6.136882584972078803e+03
6.138237918592779351e+03
6.139593273665876040e+03
6.140948636766253912e+03
6.142304037685699768e+03
6.143659462719762814e+03
6.145014892606535795e+03
6.146370359525682034e+03
6.147725842396062944e+03
6.149081355016903217e+03
6.150436889648094620e+03
6.151792444565179721e+03
6.153148014891934508e+03
6.154503621462230512e+03
6.155859243934591177e+03
6.157214890276440201e+03
6.158570562347626947e+03
6.159926237559179754e+03
6.161281959569095307e+03
6.162637686478751675e+03
6.163993448501074454e+03
6.165349229062031554e+03
6.166705020546215565e+03
6.168060855087687742e+03
6.169416699286835865e+03
6.170772571270418666e+03
6.172128467890232059e+03
6.173484375905717570e+03
6.174840320491108287e+03
6.176196275173130743e+03
6.177552260962373111e+03
6.178908261720195696e+03
6.180264286043942775e+03
6.181620343591293022e+03
6.182976418177284359e+03
6.184332506628057672e+03
6.185688623713380366e+03
6.187044764452278287e+03
6.188400934015273378e+03
6.189757110941418432e+03
6.191113320753398511e+03
6.192469543946319391e+03
6.193825804469471223e+03
6.195182076178797615e+03
6.196538366713929463e+03
6.197894686786456077e+03
6.199251034903511936e+03
6.200607399920966600e+03
6.201963786490579878e+03
6.203556570437701339e+03
6.205030950037087678e+03
6.206387415256225722e+03
6.207743895424703624e+03
6.209100404467870248e+03
6.210456918225506342e+03
6.211813476275340690e+03
6.213307140351678754e+03
6.214786879537709865e+03
6.216276952260698636e+03
6.217885265672972309e+03
6.219241940549831270e+03
6.220598628114281382e+03
6.221955358713928035e+03
6.223312095292882077e+03
6.224668848997412169e+03
6.226025635647636591e+03
6.227382433685694195e+03
6.228739255073766799e+03
6.230096074839279936e+03
6.231452912786422530e+03
6.232809719835127908e+03
6.234166644203968644e+03
6.235523584692213262e+03
6.236880710479143090e+03
6.238237692688575407e+03
6.239594697348027694e+03
6.240951734787851819e+03
6.242308776307229891e+03
6.243665850876340301e+03
6.245022951031557568e+03
6.246380075552935523e+03
6.247737208004681634e+03
6.249094378641764706e+03
6.250451564347901694e+03
6.251808761028572917e+03
6.253165991564197611e+03
6.254523244697344126e+03
6.255880515397870113e+03
6.257237819662613219e+03
6.258595132689315506e+03
6.259952471891429013e+03
6.261309845750871318e+03
6.262667225680831507e+03
6.264024639208500957e+03
6.265382065564853292e+03
6.266739515789981851e+03
6.268096992719977607e+03
6.269454488438724184e+03
6.270812017842829846e+03
6.272169541697314344e+03
6.273527111402425362e+03
6.274884700780605272e+03
6.276242305674629279e+03
6.277599934850728459e+03
6.278957589390609428e+03
6.280315256380788924e+03
6.281672958247770111e+03
6.283030679411576784e+03
6.284388413845157629e+03
6.285746184335579528e+03
6.287103962979410426e+03
6.288461780442069539e+03
6.289819600973120941e+03
6.291177462023229964e+03
6.292535334879460606e+03
6.293893234585926621e+03
6.295251138386910498e+03
6.296609084823329795e+03
6.297967047292931966e+03
6.299325027678366496e+03
6.300683041340135787e+03
6.302041069960506320e+03
6.303399131071942065e+03
6.304757196823736194e+03
6.306115297473710598e+03
6.307473408915083382e+03
6.308831545227129027e+03
6.310189707179437391e+03
6.311547907446061799e+03
6.312906119265127927e+03
6.314264390251621990e+03
6.315622647545066684e+03
6.316980910670313278e+03
6.318339154166672415e+03
6.319697461215710064e+03
6.321055796350608034e+03
6.322414168822153442e+03
6.323772541879443452e+03
6.325303844659202696e+03
6.326846750095232892e+03
6.328205204348830193e+03
6.329563680678338642e+03
6.330922186447617605e+03
6.332280704483349837e+03
6.333639241731820221e+03
6.334997816131667605e+03
6.336356397208443923e+03
6.337715015889798451e+03
6.339073647182500281e+03
6.340432296229990243e+03
6.341790968333907585e+03
6.343149670588758454e+03
6.344508391218346333e+03
6.345867142380812766e+03
6.347225903237298553e+03
6.348584688953052137e+03
6.349943505399783135e+03
6.351302327902069919e+03
6.352661174303059852e+03
6.354020046958563398e+03
6.355378940189269997e+03
6.356737862135760224e+03
6.358096801486449294e+03
6.359455765521111061e+03
6.360814739933873170e+03
6.362173749720821434e+03
6.363532788998847536e+03
6.364891829709172271e+03
6.366250900869714314e+03
6.367609999681438239e+03
6.368969112271721315e+03
6.370328257625276819e+03
6.371687408812060312e+03
6.373046594623389865e+03
6.374405799724418102e+03
6.375765029610607598e+03
6.377124276710021149e+03
6.378483537278730182e+03
6.379842834356064486e+03
6.381202146511715910e+03
6.382561489734684073e+03
6.383920830809917788e+03
6.385280222083974877e+03
6.386639625309521762e+03
6.387999045407676022e+03
6.389358486115239430e+03
6.390717958388928309e+03
6.392077450901481825e+03
6.393436984761116037e+03
6.394796520311003405e+03
6.396156071026144673e+03
6.397515628566431587e+03
6.398875227334084229e+03
6.400234848686435726e+03
6.401594487665307497e+03
6.402954150681126521e+03
6.404313842023658253e+03
6.405673553726193859e+03
6.407033272003045568e+03
6.408393033216043477e+03
6.409752804596218084e+03
6.411112600046115404e+03
6.412472416146752948e+03
6.413832257822095926e+03
6.415192116935837475e+03
6.416552003791974130e+03
6.417911900521698954e+03
6.419271839050284143e+03
6.420631777255356610e+03
6.421991776118585221e+03
6.423352128297553463e+03
6.424712214107657019e+03
6.426072262935981598e+03
6.427432367127948964e+03
6.428791800560009506e+03
6.430151904371457931e+03
6.431512169053435173e+03
6.432872312608645188e+03
6.434232481561839450e+03
6.435592675407083334e+03
6.436952881175313451e+03
6.438313117315378804e+03
6.439673375015439888e+03
6.441033650048439995e+03
6.442393948961615934e+03
6.443754269695597031e+03
6.445114620268397630e+03
6.446475036927834481e+03
6.447835429660061891e+03
6.449195838337112036e+03
6.450556272045876540e+03
6.451916658252245725e+03
6.453277125979858283e+03
6.454637622193805328e+03
6.455998148889322692e+03
6.457358678490766579e+03
6.458719237400865495e+03
6.460079830651900920e+03
6.461440667429150380e+03
6.462801290975059601e+03
6.464161928295255166e+03
6.465522489564012176e+03
6.466883063761928497e+03
6.468243773963978128e+03
6.469604513062809929e+03
6.470965268006700171e+03
6.472326049007004258e+03
6.473686841820556765e+03
6.475047671836790869e+03
6.476408519039171551e+03
6.477769373897573132e+03
6.479130267165777695e+03
6.480491177350769249e+03
6.481852104012170457e+03
6.483213057975589436e+03
6.484574027946533533e+03
6.485935026311174624e+03
6.487296046452437622e+03
6.488657079936158880e+03
6.490018152163172999e+03
6.491379230147879753e+03
6.492740339573299934e+03
6.494101464678459706e+03
6.495700700464445617e+03
6.497179348746959477e+03
6.498540546179582634e+03
6.499901759611181660e+03
6.501263004477793402e+03
6.502624275466377185e+03
6.503985550602210424e+03
6.505346861420068308e+03
6.506708192224532468e+03
6.508069538058858598e+03
6.509430903724448399e+03
6.510792310399354392e+03
6.512153715577829644e+03
6.513515160381778514e+03
6.514876611953865904e+03
6.516238100516286977e+03
6.517736924014898250e+03
6.519222307938273843e+03
6.520583848448201934e+03
6.522078999326035046e+03
6.523693554045262317e+03
6.525055170599503072e+03
6.526416810537960373e+03
6.527778472636410697e+03
6.529140163025946094e+03
6.530501863377430709e+03
6.531863603576716741e+03
6.533225337585055058e+03
6.534587110437874799e+03
6.535948911318121645e+03
6.537310725855787496e+03
6.538672564148214406e+03
6.540034423647197400e+03
6.541396300824008904e+03
6.542758209769323912e+03
6.544120132357806142e+03
6.545482075668287507e+03
6.546844048987181850e+03
6.548206032400566073e+03
6.549568043021905396e+03
6.550930072796125387e+03
6.552292129748371735e+03
6.553654207341378424e+03
6.555016303490120663e+03
6.556378424549438023e+03
6.557740562814854457e+03
6.559102718068316790e+03
6.560464904849427512e+03
6.561827115791474171e+03
6.563189331343951380e+03
6.564551588963221548e+03
6.565913864179084158e+03
6.567276142580207306e+03
6.568638477848532602e+03
6.570000804297894319e+03
6.571363156073982282e+03
6.572725533614323467e+03
6.574087940974958656e+03
6.575450362399186815e+03
6.576812798774892144e+03
6.578175267098670702e+03
6.579537749182482003e+03
6.580900258070922064e+03
6.582262794529308849e+03
6.583625340150124430e+03
6.584987913989339177e+03
6.586350507961955373e+03
6.587713122572481552e+03
6.589075765543927446e+03
6.590438418976129469e+03
6.591801099877093293e+03
6.593163810769369775e+03
6.594526529646882409e+03
6.595889278014049523e+03
6.597252045364501100e+03
6.598614831785176648e+03
6.599977650692641873e+03
6.601340482740186417e+03
6.602703337546302464e+03
6.604066230464356522e+03
6.605429123410915963e+03
6.606792042787281389e+03
6.608154969367893500e+03
6.609517931576370756e+03
6.610880910628952734e+03
6.612243902989787784e+03
6.613606937491523240e+03
6.614969978628861099e+03
6.616333059478607538e+03
6.617696143928335914e+03
6.619059252909544739e+03
6.620422392048813890e+03
6.621785547427912206e+03
6.623148727479583613e+03
6.624511923330709578e+03
6.625875141696695209e+03
6.627238392070614282e+03
6.628601550572264387e+03
6.629964853041909009e+03
6.631328155316303310e+03
6.632691526708676975e+03
6.634055033560768607e+03
6.635418421158769888e+03
6.636781817277870687e+03
6.638145173868410893e+03
6.639508528502188710e+03
6.640871989111733456e+03
6.642235470185320082e+03
6.643598970272121733e+03
6.644962489982112857e+03
6.646326038366556531e+03
6.647689602663044752e+03
6.649053191097663330e+03
6.650416791560734055e+03
6.651780427972333200e+03
6.653144076730196502e+03
6.654507748997690214e+03
6.655871445551535544e+03
6.657235159951379501e+03
6.658598897515965291e+03
6.659962659905617329e+03
6.661326437369311861e+03
6.662690239370185736e+03
6.664054067413221674e+03
6.665417907121286589e+03
6.666781767740898431e+03
6.668145564136571011e+03
6.669509361685207296e+03
6.670873300228930930e+03
6.672237328534242806e+03
6.673601296030329650e+03
6.674965322249189740e+03
6.676329446147892668e+03
6.677693482917299661e+03
6.679057547000121303e+03
6.680421623644405372e+03
6.681785727395457798e+03
6.683149878570522560e+03
6.684514035754110409e+03
6.685878195874976882e+03
6.687242386085493308e+03
6.688606576018101805e+03
6.689970797354367278e+03
6.691335048865794306e+03
6.692699333407001177e+03
6.694063620268387240e+03
6.695427935703039111e+03
6.696792279743738618e+03
6.698156640738279748e+03
6.699521027650993346e+03
6.700885427002605866e+03
6.702249854279033570e+03
6.703614295312641843e+03
6.704978780090471446e+03
6.706343259669272811e+03
6.707707770125844945e+03
6.709072313027877499e+03
6.710436857997831794e+03
6.711801435470251818e+03
6.713166027433819181e+03
6.714530653449012789e+03
6.715895286476051297e+03
6.717259959122862711e+03
6.718624636305996319e+03
6.719989342106577169e+03
6.721354076035771868e+03
6.722718816576336394e+03
6.724083586468314024e+03
6.725448379212920372e+03
6.726813191043423103e+03
6.728178021734649519e+03
6.729542873125069491e+03
6.730907756543373580e+03
6.732272655816711449e+03
6.733637577358359522e+03
6.735002514750764021e+03
6.736367484213808893e+03
6.737732460607464418e+03
6.739097466361078659e+03
6.740462495741192470e+03
6.741827541201518216e+03
6.743192612123960316e+03
6.744557704555093551e+03
6.745922823302023062e+03
6.747287942298356938e+03
6.748653109285921346e+03
6.750018289013098183e+03
6.751383475465658194e+03
6.752748704260070554e+03
6.754113942352301819e+03
6.755479211134179423e+03
6.756844493446639717e+03
6.758209797063988844e+03
6.759575124009975298e+03
6.760940475641361445e+03
6.762305852780468740e+03
6.763671230884418037e+03
6.765036654733527939e+03
6.766402085439139228e+03
6.767767539943691190e+03
6.769133015100408556e+03
6.770498526522043903e+03
6.771864034852480472e+03
6.773229585326671440e+03
6.774595149123365445e+03
6.775960727341373058e+03
6.777326491267801430e+03
6.778692234795749755e+03
6.780057879375450284e+03
6.781423494925832529e+03
6.782788995922336653e+03
6.784154721530173447e+03
6.785520467294215450e+03
6.786886213880580726e+03
6.788251976569962608e+03
6.789617760759482735e+03
6.790983582049073448e+03
6.792349414484930094e+03
6.793715290124869171e+03
6.795081168666457415e+03
6.796447074856374456e+03
6.797813001922208059e+03
6.799178955550391947e+03
6.800544913493994500e+03
6.801910437134809399e+03
6.803276032141581709e+03
6.804589460307890477e+03
6.806008150653998200e+03
6.807375103966015558e+03
6.808741201056257523e+03
6.810107318064698120e+03
6.811473469251606730e+03
6.812839619851343741e+03
6.814205819274614441e+03
6.815572019049901428e+03
6.816938248220778405e+03
6.818304491317010616e+03
6.819670769624958666e+03
6.821037062505286485e+03
6.822403373052043207e+03
6.823769702485175912e+03
6.825136067281092437e+03
6.826502450691177728e+03
6.827868841663223066e+03
6.829235260292150997e+03
6.830601706901474245e+03
6.831968169180561745e+03
6.833334663504632772e+03
6.834701165223920725e+03
6.836067692121716391e+03
6.837434244568564282e+03
6.838800806293282221e+03
6.840167410646308781e+03
6.841534018304309029e+03
6.842900648075273239e+03
6.844267308956309535e+03
6.845633988045341539e+03
6.847000688128575348e+03
6.848367410605533223e+03
6.849734148812111016e+03
6.851100917039930209e+03
6.852467699828729565e+03
6.853834509091517248e+03
6.855201336729043760e+03
6.856568187873352144e+03
6.857935055250367441e+03
6.859301949353625787e+03
6.860668863620212505e+03
6.862035791696714114e+03
6.863402759184914430e+03
6.864769737873537451e+03
6.866136731197249901e+03
6.867503759213916055e+03
6.868870799351667301e+03
6.870237867040838864e+03
6.871604946576037946e+03
6.872972155961478165e+03
6.874339286465091391e+03
6.875706444401833323e+03
6.877073616238277282e+03
6.878440802421922854e+03
6.879808067611386832e+03
6.881175316669333370e+03
6.882542559507829537e+03
6.883909689534009885e+03
6.885276981586534021e+03
6.886644298090731354e+03
6.888011639457048659e+03
6.889379004699265352e+03
6.890746391405993563e+03
6.892113800723071108e+03
6.893481222279522626e+03
6.894848677143661916e+03
6.896216147013434238e+03
6.897583636641787052e+03
6.898951150374068675e+03
6.900318642677468233e+03
6.901686196062300951e+03
6.903053779002344527e+03
6.904421372899108974e+03
6.905788956329412031e+03
6.907156585152857588e+03
6.908524197036714213e+03
6.909891883043749658e+03
6.911259510396421319e+03
6.912627268011206979e+03
6.913994949084296422e+03
6.915362718934184159e+03
6.916730591687166452e+03
6.918098421218968724e+03
6.919466397452242745e+03
6.920834381576692977e+03
6.922202311735592048e+03
6.923570316468023520e+03
6.924938180642899169e+03
6.926306163215338529e+03
6.927674048702229811e+03
6.929042039626174301e+03
6.930409987505658137e+03
6.931777919058375119e+03
6.933145965830522073e+03
6.934514037249588910e+03
6.935882130546466215e+03
6.937250246410937507e+03
6.938618374114310427e+03
6.939986538491624742e+03
6.941354720761971294e+03
6.942722910637032328e+03
6.944091140032105613e+03
6.945459379615732360e+03
6.946827637512813453e+03
6.948195923116659287e+03
6.949564225836816149e+03
6.950932572093117415e+03
6.952300910872968416e+03
6.953669289037439739e+03
6.955037686400398343e+03
6.956406092596571398e+03
6.957774527809239771e+03
6.959142990975225985e+03
6.960511467905521386e+03
6.961879966303175934e+03
6.963248485126391643e+03
6.964617035435926482e+03
6.965985588983450725e+03
6.967354183018677759e+03
6.968722790109902235e+03
6.970091408159272760e+03
6.971459584080478635e+03
6.972827777106595022e+03
6.974143100437468092e+03
6.975566418852176866e+03
6.976935082977347520e+03
6.978217420877585027e+03
6.979283591740710108e+03
6.980652195938836485e+03
6.981880160623829397e+03
6.983127333086883482e+03
6.984496568724428471e+03
6.985865445708968764e+03
6.987234342286768879e+03
6.988603260008415418e+03
6.989972197448737461e+03
6.991341164333108281e+03
6.992710139674447419e+03
6.994079153535325531e+03
6.995448172347251784e+03
6.996817228216491458e+03
6.998186293670010855e+03
7.059458765733172186e+03
7.060828821321876603e+03
7.062198905947026105e+03
7.063568991956018181e+03
7.064939109097886103e+03
7.066309248793095321e+03
7.067679405791315730e+03
7.069049584386585593e+03
7.070419791110472033e+03
7.071790013823358095e+03
7.073160262481495010e+03
7.074530528529576259e+03
7.075900818939543569e+03
7.077271128148950083e+03
7.078641460591506075e+03
7.080011805313341029e+03
7.081382183791792158e+03
7.082752586669183074e+03
7.084123001982621645e+03
7.085493437740148693e+03
7.086863906175438387e+03
7.088234386813046513e+03
7.089604887812083689e+03
7.090975418491745586e+03
7.092345967731421297e+03
7.093716535452718745e+03
7.095087119020502541e+03
7.096457738305941348e+03
7.097828424773969346e+03
7.099199074920074054e+03
7.100569780739087037e+03
7.101940492957119204e+03
7.103311206429304548e+03
7.104681935494290883e+03
7.106052702109700476e+03
7.107423410043667900e+03
7.108794213077917448e+03
7.110165040271675025e+03
7.111535888995503228e+03
7.112906755223288201e+03
7.114277654774440634e+03
7.115648565320791022e+03
7.117019498116922477e+03
7.118390457245949619e+03
7.119761438583428571e+03
7.121132439428658472e+03
7.122503454085225712e+03
7.123874498657572076e+03
7.125245567114372534e+03
7.126616653093657078e+03
7.127987760272370906e+03
7.129358889544097110e+03
7.130730039673208921e+03
7.132101214377983524e+03
7.133472410112591206e+03
7.134843620238582844e+03
7.136214872476972232e+03
7.137586121946254025e+03
7.138957400571697690e+03
7.140328704602252401e+03
7.141700027610391771e+03
7.143071373392775968e+03
7.144442746471474493e+03
7.145814123547778763e+03
7.147185543929349478e+03
7.148556971774543854e+03
7.149928425083282491e+03
7.151299904193328075e+03
7.152671396607352108e+03
7.154042917356640828e+03
7.155414451331521377e+03
7.156786015021230014e+03
7.158157600020108475e+03
7.159529211752358606e+03
7.160900826581503679e+03
7.162272481678876829e+03
7.163644152981877596e+03
7.165015838787424400e+03
7.166387557266457407e+03
7.167759284936423683e+03
7.169131045945429832e+03
7.170502824073598276e+03
7.171874620805959239e+03
7.173246437891197274e+03
7.174618283648039323e+03
7.175990150637088846e+03
7.177192912352309577e+03
7.178373033250470144e+03
7.179744949728607025e+03
7.181116894928229158e+03
7.182488867337228839e+03
7.183860753898160510e+03
7.185232757516995662e+03
7.186604790758023228e+03
7.187976843013692815e+03
7.189349018315836474e+03
7.190721123572214310e+03
7.192093238398620997e+03
7.193465379188805855e+03
7.194837537454445737e+03
7.196209719755606784e+03
7.197581930829559496e+03
7.198954152183274346e+03
7.200326399472264711e+03
7.201698683496479134e+03
7.203070971159158034e+03
7.204443275782805358e+03
7.205815613183975984e+03
7.207187972529940453e+03
7.208560349910027981e+03
7.209932753089997277e+03
7.211305172878918711e+03
7.212677553522649760e+03
7.214050004535657536e+03
7.215422494881977400e+03
7.216795000714215348e+03
7.218167605507524058e+03
7.219540156366634619e+03
7.220912726362951616e+03
7.222285337771907507e+03
7.223657941256908998e+03
7.225030586905616474e+03
7.226403245965187125e+03
7.227775935768563613e+03
7.229148629968592104e+03
7.230521361203133893e+03
7.231894101289416540e+03
7.233266881105210814e+03
7.234639669087238872e+03
7.236012482329008890e+03
7.237385309362166481e+03
7.238758175798471711e+03
7.240131043722656614e+03
7.241503947284682909e+03
7.242876871855164609e+03
7.244249814204665199e+03
7.245622779030548372e+03
7.246995769473891414e+03
7.248368774261588442e+03
7.249741807604025780e+03
7.251114860333072102e+03
7.252487926346145287e+03
7.253861026198494983e+03
7.255234144191855194e+03
7.256607285479645725e+03
7.257980445733622219e+03
7.259353627107218017e+03
7.260726828505900812e+03
7.262100056495437457e+03
7.263473342857154421e+03
7.264846625283974390e+03
7.266219915473703622e+03
7.267593226174504707e+03
7.268966516163286542e+03
7.270339869827312214e+03
7.271713242612867361e+03
7.273086645519426384e+03
7.274460070960799385e+03
7.275833518406823714e+03
7.277206980423802634e+03
7.278580470402652281e+03
7.279953983100163896e+03
7.281327514959106338e+03
7.282701062142922638e+03
7.284074632780787397e+03
7.285448238420870439e+03
7.286821852522196423e+03
7.288109739110753253e+03
7.289179209603680647e+03
7.290411881965682369e+03
7.291663053440557633e+03
7.293036774697694455e+03
7.294410512821737939e+03
7.295784267242618625e+03
7.296871405382933517e+03
7.298173004579603003e+03
7.299546815586927551e+03
7.300920662490048926e+03
7.302294529401156979e+03
7.303668412841406280e+03
7.305042322236883592e+03
7.306416253719670749e+03
7.307790201754400186e+03
7.309164176388537271e+03
7.310538174634918505e+03
7.311912187234202065e+03
7.313286226059495675e+03
7.314660287117468215e+03
7.316034374066534838e+03
7.317408479407441519e+03
7.318782606653237053e+03
7.320156755896558025e+03
7.321530934401504965e+03
7.322905117589565634e+03
7.324279332861091461e+03
7.325653566296429744e+03
7.327027826346850816e+03
7.328402109707378258e+03
7.329776410423647576e+03
7.331150732860959579e+03
7.332525076268244447e+03
7.333899446822204482e+03
7.335273838478678044e+03
7.336648247114648257e+03
7.338022676826058159e+03
7.339397134829975585e+03
7.340771612536893372e+03
7.342146114903554917e+03
7.343520634340925426e+03
7.344895177981983579e+03
7.346269750093697439e+03
7.347644326612043187e+03
7.349018941084136713e+03
7.350393562837432000e+03
7.351768218298888314e+03
7.353142901673757478e+03
7.354517589788747500e+03
7.355892310582923528e+03
7.357267054185547750e+03
7.358641815466001390e+03
7.360016602901207079e+03
7.361391407337284363e+03
7.362766237125742009e+03
7.364141086582994831e+03
7.365515954721396156e+03
7.366890849355166210e+03
7.368265773356022692e+03
7.369640708352079855e+03
7.371015665070603973e+03
7.372390652795163987e+03
7.373765657264063520e+03
7.375140685816942096e+03
7.376515733377334982e+03
7.377890798366152012e+03
7.379265896038431492e+03
7.380641005405670512e+03
7.382016145197474543e+03
7.383391296530318868e+03
7.384766487756568495e+03
7.386141680553358128e+03
7.387516900285893826e+03
7.388892153444404357e+03
7.390267425553423891e+03
7.391642712432922053e+03
7.393018029074281912e+03
7.394393357917961112e+03
7.395768725439374975e+03
7.397144096619203992e+03
7.398350136211402969e+03
7.399533080847231759e+03
7.400908522942179843e+03
7.402283981550592216e+03
7.403659467723249691e+03
7.405034970513409462e+03
7.406410496972819601e+03
7.407786054396937288e+03
7.409161622190603339e+03
7.410537211475858385e+03
7.411912828973813703e+03
7.413288468708720757e+03
7.414664126568961365e+03
7.416039810454263716e+03
7.417415510847328733e+03
7.418791239910572585e+03
7.420166982420312706e+03
7.421542760161721162e+03
7.422918549367209380e+03
7.424294370056168191e+03
7.425670198640577837e+03
7.427046058976385211e+03
7.428421943205197749e+03
7.429797845801623225e+03
7.431173770315764159e+03
7.432549720270644684e+03
7.433925688570334387e+03
7.435301680861365639e+03
7.436677698088625220e+03
7.438053741701513900e+03
7.439429792159501631e+03
7.440805867811675853e+03
7.442181971162060108e+03
7.443558100899499550e+03
7.444934240452097583e+03
7.446310413648720896e+03
7.447686601655731465e+03
7.449062814998017529e+03
7.450439049367285406e+03
7.451815305424817780e+03
7.480182008469333596e+03
7.481443414076466979e+03
7.482532756221092313e+03
7.483837563504377613e+03
7.485214365060627642e+03
7.486591183376895970e+03
7.487968021354832672e+03
7.489344885476119089e+03
7.490721775223418263e+03
7.492098682300804285e+03
7.493475611277379357e+03
7.494852562851476250e+03
7.496229539120948175e+03
7.497606526741912603e+03
7.498983547176031607e+03
7.500360589242829519e+03
7.501737651638277384e+03
7.503114742779438529e+03
7.504491866884819501e+03
7.505868994463344279e+03
7.507246150097801547e+03
7.508623321295131063e+03
7.510000525365472640e+03
7.511377747219105004e+03
7.512754985970998860e+03
7.514132251804004227e+03
7.515509540816003209e+03
7.516886845946693938e+03
7.518264186715227879e+03
7.519641537395831620e+03
7.521018915723338978e+03
7.522396313451708920e+03
7.523773739609405311e+03
7.525151188093841483e+03
7.526528651481297857e+03
7.527906146144145168e+03
7.529283661192650470e+03
7.530661193042503328e+03
7.532038747246175262e+03
7.533416321888234052e+03
7.534793921918301749e+03
7.536171548549199542e+03
7.537549191760543181e+03
7.538926864284819203e+03
7.540304554459846258e+03
7.541682267491778475e+03
7.543060004771579770e+03
7.544437766091177764e+03
7.545815502464571182e+03
7.547193297978313240e+03
7.548571065135414756e+03
7.549948905151568397e+03
7.551326778355695751e+03
7.552704781186313085e+03
7.554082706497569234e+03
7.555460636025906751e+03
7.556838599088533556e+03
7.558216585903072883e+03
7.559594590230121867e+03
7.560803035222922517e+03
7.561988135604711715e+03
7.563366201283976807e+03
7.564744297208234457e+03
7.566122405323412750e+03
7.567500543846053915e+03
7.568878697776225636e+03
7.570256884991279549e+03
7.571635341207494093e+03
7.573013512533311768e+03
7.574391743921564739e+03
7.575769886259390660e+03
7.577148052329173879e+03
7.578526431604643221e+03
7.579904765867489914e+03
7.581283127647550828e+03
7.582661509439873043e+03
7.584039919584560266e+03
7.585418341709243577e+03
7.586796790544492069e+03
7.588175272748710995e+03
7.589553763954315400e+03
7.590932283429624476e+03
7.592310824254006548e+03
7.593689386578526864e+03
7.595067967738117659e+03
7.596446579823934371e+03
7.597825209858361632e+03
7.599203862989123081e+03
7.600582538147337800e+03
7.601961239628473777e+03
7.603339962581246255e+03
7.604718701749622596e+03
7.606097475410003426e+03
7.607476262201916143e+03
7.608855074949057780e+03
7.610233911194427492e+03
7.611612761010283975e+03
7.612991646438330463e+03
7.614563641560821452e+03
7.615749470487531653e+03
7.617128424759921472e+03
7.618507395133901809e+03
7.619886388401839213e+03
7.621265400863989271e+03
7.622644442185865046e+03
7.624023501598873736e+03
7.625210613481207474e+03
7.626125631230606814e+03
7.627504755964932883e+03
7.628883893739578525e+03
7.629974675063210270e+03
7.631281980815690986e+03
7.632661181808102810e+03
7.634040412139100226e+03
7.635419657947461928e+03
7.636798978052873281e+03
7.638178271481922820e+03
7.639557594446228904e+03
7.640936923504571496e+03
7.642316292957978476e+03
7.643695631821501593e+03
7.645075041262375635e+03
7.646454472830465420e+03
7.647833924008918075e+03
7.649213405440915267e+03
7.650592904117491344e+03
7.651972429835274852e+03
7.653351965988164011e+03
7.654731535988881660e+03
7.656111125015641846e+03
7.657490742642746227e+03
7.658870378409438672e+03
7.660250035394084080e+03
7.661629720736797935e+03
7.663009426983929188e+03
7.664389153918852571e+03
7.665768902798570707e+03
7.667148678052514697e+03
7.668528469376695284e+03
7.669908292507857368e+03
7.671288131523985612e+03
7.672667995075867111e+03
7.674047881878000226e+03
7.675427797166465098e+03
7.676807728362696253e+03
7.678187688316042113e+03
7.679567666314912458e+03
7.680947666443847993e+03
7.682327688078625215e+03
7.683707736101880982e+03
7.685087811086534202e+03
7.686467900784660742e+03
7.687848018253683222e+03
7.689228158277472176e+03
7.690608320092137546e+03
7.691988504319051572e+03
7.693368712765332930e+03
7.694748944116975508e+03
7.695959399920022406e+03
7.697146363066894082e+03
7.698526650664362933e+03
7.699906973554781871e+03
7.701287311740144105e+03
7.702667679680240326e+03
7.704048058263520943e+03
7.705428471030966648e+03
7.706808898192647575e+03
7.708189355243028331e+03
7.709569823116164116e+03
7.710950334149199989e+03
7.712330854468653342e+03
7.713711406714804980e+03
7.715091972976092620e+03
7.716472566976924099e+03
7.717853184629903808e+03
7.719233822463315846e+03
7.720614487369287417e+03
7.721995168536468555e+03
7.723375879888786585e+03
7.724756604828691707e+03
7.726137365033044262e+03
7.727518137542331715e+03
7.728898936819190567e+03
7.730279761543917630e+03
7.731660608888968454e+03
7.733041480479040729e+03
7.734422367509422656e+03
7.735803288265068659e+03
7.737184222719462923e+03
7.738565187940464966e+03
7.739946168473510625e+03
7.741327183509964925e+03
7.742708208132121399e+03
7.744089265704250465e+03
7.745470340709078300e+03
7.746851437062977311e+03
7.748232562895128467e+03
7.749613714380369856e+03
7.750909018706413917e+03
7.751842492053216120e+03
7.753100309754068803e+03
7.754192520036805035e+03
7.755501984189704672e+03
7.756883182423427570e+03
7.758264464323281572e+03
7.759645779791627319e+03
7.761027118621387672e+03
7.762408478535138784e+03
7.763789863976565357e+03
7.765171276399343697e+03
7.766552708902788254e+03
7.767934161837496504e+03
7.769315635385887617e+03
7.770697134302334234e+03
7.772078662146916940e+03
7.773460204858890393e+03
7.774841779320837304e+03
7.776223370924749361e+03
7.777604988669162594e+03
7.778986626317523587e+03
7.780368292409459173e+03
7.781749975985402671e+03
7.783131689763584291e+03
7.784513456811833748e+03
7.785896561275403656e+03
7.787348824318481093e+03
7.788660094887342893e+03
7.790040820157888447e+03
7.791422345764949569e+03
7.792804307360536768e+03
7.794186207525522150e+03
7.795568125217270790e+03
7.796950071164471410e+03
7.798332035812776667e+03
7.799714037278966316e+03
7.801096042861050591e+03
7.802478076433509159e+03
7.803860139432912547e+03
7.805242217111584068e+03
7.806624330450901653e+03
7.808006453350270021e+03
7.809388611288909487e+03
7.810770785582821190e+03
7.812152984418188680e+03
7.813365204243652443e+03
7.814553819712731638e+03
7.815936080685584784e+03
7.817318366638846783e+03
7.818700676061836930e+03
7.820083015518895081e+03
7.821465374383940798e+03
7.822847755128223071e+03
7.824230158752210627e+03
7.825612589656835553e+03
7.826846929398721841e+03
7.829939125828590477e+03
7.831142629976990975e+03
7.832525079314785216e+03
7.833907646824968651e+03
7.835290232434828795e+03
7.836672859901985248e+03
7.838055508427476525e+03
7.839438178304891153e+03
7.840820882135596548e+03
7.842203559418201621e+03
7.843586292980839062e+03
7.844969053581833577e+03
7.846351828115306489e+03
7.847734638813935817e+03
7.849117459132473414e+03
7.850500310035196890e+03
7.851883187001457372e+03
7.853266086200399513e+03
7.854649005468608266e+03
7.856031951165201463e+03
7.857414922882579049e+03
7.858797915666844347e+03
7.860180929851487235e+03
7.861477973979371200e+03
7.862412648558898582e+03
7.863672166949532766e+03
7.865055271874856771e+03
7.866148988359344912e+03
7.867460240073245586e+03
7.868843407147458493e+03
7.870226591694276976e+03
7.871609803738355367e+03
7.872993040326743539e+03
7.874376297115513808e+03
7.875759581988717400e+03
7.877142885776800540e+03
7.878526207678814899e+03
7.879909062207174429e+03
7.881292441329831490e+03
7.882675844135993430e+03
7.884059278523959620e+03
7.885442921517156719e+03
7.886826694822353602e+03
7.888210186473717840e+03
7.889593707215687573e+03
7.890977247436902871e+03
7.892360815312149498e+03
7.893744411388694971e+03
7.895128030068462976e+03
7.896511665132004055e+03
7.897895327658604401e+03
7.899279013948517786e+03
7.900662722248783211e+03
7.902046457134200864e+03
7.903430201180621225e+03
7.904813995903298746e+03
7.906197795802197106e+03
7.907581627422568090e+03
7.908965478439526123e+03
7.910349349343329777e+03
7.911733255711107631e+03
7.913117177231308233e+03
7.914501125239750763e+03
7.915885098684657351e+03
7.917269095476728580e+03
7.918482902875225591e+03
7.919673047533400677e+03
7.921057107580290904e+03
7.922441196714935359e+03
7.923825300192508621e+03
7.925209436089885457e+03
7.926593593387641704e+03
7.927977769429257023e+03
7.929361974076916340e+03
7.930746201818059490e+03
7.932130454767638184e+03
7.933514728607384313e+03
7.934899033498771132e+03
7.936283355024762386e+03
7.937667699362050371e+03
7.939052071076888751e+03
7.940436469288516491e+03
7.941820886255406549e+03
7.943205332894369349e+03
7.944589799648205371e+03
7.945974287320713302e+03
7.947358804844865517e+03
7.948743343190777523e+03
7.950127908332767220e+03
7.951512496687952989e+03
7.952897108512867817e+03
7.954281742416540510e+03
7.955666442262907367e+03
7.957051124072303537e+03
7.958435834781330414e+03
7.959820536959278797e+03
7.961205287698525353e+03
7.962503971848034780e+03
7.963439807042640496e+03
7.964700915625141533e+03
7.965795944251700348e+03
7.967108870362022571e+03
7.968493754568600707e+03
7.969878664317106086e+03
7.971263596762895759e+03
7.972648547114540634e+03
7.974033625438054514e+03
7.975418624818457829e+03
7.976803642061962819e+03
7.978188698779873448e+03
7.979573676717143826e+03
7.980958781392081619e+03
7.982343902499247633e+03
7.983729049781119102e+03
7.985114222844345932e+03
7.986499423134052449e+03
7.987884642877353144e+03
7.989269891295107300e+03
7.990655154355077684e+03
7.992040457505126142e+03
7.993425765044703439e+03
7.994811112782673263e+03
7.996196472474983238e+03
7.997581860927258276e+03
7.998967279362295812e+03
8.000352714930747425e+03
8.001738176881977779e+03
8.003123671321421170e+03
8.004509180078138343e+03
8.005894720091722775e+03
8.007280271033522695e+03
8.008665861010775188e+03
8.010051464843548274e+03
8.011437098904211780e+03
8.012822752811816827e+03
8.014038030487170545e+03
8.015229591707671716e+03
8.016615313447749031e+03
8.018001063924987648e+03
8.019386849022497699e+03
8.020772636018335106e+03
8.022158460387874584e+03
8.023544304456139798e+03
8.024930177825932333e+03
8.026316071795158678e+03
8.027701987503952296e+03
8.029087930590295400e+03
8.030473898280802132e+03
8.031859894349327078e+03
8.033245901964594850e+03
8.034631935828672795e+03
8.036018008103979810e+03
8.037404096027670676e+03
8.038790209085690549e+03
8.040176355561135097e+03
8.041562520629371647e+03
8.042948707172092327e+03
8.044334916357942348e+03
8.045721154124185887e+03
8.047107416352076143e+03
8.048493697198409791e+03
8.049880003637975278e+03
8.051266340675977517e+03
8.052652699125759682e+03
8.054039075096602573e+03
8.055339307754029505e+03
8.056276242968693623e+03
8.057538815239272481e+03
8.058635111006153238e+03
8.059949608638831705e+03
8.061336124664147064e+03
8.062722667268914847e+03
8.064109221742512091e+03
8.065495807817866080e+03
8.066882423850329360e+03
8.068269059581517467e+03
8.069655720270308848e+03
8.071042405087259795e+03
8.072429110409580062e+03
8.073815848810135321e+03
8.075202608163564037e+03
8.076589386608593486e+03
8.077976194891018167e+03
8.079363021817537629e+03
8.080749878926343627e+03
8.082136766106273171e+03
8.083523665545528274e+03
8.084910599069190539e+03
8.086297557447847794e+03
8.087684531463487474e+03
8.089071540672318406e+03
8.090458565253050438e+03
8.091845624744787528e+03
8.093232701888702650e+03
8.094619814120343108e+03
8.096006943835991478e+03
8.097394093486940619e+03
8.098781275056034247e+03
8.100168472638358253e+03
8.101555705567790937e+03
8.102772374445647984e+03
8.103965277116352809e+03
8.105352569649314319e+03
8.106739891617773537e+03
8.108127235089222268e+03
8.109514599607606215e+03
8.110901993929181117e+03
8.112289420211656761e+03
8.113676862820898350e+03
8.115064329561148952e+03
8.116451825708390970e+03
8.117839341468846214e+03
8.119226892989709086e+03
8.120614456310993774e+03
8.122002051997927083e+03
8.123389672827740469e+03
8.124777310337762174e+03
8.126164980572576496e+03
8.127552676500387861e+03
8.128940392756845540e+03
8.130328129752403584e+03
8.131715896927397807e+03
8.133103694341684786e+03
8.134491507364449717e+03
8.135879361303896076e+03
8.137267226881293936e+03
8.138655118388266601e+03
8.140043029628165641e+03
8.141344720140343270e+03
8.142282666706065356e+03
8.143546651878666125e+03
8.144644130680915623e+03
8.145960111825770582e+03
8.147348164288781845e+03
8.148736234458127001e+03
8.150124337682905207e+03
8.151512460894290598e+03
8.152900611845218918e+03
8.154288782457813795e+03
8.155676984047941914e+03
8.157065205886909098e+03
8.158453457226930368e+03
8.159841740713123727e+03
8.161230034283833447e+03
8.162618365553183139e+03
8.164006709030555612e+03
8.165395085680222110e+03
8.166783487532626168e+03
8.168171914328385355e+03
8.169560364636626218e+03
8.170948843559465786e+03
8.172337341488393577e+03
8.173725861983491086e+03
8.175114411301258770e+03
8.176502989786591570e+03
8.177891597419536083e+03
8.179280220159300370e+03
8.180668873380638615e+03
8.182057547711617190e+03
8.183446257398255511e+03
8.184834985378398414e+03
8.186052979425137892e+03
8.187247158099028638e+03
8.188635958822784232e+03
8.190024780838605693e+03
8.191413628097068795e+03
8.192802504657060126e+03
8.194191398886332536e+03
8.195580323922114985e+03
8.196969275010034835e+03
8.198358244000963168e+03
8.199747246754208390e+03
8.201136266207615336e+03
8.202525317650426587e+03
8.203914395399056957e+03
8.205303495702453802e+03
8.206692620798137796e+03
8.208081773108900961e+03
8.209470949123118771e+03
8.210860156231732617e+03
8.212249381901781817e+03
8.213638633891903737e+03
8.215027911101862628e+03
8.216417210116949718e+03
8.217806541446378105e+03
8.219195895669763559e+03
8.220585278579008445e+03
8.221888339142486075e+03
8.222827284424864047e+03
8.223801732333589825e+03
8.225119102579774335e+03
8.226508593280452260e+03
8.227898108827575925e+03
8.229287641696233550e+03
8.230677199682118953e+03
8.232066799123398596e+03
8.233456427410152173e+03
8.234846069472616364e+03
8.236235732379640467e+03
8.237625428327846748e+03
8.239015140651274123e+03
8.240404891898991991e+03
8.241794657495338470e+03
8.243184450905335325e+03
8.244574275079086874e+03
8.245964119718306392e+03
8.247353989044348054e+03
8.248743890077610558e+03
8.250133812930251224e+03
8.251523760444062646e+03
8.252913733807639801e+03
8.254303736472746095e+03
8.255693759335385039e+03
8.257083808235911420e+03
8.258473890679277247e+03
8.259863988044191501e+03
8.261254115696854569e+03
8.262644271254381238e+03
8.263863525883243710e+03
8.265058922149059072e+03
8.266449148953766780e+03
8.267839398606829491e+03
8.269229680899172308e+03
8.270619976722095089e+03
8.272010306295933333e+03
8.273400665464889244e+03
8.274791037716920982e+03
8.276181438426778186e+03
8.277571875307494338e+03
8.278962327428997014e+03
8.280352810399766895e+03
8.281743320209368903e+03
8.283133855672062055e+03
8.284524413310426098e+03
8.285914995652718062e+03
8.287305605885618206e+03
8.288696251140687309e+03
8.290086904439425780e+03
8.291477597788341882e+03
8.292868311622671172e+03
8.294259051264012669e+03
8.295649814375081405e+03
8.297040609013796711e+03
8.298238141932884901e+03
8.299160630359272545e+03
8.300260294405705281e+03
8.301579053124753045e+03
8.302969956997178087e+03
8.304360879556455984e+03
8.305751846484177804e+03
8.307142815247521867e+03
8.308533820096212366e+03
8.309924852473521241e+03
8.311315915714343646e+03
8.312707000646281813e+03
8.314098105969576864e+03
8.315489247503634033e+03
8.316880409964913270e+03
8.318271593721106910e+03
8.319662818374026756e+03
8.321054049722404670e+03
8.322445320120486940e+03
8.323836615718453686e+03
8.325227929444605252e+03
8.326619274162540023e+03
8.328010649781048414e+03
8.329402040312552344e+03
8.330793467291397974e+03
8.332184917352324192e+03
8.333576395643051001e+03
8.334967890933225135e+03
8.336359425552438552e+03
8.337579904299018381e+03
8.338776462047713721e+03
8.340168057726981715e+03
8.341559680119667973e+03
8.342951339370145433e+03
8.344343022318378644e+03
8.345734728180521415e+03
8.347126457099091567e+03
8.348518218346256617e+03
8.349910001127766009e+03
8.351301807755247864e+03
8.352693635572182757e+03
8.354085504094869975e+03
8.355477391982793051e+03
8.356869303195073371e+03
8.358261246878466409e+03
8.359653216742264703e+03
8.361045203517149275e+03
8.362437225553630924e+03
8.363829265835162005e+03
8.365221345542642666e+03
8.366613441822019013e+03
8.368005570558256295e+03
8.369397719757109371e+03
8.370596470477143157e+03
8.371519807558783214e+03
8.372620499288497740e+03
8.373940597317818174e+03
8.375332856685292427e+03
8.376725151565195119e+03
8.378117460779474641e+03
8.379509804385997995e+03
8.380902175076484127e+03
8.382294574261852176e+03
8.383686991162103368e+03
8.385079448152437180e+03
8.386471921697562721e+03
8.387864423882940173e+03
8.389256949019281819e+03
8.390649502168798790e+03
8.392042069344854099e+03
8.393434673011006453e+03
8.394827303701265919e+03
8.396219958941530422e+03
8.397612670604343293e+03
8.399005327016100637e+03
8.400398000971721558e+03
8.401790772503143671e+03
8.403183572897149133e+03
8.404576513630658155e+03
8.405969364720867816e+03
8.407362225659015166e+03
8.408583920583903819e+03
8.409781608098059223e+03
8.411174557128919332e+03
8.412567527049943237e+03
8.413903107521235142e+03
8.415353555292544115e+03
8.416746609637890288e+03
8.418139692894270411e+03
8.419532797995681904e+03
8.420925932110738358e+03
8.422319088230444322e+03
8.423712275484453130e+03
8.425105488465658709e+03
8.426498723360307849e+03
8.427891988149356621e+03
8.429285289385747092e+03
8.430678612692345268e+03
8.432071958622120292e+03
8.433465333257701786e+03
8.434858728207678723e+03
8.436252168894270653e+03
8.437645610638337530e+03
8.438845545216097889e+03
8.439769687301313752e+03
8.440871347343094385e+03
8.442192750536987660e+03
8.443586309817814254e+03
8.444979908396326209e+03
8.446373530527223920e+03
8.447767180272248879e+03
8.449160850653761372e+03
8.450554556154353122e+03
8.451948288422519909e+03
8.453342044154713221e+03
8.454735829650191590e+03
8.456129637580723283e+03
8.457523478387114665e+03
8.458917414149847900e+03
8.460311351779553661e+03
8.461705286439204428e+03
8.463099278490517463e+03
8.464493256364223271e+03
8.465887175919902802e+03
8.467281163704252322e+03
8.468675221532941578e+03
8.469897899533014424e+03
8.471463353157938400e+03
8.472857475116501519e+03
8.474251640314774704e+03
8.475474489260670452e+03
8.476673255801186315e+03
8.478067498246615287e+03
8.479461756135204269e+03
8.480856050858781600e+03
8.482250368635934137e+03
8.483644710900391146e+03
8.485039083398434741e+03
8.486433480389481701e+03
8.487827909523850394e+03
8.489222354625844673e+03
8.490616832161893399e+03
8.492011344902535711e+03
8.493405879676331097e+03
8.494800443096079107e+03
8.496195032288629591e+03
8.497589647804103151e+03
8.498984293396400972e+03
8.500378962486925957e+03
8.501773662800114835e+03
8.503168385140756072e+03
8.504476559578408342e+03
8.505419069866957216e+03
8.506396987358795741e+03
8.507719670248186958e+03
8.509114511741734532e+03
8.510509382531108713e+03
8.511904280626775289e+03
8.513299201408324734e+03
8.514694155174047410e+03
8.516089128310703018e+03
8.517484139619156849e+03
8.518879171618254986e+03
8.520274235119346486e+03
8.521669320157636321e+03
8.523064439052299349e+03
8.524459580270853621e+03
8.525854748624678905e+03
8.527249945436331473e+03
8.528645168268767520e+03
8.530040421668287308e+03
8.531435700256291966e+03
8.532831015676432799e+03
8.534226345493660119e+03
8.535621708360617049e+03
8.537017100571858464e+03
8.538412521882257352e+03
8.539636793821762694e+03
8.540836753630455860e+03
8.542232228552962624e+03
8.543627733643503234e+03
8.545022885260110343e+03
8.546418456011162561e+03
8.547814066470347825e+03
8.549209690545623744e+03
8.550605351361824432e+03
8.552001035787421642e+03
8.553396749129751697e+03
8.554792490385492783e+03
8.556188263357005781e+03
8.557584057746000326e+03
8.558979882160509078e+03
8.560375739710263588e+03
8.561771616055179038e+03
8.563167524477861662e+03
8.564563452197367951e+03
8.565959418635937254e+03
8.567268793768767864e+03
8.568212123856999824e+03
8.569190784257263658e+03
8.570514741363085705e+03
8.571910826019648084e+03
8.573306934442372949e+03
8.574703068888735288e+03
8.576099240172932696e+03
8.577495427786750952e+03
8.578891647769063638e+03
8.580287894379287536e+03
8.581684172676777962e+03
8.583080474241622142e+03
8.584476804643391006e+03
8.585873160512976028e+03
8.587269555942477382e+03
8.588665970899681270e+03
8.590062413878611551e+03
8.591458879033212725e+03
8.592855382673151325e+03
8.594251905974757392e+03
8.595648466285225368e+03
8.597045049367081447e+03
8.598441657859750194e+03
8.599838297364156460e+03
8.601063389016328074e+03
8.602264223604443032e+03
8.603660935900918048e+03
8.605057681629070430e+03
8.606454450829800408e+03
8.607851255588564527e+03
8.609248073493112315e+03
8.610644933500083425e+03
8.612041813336891209e+03
8.613438729532681464e+03
8.614835668257584985e+03
8.616232639405143345e+03
8.617629630579214790e+03
8.619026655276176825e+03
8.620423713122630943e+03
8.621820789901064927e+03
8.623217897443253605e+03
8.624615038884581736e+03
8.626012202467372845e+03
8.627409391962637528e+03
8.628612810743799855e+03
8.629539174594068754e+03
8.630643483378775272e+03
8.631968732904364515e+03
8.633366046061779343e+03
8.634763388594827120e+03
8.636160703824438315e+03
8.637558098521623833e+03
8.638955521092317213e+03
8.640352971949818311e+03
8.641750456592440969e+03
8.643148029752472212e+03
8.644545573850406072e+03
8.645943141537782139e+03
8.647340737549018741e+03
8.648738358164420788e+03
8.650136008964958819e+03
8.651533692014281769e+03
8.652931403333308481e+03
8.654329138620876620e+03
8.655726905726827681e+03
8.657124697054994613e+03
8.658522523681815073e+03
8.659920373704253507e+03
8.661146578712330665e+03
8.662348408041405492e+03
8.663746333971337663e+03
8.665144294669758892e+03
8.666542280764741008e+03
8.667940293288107569e+03
8.669338338265481070e+03
8.670736411655079792e+03
8.672134511438856862e+03
8.673532639512293827e+03
8.674930800133801313e+03
8.676328985764221216e+03
8.677727194952727586e+03
8.679125440317793618e+03
8.680523713755892459e+03
8.681922020648471516e+03
8.683320343788007449e+03
8.684718702271800794e+03
8.686117091972555500e+03
8.687321667868593067e+03
8.687955348902620244e+03
8.689281844194889345e+03
8.690680324379793092e+03
8.692078830397360434e+03
8.693477374390053228e+03
8.694875941690002946e+03
8.696274532907184039e+03
8.697673154206890104e+03
8.699071805076058808e+03
8.700470483838686050e+03
8.701869195856270380e+03
8.703267933583952981e+03
8.704666703799848619e+03
8.706065497342953677e+03
8.707464320994236914e+03
8.708863175999298619e+03
8.710262059017533829e+03
8.711660968358690297e+03
8.713059912941491348e+03
8.714458877009241405e+03
8.715857878684420939e+03
8.717256899833146235e+03
8.718484193461412360e+03
8.719686977940613360e+03
8.721086080415338074e+03
8.722485216678031065e+03
8.723884375635159813e+03
8.725283574092345589e+03
8.726682800052494713e+03
8.728082043875747331e+03
8.729481324286007293e+03
8.730880629941757434e+03
8.732279970588324431e+03
8.733679339729773346e+03
8.735078726417936196e+03
8.736478156060773472e+03
8.737877607799473481e+03
8.739277093551321741e+03
8.740676605175734949e+03
8.742076147130654135e+03
8.743281869812593868e+03
8.744209506219045579e+03
8.745315363026185878e+03
8.746643157397265895e+03
8.748042818014828299e+03
8.749442514287338781e+03
8.750842230654769082e+03
8.752241987699449965e+03
8.753641762969225965e+03
8.755041580791777960e+03
8.756441414074593922e+03
8.757841282698815121e+03
8.759241180045948568e+03
8.760641108738307594e+03
8.762041066977324590e+03
8.763441054688895747e+03
8.764841068278732564e+03
8.766241115528273440e+03
8.767641185748732823e+03
8.769041291741001260e+03
8.770441421972591343e+03
8.771841584837759001e+03
8.773069930969108100e+03
8.774273634647461222e+03
8.775673871823933951e+03
8.777074143164622001e+03
8.778474446055763110e+03
8.779874774930631247e+03
8.781275140230040051e+03
8.782675528962119643e+03
8.784075947269364406e+03
8.785476395619227333e+03
8.786876870021227660e+03
8.788277370939975299e+03
8.789677906846685801e+03
8.791078475783175236e+03
8.792479069283925128e+03
8.793879698784508946e+03
8.795280350620389072e+03
8.796681035856589006e+03
8.797887924721029776e+03
8.798816137738989710e+03
8.799922706667908642e+03
8.801251769107766449e+03
8.802652578681645537e+03
8.804053417568457007e+03
8.805454288863673355e+03
8.806855184594884122e+03
8.808256118888388301e+03
8.809657073285365186e+03
8.811058060335877599e+03
8.812459078221401796e+03
8.813860122338637666e+03
8.815261200144082977e+03
8.816662304500476239e+03
8.818063439193074373e+03
8.819464610700706544e+03
8.820865801667632695e+03
8.822267029170261594e+03
8.823668279703664666e+03
8.825069563346656651e+03
8.826298967194255965e+03
8.827503567719477360e+03
8.828904933808651549e+03
8.830306329755172555e+03
8.831707754763796402e+03
8.833109209929050849e+03
8.834510700190585339e+03
8.835912205975088000e+03
8.837313755478158782e+03
8.838715330674223878e+03
8.840116934635956568e+03
8.841518569464054963e+03
8.842920238157084896e+03
8.844321930066162167e+03
8.845723650766556602e+03
8.847125401047815103e+03
8.848527188269523322e+03
8.849929002717712137e+03
8.851137063610334735e+03
8.851771204747476077e+03
8.853101523385621476e+03
8.854503436538352616e+03
8.855905379425863430e+03
8.857307352698036993e+03
8.858709356232304344e+03
8.860111382768844123e+03
8.861513448910904117e+03
8.862915538964496591e+03
8.864317658020328963e+03
8.865719808740632288e+03
8.867121990649391591e+03
8.868524207916656451e+03
8.869926454505404763e+03
8.871328726479312536e+03
8.872731031368986805e+03
8.874133366076101083e+03
8.875535733747437916e+03
8.876938119162161456e+03
8.878340541785268215e+03
8.879571028419670256e+03
8.880776518627064434e+03
8.882179024577109885e+03
8.883581560116568653e+03
8.884984127522868221e+03
8.886386732744673282e+03
8.887789364990583636e+03
8.889192020877240793e+03
8.890535663011725774e+03
8.891938374554641996e+03
8.893341115484990951e+03
8.894802956368303057e+03
8.896205762556421178e+03
8.897608604402328638e+03
8.899011477034799100e+03
