1.014905703475730725e+00
6.796148396689454252e-01
6.712776380870730808e-01
6.412662377745731446e-01
6.344603949629697981e-01
6.440889385043127024e-01
6.589101644727652918e-01
6.338582805721805213e-01
6.520874568752546008e-01
6.454878205489391618e-01
6.428924986618796966e-01
6.328871842999976849e-01
6.328131861622929843e-01
6.515150998691363604e-01
6.628369380705426694e-01
6.889322461196565328e-01
6.732457679641624670e-01
6.687053816299527442e-01
6.883174215986627154e-01
7.038428851048952328e-01
7.160973527373926117e-01
7.076963035458323503e-01
7.216203411496810993e-01
6.750541973258038508e-01
7.275334621332875118e-01
7.023532991190903907e-01
6.798326375761393203e-01
6.909307349714666202e-01
7.075849598245611549e-01
7.040932186089040590e-01
6.816533772487967102e-01
6.767405320840655936e-01
6.754093202461736167e-01
6.679243639081698936e-01
6.822963205213461446e-01
6.892330902008277915e-01
6.824156530374899665e-01
6.829067906890154971e-01
6.595865350322628329e-01
6.707308718204457731e-01
6.647595901752375580e-01
6.377310440440369099e-01
6.474707469973967067e-01
6.141184080577901661e-01
6.224088929032702833e-01
6.278780502586217560e-01
6.350280975773653358e-01
6.352226254243138470e-01
6.522036431190217920e-01
6.378232203033539216e-01
6.466332922274969919e-01
6.415608320258153752e-01
6.402063560007315024e-01
6.536029515625016995e-01
6.467133817653593075e-01
6.541313123388062811e-01
6.567023134831249109e-01
7.059767476770497652e-01
7.222148956098778383e-01
7.143908917927739299e-01
6.989887484113973537e-01
6.945381209879947226e-01
7.122954821160949468e-01
6.903919414849000180e-01
6.940518509877949827e-01
6.901449305112026256e-01
6.823192975672912608e-01
6.989831837396511816e-01
7.051457906299315459e-01
6.938130453266755371e-01
6.867241927174367877e-01
6.862935543244692571e-01
6.822100575772336306e-01
7.095513856924005047e-01
6.887633793772691693e-01
7.117852434395122163e-01
6.833292848571866918e-01
6.577606094835978245e-01
6.279486705121383183e-01
6.523965604665161733e-01
6.453701992840098489e-01
6.420689413825344527e-01
6.335686697610393159e-01
6.358521991007844987e-01
6.442339555513170168e-01
6.444922658256384551e-01
6.056841436818183322e-01
6.481729700116590775e-01
6.528014461841260552e-01
6.386974785390496789e-01
6.721643715931502339e-01
6.517603228868086296e-01
6.578742034083349122e-01
6.865433518289538739e-01
6.630953897669763508e-01
6.918096133344336929e-01
7.002217010540144893e-01
6.869116008213862479e-01
6.925686636779750938e-01
7.177437957358819842e-01
7.105516047360508347e-01
7.273523143613692676e-01
7.288837641211020069e-01
7.287492949279644749e-01
7.343823900155702633e-01
7.438675227498078302e-01
7.369829942737496919e-01
7.478793334834095141e-01
7.299228748784281073e-01
7.269061553173503665e-01
7.307007920358189468e-01
7.084601030760809826e-01
6.812990832730596580e-01
6.746190775054421440e-01
6.864887135040766974e-01
6.830102868575658182e-01
6.840716263564188271e-01
6.790486304788233562e-01
6.747720253136727520e-01
6.155834761258714982e-01
6.492321479142587615e-01
6.545639219027510336e-01
6.344149609479386998e-01
6.320584976774591413e-01
5.895810604588350712e-01
5.984488849953448764e-01
5.816612369018145934e-01
5.702929311816149482e-01
6.094549581464244747e-01
6.515060411776995020e-01
6.290515262556077847e-01
6.023899879484970743e-01
6.285030212346103262e-01
6.365813719289751260e-01
6.233114354251173550e-01
6.505083042762399570e-01
6.333604023125597449e-01
6.289487356752249125e-01
6.243192067579697024e-01
6.551853402485126043e-01
6.601773345231919388e-01
6.546216244026813458e-01
6.872340562898709981e-01
6.772287097926803501e-01
7.303363201655753700e-01
6.951002257467088219e-01
6.859288495804951591e-01
7.036362873753748692e-01
6.799213242611047425e-01
7.011237127004621428e-01
6.763126135173751496e-01
7.065163432777246122e-01
6.710182909910142879e-01
6.987285787922595803e-01
6.586447152435039865e-01
6.710052456909524343e-01
6.721849645115381966e-01
6.638669907783785185e-01
6.558874204702075383e-01
6.426088457323081427e-01
6.368404114514050196e-01
6.443540879289273438e-01
6.293091333054426917e-01
6.355906464035319114e-01
6.521640560631046801e-01
6.171411565459459236e-01
6.194450625166177948e-01
6.201473655112675898e-01
6.069321890541338194e-01
6.044159923660347156e-01
5.845347741158938293e-01
5.974549011001847321e-01
6.124672862130630113e-01
6.050451002331583839e-01
6.030126083285521910e-01
6.051755888980404618e-01
6.015924391645381952e-01
6.513055536527843081e-01
6.861767673937970713e-01
7.439992338326546495e-01
7.653522138135060437e-01
7.774712634131245581e-01
7.603734662513162990e-01
7.453274143354715608e-01
7.064040876957498050e-01
7.049707980932353735e-01
6.580800403243720620e-01
6.785407468137683029e-01
6.729624462747800795e-01
6.876812603581833327e-01
6.833398919949482675e-01
6.812500735929004625e-01
6.739410100743730148e-01
6.860172300860741812e-01
7.341880606678591326e-01
6.986282034267006225e-01
7.131315769771898738e-01
6.912120327288289179e-01
7.058566521793471216e-01
6.919884589138762809e-01
6.728290363730173862e-01
6.814129303215319400e-01
6.733199135203560282e-01
6.520487102803985691e-01
6.368218502700636607e-01
6.152976248885033694e-01
6.093776443454855807e-01
6.142963294859939971e-01
6.428646864173568343e-01
6.513225763835723825e-01
6.614569174052514766e-01
6.315134452678383692e-01
6.317743792820842419e-01
6.169985173021192981e-01
6.238927852685375308e-01
6.332496080201501787e-01
6.151260830564300175e-01
6.279700025050883871e-01
6.469330981674252801e-01
6.257970290503588329e-01
6.237907614707415282e-01
6.429257493752807973e-01
6.383819423292326212e-01
6.529429569974259939e-01
6.405756500605404025e-01
6.588337017278683705e-01
6.477532094403820606e-01
6.421288257134198929e-01
6.642712174935643255e-01
6.737750428992861362e-01
7.017597207742600762e-01
7.250795066036391789e-01
7.244987148627146656e-01
7.274475681258594228e-01
7.284025764639393552e-01
7.391891299836673701e-01
7.462513242581182427e-01
7.523082282484180316e-01
7.691647291645989926e-01
7.185585336431501435e-01
7.307277273103024440e-01
7.364642322898024007e-01
7.071781082101934457e-01
7.277893611110580752e-01
7.142760258514487814e-01
6.850273320184353532e-01
7.106852760548676429e-01
6.859795142976430338e-01
7.027179643200884840e-01
6.697669749073618117e-01
6.595026934034833310e-01
6.407914985110091388e-01
6.276708841368459080e-01
6.135677883897070473e-01
6.096010137719116706e-01
6.064116457124516524e-01
6.121129546222224826e-01
5.998834087807226600e-01
6.010639473338714733e-01
6.242937567281807709e-01
5.922923940970614698e-01
6.105270894703989093e-01
6.273333260673408240e-01
6.247589427701302212e-01
6.274879258826142614e-01
6.301269375843936427e-01
6.349434288407168614e-01
6.607763223990315016e-01
6.602526166713493794e-01
6.569610093607216594e-01
6.457244079072290699e-01
6.552789558026284045e-01
6.400308662791512893e-01
6.353360699411833012e-01
6.753478790844935631e-01
6.950511906313037169e-01
7.004672644009858340e-01
7.290171623775655307e-01
7.103905728202829506e-01
6.834753007151936899e-01
7.122633797237962749e-01
7.140173304211416827e-01
7.143966547634963415e-01
7.013239424258451704e-01
6.759984651915666998e-01
6.957138858609964727e-01
6.866570005465885140e-01
6.847596964133998432e-01
6.773633989979173098e-01
6.823444058749879026e-01
7.016799599523720898e-01
6.776658421219459161e-01
6.545870868629469763e-01
6.541749293057091963e-01
6.641292958194664475e-01
6.420721130782509611e-01
6.537829312099563417e-01
6.617353952118403271e-01
6.392140053975718939e-01
6.336046027562129979e-01
6.294421556447418187e-01
6.271654021535597590e-01
6.208099517101688392e-01
6.372429167824836815e-01
6.212682258009430969e-01
6.058015584870289905e-01
6.203377618328685950e-01
6.112422153738602537e-01
6.129394388510841507e-01
6.168108350127303741e-01
6.091896657344675337e-01
6.132032967187250883e-01
6.140646991026222912e-01
6.137480941922781597e-01
6.261591652897655624e-01
6.193990716197462776e-01
6.254149924500045366e-01
6.368197528388369610e-01
6.005069803281789520e-01
6.144485338898351134e-01
6.312952426207369960e-01
6.534062745579062303e-01
6.652556991518938645e-01
6.895575183609179426e-01
6.892935884223159171e-01
6.722586346747854158e-01
6.602206183288144015e-01
6.749855423865990245e-01
6.855706814427277029e-01
7.094423814291751507e-01
7.307680514823359230e-01
7.128368447007868980e-01
6.987564921513936822e-01
6.856845237005294580e-01
7.003006758216945293e-01
7.022277858714132126e-01
7.084763826244819818e-01
7.152727066834622116e-01
7.047709990540778069e-01
6.944827224204100924e-01
6.819896764846973269e-01
6.489612492357784701e-01
7.049327592936005527e-01
6.835777083363192563e-01
6.700412207075365778e-01
6.786648441736231607e-01
6.837427303957321900e-01
6.461326562579098320e-01
6.663962722258376381e-01
6.661785782449239912e-01
6.565405802813277791e-01
6.694146111018199896e-01
6.398917871766310883e-01
6.507946571983715955e-01
6.580043353501682235e-01
6.344500026840730333e-01
6.432745027188175868e-01
6.077917171397062557e-01
6.262078578976673082e-01
6.125104580872307025e-01
6.111797876936962970e-01
6.178198862139534508e-01
6.188912024908368448e-01
6.151590559745203635e-01
6.014690768317109137e-01
6.167401374671432901e-01
6.114871553527601034e-01
6.283910224666090505e-01
6.145829110096592274e-01
6.340316506149804576e-01
6.348257007287777531e-01
6.266487147637190835e-01
6.307882475561056301e-01
6.167237213189660228e-01
6.117610484412714378e-01
6.254035967209564673e-01
6.366837634090795062e-01
6.593789196943369291e-01
6.119686420479961697e-01
6.212011383555489097e-01
6.809337447067737026e-01
6.859395452483204592e-01
6.654880772469642380e-01
7.055791454223203640e-01
6.838421687981687258e-01
6.603200770444510592e-01
6.379497387183533652e-01
6.343040414695235718e-01
6.577051346434804602e-01
6.881198300103766874e-01
7.262829480602661647e-01
7.400173924388205871e-01
7.141241196507377431e-01
6.763446575911327141e-01
6.839518265683425247e-01
6.715722643073740450e-01
6.730852818762471657e-01
8.787588301788289424e-01
1.175117310137619109e+00
1.150294632677747675e+00
1.026689174331469445e+00
9.017693662513168729e-01
7.405333278296400978e-01
6.789400027460359421e-01
6.630781932161056158e-01
6.513664591684336092e-01
6.476594540489136742e-01
6.379767135831134750e-01
6.398905594987062129e-01
6.452643234172386055e-01
6.364579111685081392e-01
6.369135373454656301e-01
6.217373475997750587e-01
6.199752372910507514e-01
6.330211159750689376e-01
6.428070412321069682e-01
6.414239447970437880e-01
6.296257401856386604e-01
6.278422103637373297e-01
6.466856646635432693e-01
6.426471851387156597e-01
5.846128100531402527e-01
5.878035882090764108e-01
5.849492462789938063e-01
6.076511696569875109e-01
6.373526524272579152e-01
6.347116336462778063e-01
6.019868723672501254e-01
6.170988168530781026e-01
6.244449829672827912e-01
6.524500385007422354e-01
6.623175794188521648e-01
6.551125458962295811e-01
6.056983396504670436e-01
6.124901926873841385e-01
6.155489626270930215e-01
6.105000907741449101e-01
6.198094874988154812e-01
6.106698118145952314e-01
6.675168627059185900e-01
6.664492387304526977e-01
6.446432065606771955e-01
6.377086846014591304e-01
6.731617819034010353e-01
7.164246601578898588e-01
7.722573713427016706e-01
7.421570659788506719e-01
7.112251009378447453e-01
6.953115004788985587e-01
6.709032684107173461e-01
6.853032687648655807e-01
6.744295326750970876e-01
6.755556341295803069e-01
6.835136041200867707e-01
6.979722796540220875e-01
7.011738907837602452e-01
6.845682786514438734e-01
6.908845516244370710e-01
6.944569279921620764e-01
7.089867146452732971e-01
7.231967179418926639e-01
7.306533538307269371e-01
7.162950777656311718e-01
6.767002449211363402e-01
6.928102651443972526e-01
6.746939523928628946e-01
6.639592390668073163e-01
6.537234887004635953e-01
6.634588776825702805e-01
6.687918911607177996e-01
6.632910497001621719e-01
6.414786027860314155e-01
6.493275280441778152e-01
6.348161077371581307e-01
6.336143429010566708e-01
6.205716114687216400e-01
6.362916903131563551e-01
6.161022743352643216e-01
6.296363805894599208e-01
6.342777991782625469e-01
6.434799911539291761e-01
6.253906310283052772e-01
6.350079018397996045e-01
6.406515884373275016e-01
6.403237327840809456e-01
6.486510699528275081e-01
6.574360084711446950e-01
6.491179162579928663e-01
6.605364974779619480e-01
6.738541536083845207e-01
6.922498526981281097e-01
6.977392048679498249e-01
6.790761738793189561e-01
6.697714863974507660e-01
6.740718994140846299e-01
6.809866744273893602e-01
6.909749495608747960e-01
6.784517987669694827e-01
6.778176194386063003e-01
7.121478957325827475e-01
7.082184850167966284e-01
6.865839232285294580e-01
6.850299386247611366e-01
6.987280618701858792e-01
7.334956299585768669e-01
7.668051964773746620e-01
7.407809014174181472e-01
7.342043071160793133e-01
7.459006919921834511e-01
7.554420714788314672e-01
7.265779088050052792e-01
7.480509598894022893e-01
7.237785292292581163e-01
7.209339415013223951e-01
7.461575432423956933e-01
7.294392793155396459e-01
7.460130445313951641e-01
7.410547758359765647e-01
7.075515838085191245e-01
7.240164324502410542e-01
7.407968413389981466e-01
7.299475898802633145e-01
7.359359796925892816e-01
7.173796781438098735e-01
7.150002597626604617e-01
7.171476076898789520e-01
7.179569165545193199e-01
7.126284039492629674e-01
7.100811156627819809e-01
6.706308641714561203e-01
6.709312910889935200e-01
6.711014763190444876e-01
6.621224186189271776e-01
6.829293946750421007e-01
6.788896175184760962e-01
6.722130021716693493e-01
6.535912069474936192e-01
6.413612421269206942e-01
6.456229784668764404e-01
6.549264832180635709e-01
6.793541683419692667e-01
6.601865152645541857e-01
6.608532823408740375e-01
6.453744889790781203e-01
6.410709898250205319e-01
6.557190639812149335e-01
6.358090365870863181e-01
6.346397296775946328e-01
6.421824336243436848e-01
6.591508070389221485e-01
6.613603767071701833e-01
6.422423456966835920e-01
6.365370479927898728e-01
6.559788427475916617e-01
6.532002126624741889e-01
6.611830962053365512e-01
6.593493492851921767e-01
6.537258200705272637e-01
6.522501930905970635e-01
6.517396391429676195e-01
6.903611215620176766e-01
6.902659765472781705e-01
7.033464515777980708e-01
7.036440953427681722e-01
6.706195585342147325e-01
6.857508616522761669e-01
6.841140712594502293e-01
6.926210761191426979e-01
6.877710919965297487e-01
6.885148435118134680e-01
6.908917590854333213e-01
7.031189304332118306e-01
6.995491375053515259e-01
7.287122471844614813e-01
7.259201681563329789e-01
6.983312393288219067e-01
7.297921543215096785e-01
7.270400766951105043e-01
7.187374851438892431e-01
7.275743199668287531e-01
7.248989035644737289e-01
7.378195890637326837e-01
7.370101436447906718e-01
7.072682743165521480e-01
7.388561704651668283e-01
7.321696491441614940e-01
7.424763505567626432e-01
7.366593223113455657e-01
7.434316015462713034e-01
7.237206861468657992e-01
7.440491747760393793e-01
7.337333055987276254e-01
7.266633642631556977e-01
7.124599652448272424e-01
7.040533234490939929e-01
7.008591273240313280e-01
6.969863915666782983e-01
6.896707628560838632e-01
6.818986151079244884e-01
7.010762655871329851e-01
7.057152395860840643e-01
7.051918461485732204e-01
6.973847480558192924e-01
6.917592502914357011e-01
6.857653655869330178e-01
6.714028853705361621e-01
6.818898915161980545e-01
6.853565766456622965e-01
7.128773036353450721e-01
6.930563392342075080e-01
6.802793466411959367e-01
6.735845336009207429e-01
6.893503170242181177e-01
6.755889753907023954e-01
6.711122677852253693e-01
6.944496302046977432e-01
6.868786973872575974e-01
6.888880307936769976e-01
6.791288018567156470e-01
6.711014143051262648e-01
6.684672578512472763e-01
6.534439398981689573e-01
6.726221643217062951e-01
6.834857714615540925e-01
6.858640118493420923e-01
6.675255661235585114e-01
7.034676529945493861e-01
7.096284470632148178e-01
7.132922147939070312e-01
6.886468363374225188e-01
7.162494663778535831e-01
6.927380922229628979e-01
7.229684195627971155e-01
7.280376385252927962e-01
7.247167284001131415e-01
7.213767973794097399e-01
7.445195145272089920e-01
7.352392720622260569e-01
7.612646595984853271e-01
7.582450945951935140e-01
8.058973670769266073e-01
7.662113418257958664e-01
7.630149876516180152e-01
7.883881993111470088e-01
7.873020703912898544e-01
7.762803286554510462e-01
7.816976498674074181e-01
7.866106860100477993e-01
8.142580232611938973e-01
7.800163163079815165e-01
7.905351621518820204e-01
7.977815962773626701e-01
7.886199814861483137e-01
8.013713405743010387e-01
7.924209859233544151e-01
7.949224779044140599e-01
7.823405304384928316e-01
8.116779186328839657e-01
8.016596338739937488e-01
7.652060857784991343e-01
7.953879684291301766e-01
7.669644437358872358e-01
7.460795972462220815e-01
7.717791132379470120e-01
7.634091016380427641e-01
7.816402455441062713e-01
7.559612058565161608e-01
7.569572031056599482e-01
7.338973911623712931e-01
7.517876254103563749e-01
7.748857563299806905e-01
7.406567963274546251e-01
7.621297387362052644e-01
7.887188172469653535e-01
7.987621304973322456e-01
8.207659864025067531e-01
7.863127459761036775e-01
7.486800541961521338e-01
7.270931384340645343e-01
7.385957454812647205e-01
7.419490329541571505e-01
7.306123526182903838e-01
7.124931296599460451e-01
7.269584058286384654e-01
7.140527766110114083e-01
7.305993994190265184e-01
7.207215838983354050e-01
7.234310918482803610e-01
7.218515018265387884e-01
7.164168461856122994e-01
7.756351454255767663e-01
8.142638064234154482e-01
7.744322540112147379e-01
7.333099451996384355e-01
7.362380305327164143e-01
7.325613272518570751e-01
7.482286511026482456e-01
7.583546822959486011e-01
7.605278216060252783e-01
7.855226141611616475e-01
8.636453235026821940e-01
8.726198803737852394e-01
7.892817186192135903e-01
7.971298568612417146e-01
7.947654329071330848e-01
8.029358139064096678e-01
8.189472377468642872e-01
8.852397031409128259e-01
8.275106930965008267e-01
8.216204342959896323e-01
8.168941460136805999e-01
8.282911685464452445e-01
8.744640821267700703e-01
9.689163005325843736e-01
9.173681845402118507e-01
8.781783009350540015e-01
8.678036141422560412e-01
8.306431355037010578e-01
8.549725189394943303e-01
8.448690031248665688e-01
8.377664132391431373e-01
7.958330722853703687e-01
8.360903392204235285e-01
8.635522665103483320e-01
8.086213006761975297e-01
8.155215949025275135e-01
8.393333932131468167e-01
8.936035703650104800e-01
9.019237627213139152e-01
8.795021266187525999e-01
8.196217601044822887e-01
8.279576531839132336e-01
7.744562338423853776e-01
8.133302819974593811e-01
8.201548015820395721e-01
8.189313107377568235e-01
8.087647012683873982e-01
8.118078278634031086e-01
7.916554877924533162e-01
7.819770793326886738e-01
7.923629979007557056e-01
8.018231539973922350e-01
7.731577110284786336e-01
7.699763862376723944e-01
7.738132749903642305e-01
8.207711832951054554e-01
8.029065513727416947e-01
7.631927197088810289e-01
7.594138861150256936e-01
7.549756501765582106e-01
7.644836874460335663e-01
7.630076967944212640e-01
7.658873791289784183e-01
7.585001216697715432e-01
7.420270374717941042e-01
7.618077137526654274e-01
7.336592991636398109e-01
7.483748849653251156e-01
7.528606575742526896e-01
7.661187212158240278e-01
7.618052591276349705e-01
7.487074559883548641e-01
7.634852427711866785e-01
7.557611061367414118e-01
7.967941758979864009e-01
7.934642016822719413e-01
7.753088142229938029e-01
7.823091735054512608e-01
8.045183181714161691e-01
7.852904338818534891e-01
7.774062027181796175e-01
7.831642377946193001e-01
7.974902039498980022e-01
7.893397284220455834e-01
7.928037485064584056e-01
7.875675505366831475e-01
7.852369876194997822e-01
7.997879099025010374e-01
8.027549613676946416e-01
8.004952747710213368e-01
8.208650397609821292e-01
8.589681423243458180e-01
8.365157465458435970e-01
8.318075751142344210e-01
8.367871499344535779e-01
8.477075753998044583e-01
8.701358035761291854e-01
8.980482048702786990e-01
8.507768782067313129e-01
8.887087061627046980e-01
9.043585057137061289e-01
8.938802010871633730e-01
9.093451193973579594e-01
9.213729722771967223e-01
9.037451484188039341e-01
8.865531186875555969e-01
8.973270111022150219e-01
9.053405424347086283e-01
8.821753561473021366e-01
8.796506498225099557e-01
8.746538801880439085e-01
8.863972615945890920e-01
8.914374715770013724e-01
8.814947545119768968e-01
8.965541842096687031e-01
9.035306127232676232e-01
8.874160654385563340e-01
8.922659088096678293e-01
8.841090313011412682e-01
8.728078354065621491e-01
8.736378756516437472e-01
8.865582601352836045e-01
8.829528531656818391e-01
8.500385474276493936e-01
8.279494208468146654e-01
8.276772475218472369e-01
8.743756553445092283e-01
8.711460035494860144e-01
8.658885621067203830e-01
8.628657865330904286e-01
8.217805636957202786e-01
8.216995318078674782e-01
8.103800460453117749e-01
8.227866976102415908e-01
8.122502169658332161e-01
8.352233529418998659e-01
8.375274500047623638e-01
8.092810522147878549e-01
8.017279285544166578e-01
7.952640325386924891e-01
7.999715763970937088e-01
7.897629398369417908e-01
7.921235491300742115e-01
7.964512407660501170e-01
7.902662229763384172e-01
8.145413807715552457e-01
8.130194345466531525e-01
8.106425699369039783e-01
7.971992247963316514e-01
7.544807678263978357e-01
7.895152087202742530e-01
8.050275221523144342e-01
7.959959610428788412e-01
7.985498801603635455e-01
7.953308298938014387e-01
7.930652827104218705e-01
7.991118935295247194e-01
7.962404373739563335e-01
7.777714494951358803e-01
7.947579793899899325e-01
8.058854075968007180e-01
7.955912338598335465e-01
8.096332200694174031e-01
7.961703861912051705e-01
8.031650009539207380e-01
8.047043948634418076e-01
8.291049016950768902e-01
8.174032699183694239e-01
8.228260157078922665e-01
8.275780317420624588e-01
8.241628274138661503e-01
8.246409125117106775e-01
8.485596351926746328e-01
8.277407379121246578e-01
8.505990318388632065e-01
8.548610828051848021e-01
8.631555056732023168e-01
8.576266595330703790e-01
8.642844051287099649e-01
8.589497443426319379e-01
8.998750276552665017e-01
8.817447895508080391e-01
8.771995206642881904e-01
9.555348476112994760e-01
9.574980254562889259e-01
1.033546029471980932e+00
9.870389291562912115e-01
9.334121315096806093e-01
9.385383775446985988e-01
9.533628921301815495e-01
1.075156221669308909e+00
1.048704190484775367e+00
9.245310427726398661e-01
8.929370415291075780e-01
8.777661522958186691e-01
8.610523433306378482e-01
8.630936657996122197e-01
8.558591843079655925e-01
8.435665530256136746e-01
8.512929368535908647e-01
8.351985774052146372e-01
8.470497500954178305e-01
8.418788982892562167e-01
8.503138750279154445e-01
8.474581475518309093e-01
8.450713982994561002e-01
8.648419504182333073e-01
8.768092030872268738e-01
8.559625173110391172e-01
8.254472166728550331e-01
8.319046947675231563e-01
8.624276826539304386e-01
8.997622199367809603e-01
8.832542279071592395e-01
8.178039636318129579e-01
8.153417682132034772e-01
8.054886115096724364e-01
8.108825317701711111e-01
8.077052888689056909e-01
8.209999659038829112e-01
8.054208520165355711e-01
8.199604331509865451e-01
8.335386475824551056e-01
8.172833786049586990e-01
8.194574293174576862e-01
8.261708408823845717e-01
8.293644924774843386e-01
8.534326028545322629e-01
8.634608744519288726e-01
8.705850069449904138e-01
8.524667482082609604e-01
8.723227010595084874e-01
8.697881909765392550e-01
8.647743196910796515e-01
8.728715456559067443e-01
8.849823492521931012e-01
9.045163200285676330e-01
9.022166008090964917e-01
8.684015525539612312e-01
8.622078221823078481e-01
8.703552999797175005e-01
8.911935398874105685e-01
8.824022475946644573e-01
8.867375053009517449e-01
8.946721497993911365e-01
8.756011987293736976e-01
8.965324851522731286e-01
9.110385726392190575e-01
8.988574793371283400e-01
9.017579930859662696e-01
8.992129111748616843e-01
9.012057647002496008e-01
8.730172642556104368e-01
8.988371835046904401e-01
8.942784926315526794e-01
8.814617419301638002e-01
9.022529855864699355e-01
9.009403417554318061e-01
9.167172811489929796e-01
9.144561179678966090e-01
9.056573973785770892e-01
8.991550763212743380e-01
9.338616481266920344e-01
9.348738271575158798e-01
9.232508076409428055e-01
8.886747845891701525e-01
8.947605737597761344e-01
8.898890999994977236e-01
9.029384177154131663e-01
9.066606324233877912e-01
8.984399216691532075e-01
9.035295597951059632e-01
8.902429071835171737e-01
9.029774866787447785e-01
8.831926738679161115e-01
8.895344498819420798e-01
8.881636866966760024e-01
9.073383675123016801e-01
8.828542867345369194e-01
8.864000787320546193e-01
8.853640618428321174e-01
8.835301505366011110e-01
8.787278417645516537e-01
8.789990461615869721e-01
8.770897246099766953e-01
9.003582726537239234e-01
9.219056303424310039e-01
9.123769524709626211e-01
8.927245712530248456e-01
8.950301786488474853e-01
8.905507891370253448e-01
8.815846135859427557e-01
8.938054701501719768e-01
9.119618712572553632e-01
8.843068782137103456e-01
8.860470429641539303e-01
8.820847398851440202e-01
8.576186907637969314e-01
8.706595780026367137e-01
8.649121644029823530e-01
8.598052319310615088e-01
8.661300093338867301e-01
8.225944684343946545e-01
8.541770306107543398e-01
8.555342063250780393e-01
8.229557108894870465e-01
8.244170270612459772e-01
8.137738610149577445e-01
7.972154177810504283e-01
8.143802454602510066e-01
8.293392878426155690e-01
7.974293351785225470e-01
7.955409819985552744e-01
8.099985312905925161e-01
8.005840450546913845e-01
7.965875775277467818e-01
8.044776864296467878e-01
8.080428070183166556e-01
8.137149554103190185e-01
8.096598484049086775e-01
8.520088327179387022e-01
8.345842358367958624e-01
7.941073801938233201e-01
8.074193427144175095e-01
8.575190829648730029e-01
8.635625163002246252e-01
8.134672691320271598e-01
7.864033934092110600e-01
7.870112195951929346e-01
7.911239607078136560e-01
7.934425225711059237e-01
7.926895576587483783e-01
7.923309584790693139e-01
8.246315472161820370e-01
8.463360232670663619e-01
8.620223061142340271e-01
8.347725521793106784e-01
8.244994955965112560e-01
7.835016155487054546e-01
7.828118901062302015e-01
7.827093075847383341e-01
8.059922119085298764e-01
7.920907038754477769e-01
8.002090865347765147e-01
8.515842486651232779e-01
9.703234631280486244e-01
9.616570101208369303e-01
8.586375006320674519e-01
8.447514029012218595e-01
8.695162422500208876e-01
8.852369475748578243e-01
8.461037462765362838e-01
8.191217641573792507e-01
8.121813802468591525e-01
8.384398515858841883e-01
8.325131825515458273e-01
8.446187354057532737e-01
8.386521718582956586e-01
8.144236256358627912e-01
8.322939869627853371e-01
8.271604223704234204e-01
8.259012863699072282e-01
8.574848240809321842e-01
8.935971741335559937e-01
8.944192390581447993e-01
8.395230183953995562e-01
8.532055969664539274e-01
8.469528165965565236e-01
8.426291985613501012e-01
8.416989912835398657e-01
9.324499397379460985e-01
1.032379018698724948e+00
9.538424620702568024e-01
8.461953120863332511e-01
8.714486864738204552e-01
8.493790561520817572e-01
8.406566112240029254e-01
8.334317670575180914e-01
8.644054021277056687e-01
9.219491654211079412e-01
8.852838784361677371e-01
8.438621307103391089e-01
8.509475202541456618e-01
8.296687557844448779e-01
8.542001965087273607e-01
9.085990330714702745e-01
1.024466381301794016e+00
1.018474028294998668e+00
8.507092929039350437e-01
8.712689087757999884e-01
8.515894643259472874e-01
8.364802920144468468e-01
8.782584444999186335e-01
8.532399199312681315e-01
8.632840472341817284e-01
9.483122563370985914e-01
1.143587268503865273e+00
1.361454875108326412e+00
1.359370765048163010e+00
1.091379378010990386e+00
9.520222202829272673e-01
9.965481783550572681e-01
1.017541173596093085e+00
1.022979163201124475e+00
9.667822932213058218e-01
8.821888640476893695e-01
8.674530235723484362e-01
8.550086211941453351e-01
8.377005987297719836e-01
8.271699015677965727e-01
8.387909984667618613e-01
8.331949765627389981e-01
8.153960466554383002e-01
8.679568712481614545e-01
1.118111402342961469e+00
1.415293360469382922e+00
1.239242263377215991e+00
9.002286708255179404e-01
8.815773543704530368e-01
8.679839881225758225e-01
9.762119717245171246e-01
1.055815331455678630e+00
9.886678183055159774e-01
9.134347678750492916e-01
8.881934028302186368e-01
8.467063796942961851e-01
8.325409058628751025e-01
8.488046765395135251e-01
8.758660594698624013e-01
9.134936126311352655e-01
9.097879409056417455e-01
9.577244850450723490e-01
9.747384361955933052e-01
8.561724648572067720e-01
8.129294571674134939e-01
8.230575760404640340e-01
8.289976464742754292e-01
8.586298908544999220e-01
1.126981987902059723e+00
1.274844376081573083e+00
1.023577491829582131e+00
8.533165533246183099e-01
8.112760768482127904e-01
8.180966080378249128e-01
8.424049740734054215e-01
8.750198121661290074e-01
9.886362963938324366e-01
1.716568953985347701e+00
6.559628640893166995e+00
1.050440243199122214e+01
8.065641076322521030e+00
2.216920299992390042e+00
9.413459063670126525e-01
1.004397452630104270e+00
1.328532070061293258e+00
1.294167937760177356e+00
9.375262135883868364e-01
8.316345113864602734e-01
8.593845568467616269e-01
8.838249554787083184e-01
8.450191005250086151e-01
8.021362810048050518e-01
7.987062399652914424e-01
8.037314272132026760e-01
8.106120173694113529e-01
9.208905527665310897e-01
1.012967477393470483e+00
9.119903221971873419e-01
8.076318219954661259e-01
8.033672794246218274e-01
8.159733121252190635e-01
8.647950671369237785e-01
1.140166135736037756e+00
1.287379593204585060e+00
1.017377389325782477e+00
8.327855899966348785e-01
8.318938637871274855e-01
8.230366055391460378e-01
8.145680370369990930e-01
8.205096976955329469e-01
8.199335566620434834e-01
7.959096767292878072e-01
8.183560388321167167e-01
8.352784893255731369e-01
8.208683944526091736e-01
8.132064264445615365e-01
8.374566822215305795e-01
9.155496932465352344e-01
9.522868153407915148e-01
8.618544931503399065e-01
8.157332617359581706e-01
8.080511058185144702e-01
8.169983329638010883e-01
9.963199283950391338e-01
1.123146486498087571e+00
9.842345509437310236e-01
8.455428756903738963e-01
8.460697883339890479e-01
1.307587885566612540e+00
3.945462236529955646e+00
5.308315365104862238e+00
3.388974677235101485e+00
1.155416389234425578e+00
8.413368227613113870e-01
8.217848324877156108e-01
8.530405688187419067e-01
8.418153437647856174e-01
8.524187733548213020e-01
8.097838512861782467e-01
8.298917133676300129e-01
8.130539054706154012e-01
8.328368694246317538e-01
9.046344470584307684e-01
8.762183047675855541e-01
8.175736830359320306e-01
8.279057571970703799e-01
8.155879316218065389e-01
9.139491100958626602e-01
9.916103627336021464e-01
8.948443899098078580e-01
8.105756419628560305e-01
8.196350857706725668e-01
8.372960185366559172e-01
8.234095758820247912e-01
7.981923955002653281e-01
8.022459412141379476e-01
7.974887362786191591e-01
7.936165540750398373e-01
7.866500355241162756e-01
7.935168500575349171e-01
8.008475577261950917e-01
7.976837348736878219e-01
7.842736076843844772e-01
8.014537789299887027e-01
7.708830078954274079e-01
7.799045943447593388e-01
7.854564681226441358e-01
7.758935234580793816e-01
7.920340029736149257e-01
8.020923136794548824e-01
8.172335448342421538e-01
7.878544303252512648e-01
7.579580922351132344e-01
7.616618657322451469e-01
7.950121137248375991e-01
8.633213236678978220e-01
8.528933196090094926e-01
8.090499886514967987e-01
8.268780788664120696e-01
8.305042492403168497e-01
8.191155179990176061e-01
7.589189197942276532e-01
7.482387277542799087e-01
7.341733000092647288e-01
7.312468353197755233e-01
7.324079944703320022e-01
7.510013950630296531e-01
7.411813517618116576e-01
7.418057896599510315e-01
7.460096866401099147e-01
7.457921895350672070e-01
7.443388623182534136e-01
7.415901843675182237e-01
7.540364161873391868e-01
7.605574886578228000e-01
7.632912065880192998e-01
7.490941729530762316e-01
7.611194631122890630e-01
7.621648391635676978e-01
7.438512069790973458e-01
7.734681951217667883e-01
7.935160366101725593e-01
7.675212553166793628e-01
7.625729794605218270e-01
7.719230434685580011e-01
7.769418366425203670e-01
7.884571083227532862e-01
7.570256084095913218e-01
7.520955527119689288e-01
8.577227694231028821e-01
9.421452512223278397e-01
1.036857930732523414e+00
1.025554339187250141e+00
8.794899147156888253e-01
8.723551728884372247e-01
1.040223668030749282e+00
1.045629116264169101e+00
8.590772137473566827e-01
7.900622070824330212e-01
7.732352821888101024e-01
7.908465949958852770e-01
8.556253392683035308e-01
8.556659852287604728e-01
8.143078975593863733e-01
9.057465305460401517e-01
1.158227348777846943e+00
1.343590161237283365e+00
1.155729766030839434e+00
8.245630099676519720e-01
7.585848965468400262e-01
7.552243315029077975e-01
7.435521633436044109e-01
7.775756522545830274e-01
7.493449314457190091e-01
7.831868091227529582e-01
7.834906303987962950e-01
8.399754683085133289e-01
1.201415579071639650e+00
1.348325137758777936e+00
1.051495419892226169e+00
7.941907101270164748e-01
7.868328714697981896e-01
9.139898693338029956e-01
9.979995943028556749e-01
8.620588749018947006e-01
7.660830224066951244e-01
7.736275603480829988e-01
7.728237361412970685e-01
7.719019915854633540e-01
7.979461042904095747e-01
8.464774204565252980e-01
8.011281686103958188e-01
7.628097454381393971e-01
7.727942560654074144e-01
7.790920429939340863e-01
7.675399364820254533e-01
8.746613282403707945e-01
9.340223032230243749e-01
8.222124940284513128e-01
7.751284862780145613e-01
7.679676758535418646e-01
7.578352217540348379e-01
7.603912204398497465e-01
7.666398184653436809e-01
9.352491286376736213e-01
1.243216663495416707e+00
1.152969466452304692e+00
8.160074480220563808e-01
7.595528451443794848e-01
7.673941463049803735e-01
7.647136980351095792e-01
7.871882756855241858e-01
7.799662800486225622e-01
8.687745642300805926e-01
9.740900653862714087e-01
9.098004579435688965e-01
7.875830830122081405e-01
7.808701131905988468e-01
7.654504721135744205e-01
7.595841424739789849e-01
8.174325614441305676e-01
1.199116349575622298e+00
1.326671413831881141e+00
9.643312458313481050e-01
7.738495459460807968e-01
7.390129320064708907e-01
7.357291387465327848e-01
7.576938999665475682e-01
9.750972481315479667e-01
1.223119871519252833e+00
1.027000202322371436e+00
7.722579805740115155e-01
7.654660747650811059e-01
8.684926582170720000e-01
9.345898316785470339e-01
8.338152856142453384e-01
7.651658277632256144e-01
7.631327109895538197e-01
7.682345982956534369e-01
8.175601753469997623e-01
1.096606499835468762e+00
1.184269772139110888e+00
8.995128074264385765e-01
7.571818053577555885e-01
7.469734172185213961e-01
7.438806203156678176e-01
7.614253855679496974e-01
7.457679823911318451e-01
7.297913921024661299e-01
7.387134881949228848e-01
7.374658770600430735e-01
7.818704486373129203e-01
7.654338041718792285e-01
7.612043541770493471e-01
7.360968986167711892e-01
7.848291904394919527e-01
8.641817976812743440e-01
8.063554730044115715e-01
7.615855501206659772e-01
7.423680464514774702e-01
7.448991391823762687e-01
8.590135899654718354e-01
9.783363450857797128e-01
8.909687032564754805e-01
7.527206651065807552e-01
7.459688179018966192e-01
7.394273944117624175e-01
7.456750937520141287e-01
7.520389431299766558e-01
7.663330294671434340e-01
7.873869770503463261e-01
8.085920085958254733e-01
8.112054149712092377e-01
8.035688872752700940e-01
7.575543277054787028e-01
7.541312500869812308e-01
7.331117019417646707e-01
7.116289218418860862e-01
7.041678426061732665e-01
7.287182658324466988e-01
7.495285122198274141e-01
7.802046410199783288e-01
7.465741194884552012e-01
7.317181986587526499e-01
7.308836064609034455e-01
7.521496206982157817e-01
8.238204304866834082e-01
8.045715000584638954e-01
7.544287915329407346e-01
7.356377079067033531e-01
7.403145926616281347e-01
7.259984778763087787e-01
7.224926731569495386e-01
7.160539162444836681e-01
7.082498764519367107e-01
7.208211968322245644e-01
7.248740539018382334e-01
7.308590855074675874e-01
7.408354804074723798e-01
7.391165851922752994e-01
7.319615685931843974e-01
7.357099932855730717e-01
7.322243723512116276e-01
7.166617089421404296e-01
7.076313695138344295e-01
7.131455589857542687e-01
7.055821558207856503e-01
7.124509985738882722e-01
7.317893133331551114e-01
7.178284707018152133e-01
7.464403824342125127e-01
7.281350207228075577e-01
7.558946187037344222e-01
7.756172791263515887e-01
7.511902203859281979e-01
7.244726628340119046e-01
7.142165338582791012e-01
7.034214620273728791e-01
7.221591192208242083e-01
7.169392863091821333e-01
7.099836105308616752e-01
7.049304502543857209e-01
7.339260609794995283e-01
7.182266351467885279e-01
7.384245944725970068e-01
7.255827442440899722e-01
7.286860566727958455e-01
7.504582443634354449e-01
7.451570635858295599e-01
7.450488438266560376e-01
7.381881498009899012e-01
7.195666409497916138e-01
7.180924737803885405e-01
7.202803614977377755e-01
7.123828482479384050e-01
7.211567073090749957e-01
7.260578324884000567e-01
7.477203983998520487e-01
7.685662048715236061e-01
7.704349401387093899e-01
7.466824728046129733e-01
7.541135228340860586e-01
7.541925545064473990e-01
7.572001172994300422e-01
7.483011519762653441e-01
7.316897779576371219e-01
7.414708701735585050e-01
7.402453972978553232e-01
7.363501305027710941e-01
7.563469902243203924e-01
7.233024691781650972e-01
7.283293941407825711e-01
7.297766282143678396e-01
7.452792213546547417e-01
7.350298303074498385e-01
7.371545046775356269e-01
7.246764879560303463e-01
7.413146585788171761e-01
7.360392460134544956e-01
7.514543175862273827e-01
7.450656331332784488e-01
7.470821241403812207e-01
7.601469753636754811e-01
7.645346303888748141e-01
7.443500630782267091e-01
7.583675838524129853e-01
7.428837411695188298e-01
7.381459341691875009e-01
7.317726330337990248e-01
7.309608383977320711e-01
7.435015349667162265e-01
7.648802193333414934e-01
7.440912991920343167e-01
7.458781180822882106e-01
7.563344954189356040e-01
7.495138924904575228e-01
7.470020148880035515e-01
7.399615200214368915e-01
7.397239886851306734e-01
7.357908538526765074e-01
7.243256512360208843e-01
7.342589701282029591e-01
7.473624017677662490e-01
7.402279568910602459e-01
7.433282143994391911e-01
7.460986569069492091e-01
7.464332920700941232e-01
7.303254330300315011e-01
7.484053785532701619e-01
7.371191371686445226e-01
7.427259807713213480e-01
7.306025953182453403e-01
7.159372642268567732e-01
7.207974976458637606e-01
7.448709161788232835e-01
7.341984234018170685e-01
7.226904344017467396e-01
7.209310979390979313e-01
7.290890795248180511e-01
7.231387755815499307e-01
7.316626911470591743e-01
7.523500871872550455e-01
7.356340510661747434e-01
7.336348599244320035e-01
7.278519093993702782e-01
7.646220221432110664e-01
7.529534845644080265e-01
7.435280768627481329e-01
7.335348299832897823e-01
7.390045447970678971e-01
7.459582686210263214e-01
7.416730852512559702e-01
7.407046114938040660e-01
7.404590687124094073e-01
7.182610675415672663e-01
7.271545122272604633e-01
7.339205297219777435e-01
7.316297518564692792e-01
7.468006347501781050e-01
7.341797119060549104e-01
7.319787226576143224e-01
7.297737495515538297e-01
7.284952850399443181e-01
7.274170996734942163e-01
7.232433774110074154e-01
7.543837397708493819e-01
7.578829964565810817e-01
7.362640084803637741e-01
7.244339398324161072e-01
7.522223841057844584e-01
7.424782726142737932e-01
7.307665247922047191e-01
7.390144696733792484e-01
7.440633325990154701e-01
7.490098348891354174e-01
7.405969449037240748e-01
7.456423633325303113e-01
7.865030891963132875e-01
1.001022375575939094e+00
1.578471476482732117e+00
2.130247058349407308e+00
1.906843202556993688e+00
1.498501292985922939e+00
1.311645756500832150e+00
9.031319872627164846e-01
1.031149201283826145e+00
1.419401451355166932e+00
1.282175336409781430e+00
8.268901880388963566e-01
7.282860489833583584e-01
7.773800918378982461e-01
8.480045291616722380e-01
9.688392394658660312e-01
9.341338022420512255e-01
7.657008665111335599e-01
7.173176839206737432e-01
7.412034041218837910e-01
7.313532029936685719e-01
7.331088768065335826e-01
7.501034274037550187e-01
7.587117458214907018e-01
7.310846409123676892e-01
7.366707698813753646e-01
7.554689616085220605e-01
7.491406691911340898e-01
7.361847137226298354e-01
7.327614835705928975e-01
7.467131685295057553e-01
8.783167587117121089e-01
1.519417901349227051e+00
1.972256927486006228e+00
1.542947740032599935e+00
9.569330512150500123e-01
1.000953991318958236e+00
1.121887927588439915e+00
1.362236958331497272e+00
1.347476625893677893e+00
1.090978094667824694e+00
9.089946331205699392e-01
9.176934331754950103e-01
8.818457515748903131e-01
8.841393324174779966e-01
8.736847378694624355e-01
9.365273718797061386e-01
9.664647205725565016e-01
8.583160175229538336e-01
7.955922510459725316e-01
7.927209360814723160e-01
8.367166559162868555e-01
1.004763976956686289e+00
1.353720962363239799e+00
1.266933944869371720e+00
9.094392946641505215e-01
8.444611003682860328e-01
8.985032172481375312e-01
8.812548461507652142e-01
8.906109609356459567e-01
8.216746780498306313e-01
8.938099410598178141e-01
1.319366599456456512e+00
1.285408758506312976e+00
9.031105480208790892e-01
8.388303451518460685e-01
7.969473651997546204e-01
7.719670367575222070e-01
7.894584906744149810e-01
8.021212036196533335e-01
8.446512126365657291e-01
1.104318327488330365e+00
1.407371632613798162e+00
1.147578597059809136e+00
8.139085981038451934e-01
7.729341772997584403e-01
8.008379557948396288e-01
8.028334935869609890e-01
7.984572456673405538e-01
1.020913422234179802e+00
1.611015858095450337e+00
1.596853373764186568e+00
9.546540294414205263e-01
7.745138256474493055e-01
7.942255763706614902e-01
8.525653536479455008e-01
8.087946936005155907e-01
7.685899850084024765e-01
7.621667526119918490e-01
7.905433980323506304e-01
8.001471997698059724e-01
8.247080499200130088e-01
8.836759389366507511e-01
1.225649149309064878e+00
1.213412578226359395e+00
9.221006175785487757e-01
8.507113926828229200e-01
8.541866501189382399e-01
8.167831301989977311e-01
8.493968976801532511e-01
1.294081502001357409e+00
1.685112185156229403e+00
1.388445286541857282e+00
9.182849738622207436e-01
8.151353063135250432e-01
7.795643060714380068e-01
7.920382376820958026e-01
8.021817979417588118e-01
7.878459274607862994e-01
7.686227436764693222e-01
7.837434058350788435e-01
7.875156904357203391e-01
7.591256018697658536e-01
7.757610989221321862e-01
7.836055093191944820e-01
8.101595793214729779e-01
8.151869782964537015e-01
9.846893807717460589e-01
1.072709739775928428e+00
8.733340048898060592e-01
7.973829703375037159e-01
7.919809985516342854e-01
7.770443004982413582e-01
8.682650347092016885e-01
1.284253914572741628e+00
1.320169507958872002e+00
9.416372258248293381e-01
7.903345123399688754e-01
8.094847615460581958e-01
8.054126292704792967e-01
8.142081680206596506e-01
8.311075016435870433e-01
8.068534083824621117e-01
8.003636072715042404e-01
8.096619944553086201e-01
8.221918451165752817e-01
7.964794733296900464e-01
7.948299000071035181e-01
8.102336121796271939e-01
8.174401321922932784e-01
8.048571417071116452e-01
8.044239585974573004e-01
7.886288512408499152e-01
8.213186045129283741e-01
9.176371378572917292e-01
9.600949630211541574e-01
8.687208955270905308e-01
7.977277431716813805e-01
7.861967003338988791e-01
8.049483967956657660e-01
9.790324407934936080e-01
1.124165155983458453e+00
9.734766224280776425e-01
8.035657015678314696e-01
7.975628482313117384e-01
7.888822223324929439e-01
7.852223035648517868e-01
8.101695824778607502e-01
8.083693773254368997e-01
7.980499205718275535e-01
8.094579893251498959e-01
8.020091733628027519e-01
7.926071052317853471e-01
8.089494175909368590e-01
8.152211529942687829e-01
8.322099407894955059e-01
8.286991110595623988e-01
7.999147788154297167e-01
8.139974126524768261e-01
8.100567333923907043e-01
8.042699895169608260e-01
7.931230123442321034e-01
7.852956766952096102e-01
7.765122000141512215e-01
8.371662646514268502e-01
8.825721523189895557e-01
8.411233522770994453e-01
8.159065918917188798e-01
8.469213733456959492e-01
9.583334044747313651e-01
1.047505998700141383e+00
1.009725241602009715e+00
9.098448925906345019e-01
8.920684952092867714e-01
8.817524344559674043e-01
8.564348985946099724e-01
8.451280996763066433e-01
8.188489275347822227e-01
8.233477074729946832e-01
8.099870552771248899e-01
8.300945430504522715e-01
8.455063388815658998e-01
8.637462565822097149e-01
8.704407611239239895e-01
8.536223886727711818e-01
8.778644836727583778e-01
8.640787109256903298e-01
8.398702589629480908e-01
8.931420261406430861e-01
8.568873144785084106e-01
8.585224250667811141e-01
8.898027573476985363e-01
8.674492070535796406e-01
8.403016108458271072e-01
8.797510561512150717e-01
8.657564968434775521e-01
8.463033147965550729e-01
8.916342344263031849e-01
9.167167806794817020e-01
8.580127473611129929e-01
8.215252160559813888e-01
8.250743767392703099e-01
8.972893609826481098e-01
9.303374756574918081e-01
8.690606104417818445e-01
8.291566588433592067e-01
8.239484717225112886e-01
8.228047181763317175e-01
7.961645158001767753e-01
8.083589611100260308e-01
7.997347765371075612e-01
8.045597436098163024e-01
8.104552938806905971e-01
8.057262657193419164e-01
8.271385367212784612e-01
8.265580815278269489e-01
8.306098732548855557e-01
8.268369608051016062e-01
8.408961524064293425e-01
8.237821066648006729e-01
8.240875072033988502e-01
8.374899791959919959e-01
8.122048483828525622e-01
8.129320086593496697e-01
8.330153173287501156e-01
8.203634049232372272e-01
8.275500714090517906e-01
8.133172763341554035e-01
8.105385683647049477e-01
7.916113906106820863e-01
7.949543861317996951e-01
7.848281609248455304e-01
7.929956138757621176e-01
8.684493800876160741e-01
8.597506184430043774e-01
8.491816463775057056e-01
8.233917323400912203e-01
8.343107971229228870e-01
8.782446630709079827e-01
8.522906235570442135e-01
8.068933503690361997e-01
8.159334854733540920e-01
7.985163290240376854e-01
8.119268864487144688e-01
8.080585568568124932e-01
8.644748641179800241e-01
9.034146242913846381e-01
9.144979428067184779e-01
8.924424103323786994e-01
8.901553261146513130e-01
8.668262032193142508e-01
8.649893986157010106e-01
8.537173950279095536e-01
8.448181910695317098e-01
8.198145608039745236e-01
8.173806265292631323e-01
8.244438610138667967e-01
8.249018674028397724e-01
8.590461200802496089e-01
8.652250025702418190e-01
8.520569967153951429e-01
8.633626148566441172e-01
8.594747152330299844e-01
8.382004214152711796e-01
8.411219325357468524e-01
8.855655167585206877e-01
8.831758141801125950e-01
9.237653099811407031e-01
9.373059879921159521e-01
8.709897756099073129e-01
8.763074000311690259e-01
9.184399825306888143e-01
9.165337850256919383e-01
9.049597072894249861e-01
9.069411511060322395e-01
8.817286282464749103e-01
8.845505071720740631e-01
9.031651327102636628e-01
8.833892131059489783e-01
8.906325677694877374e-01
9.021698509080791073e-01
9.122546396433079963e-01
8.934698805470249194e-01
8.416696898652489267e-01
8.511531691787919129e-01
8.626702638943460899e-01
8.899587646485825898e-01
8.803501187145479356e-01
8.558397416429458504e-01
8.480193745878342737e-01
8.839457754425201763e-01
9.182200230736827784e-01
9.198325112157559325e-01
9.161813088669251703e-01
8.910919115580925309e-01
8.529113643482650886e-01
8.676861526119324930e-01
8.487394502236500493e-01
8.659171564543343136e-01
8.421150760042001027e-01
8.478287753907670643e-01
8.257452073913531532e-01
8.205082602399731417e-01
8.204075484359297787e-01
8.221645347175204899e-01
8.166435258017247234e-01
8.099087997487107726e-01
8.037465112993771310e-01
8.452756114229837969e-01
8.772993006176024178e-01
8.689871057054138204e-01
8.807009817431651344e-01
8.619326172132376618e-01
8.703716683418267763e-01
8.580945660763028560e-01
8.824874304446247431e-01
8.436724078564624696e-01
8.465390920192478186e-01
9.424040019658034284e-01
9.824215328132130942e-01
9.167481752138630924e-01
9.464485437880112428e-01
1.438810283829734304e+00
2.218081480084375112e+00
2.827327762076281115e+00
2.260993224616999253e+00
1.525346520500029612e+00
2.362241929296373666e+00
2.788715919509251240e+00
1.723264478136169231e+00
1.125570727031274920e+00
9.419383610105289684e-01
9.239665383137305454e-01
1.100585000439973316e+00
1.564131044709081264e+00
1.441849725564049223e+00
1.164709795843769324e+00
9.988672321497280571e-01
8.844861919542035267e-01
8.720274365218335655e-01
8.812989410548359714e-01
8.693040776817444470e-01
8.921866816609680395e-01
9.322892615286821894e-01
9.127070897440662245e-01
9.222436021301742004e-01
9.387917549739906997e-01
9.541280773788318736e-01
9.214252791235794104e-01
8.988939378535444336e-01
9.251355761607052974e-01
1.299510474931867110e+00
2.730715703251424653e+00
3.833482908748000018e+00
2.399750367063517409e+00
9.801252954074958224e-01
9.367152245115591969e-01
1.020887701317166663e+00
1.246093295699709280e+00
1.892965213409283365e+00
1.783004468637733098e+00
1.063648485736271132e+00
8.816853779350372067e-01
9.068344243427535201e-01
9.756290581099292814e-01
9.757374007873758082e-01
9.098775968596448660e-01
9.479225298612922179e-01
1.255392665910659566e+00
1.246334890163420139e+00
9.501206862836911737e-01
8.443841022311765476e-01
8.463327254200841976e-01
9.371255719194694356e-01
1.458273110131554251e+00
1.676646533148464124e+00
1.147426921013633860e+00
9.018059805168769927e-01
8.947194862908722790e-01
8.881539483467156826e-01
9.745889106327895179e-01
1.013242715056722476e+00
9.273947998338418763e-01
1.065692197686083142e+00
2.301582563995983932e+00
2.941286921084147465e+00
1.897944950635234385e+00
9.290565786829685369e-01
8.688662593165712433e-01
8.541341049749553438e-01
8.411458291997723213e-01
8.366498711111467479e-01
8.383359518568096469e-01
8.881375120325967210e-01
1.353897864526701245e+00
1.862825369210926230e+00
1.532210826403644921e+00
9.519754090827018400e-01
8.674514064253526779e-01
8.560963878195921861e-01
8.545960439236530704e-01
8.676652097854296031e-01
9.007602433740710124e-01
1.462196659686494149e+00
2.800093829555837743e+00
2.819035606214980394e+00
1.383064802177067065e+00
9.068281121611856399e-01
9.326529200766185967e-01
9.220325417563146608e-01
8.991319027158718447e-01
8.818074001760309866e-01
9.112998838245279787e-01
9.265588444493795262e-01
9.073207784243381147e-01
8.972771170005879871e-01
8.831566055493869083e-01
9.930105208580257692e-01
1.579839964991685886e+00
1.761022283957506929e+00
1.183639099651282223e+00
9.011978332418665305e-01
8.733673279395940403e-01
9.030982118690046301e-01
9.143178850892359488e-01
9.207751383892691655e-01
1.582170213182089169e+00
2.566146384191357210e+00
2.253006405452223415e+00
1.093271094725239534e+00
9.234673534191708555e-01
9.641033249950541340e-01
9.053556565053849647e-01
8.708378407488188699e-01
8.846603743775874884e-01
8.819547918066891201e-01
8.562294688445020174e-01
8.627687003530801757e-01
8.465705892069933514e-01
8.466887069944335487e-01
8.468936043606150044e-01
8.501752529184725127e-01
8.472314653068078183e-01
8.879635610399125856e-01
1.037480904873448129e+00
1.475480459756759677e+00
1.511281212200187740e+00
1.000050905315318595e+00
8.643715181212231480e-01
8.491173992985037167e-01
8.506752178321189684e-01
8.922271189872003072e-01
1.357878397565475348e+00
2.076557116659404123e+00
1.824699346678695377e+00
9.999391495038202349e-01
8.642152125959035036e-01
8.621744080573501279e-01
8.585181057729506238e-01
8.404743215777392695e-01
8.543195969515640087e-01
9.008400632798324592e-01
9.104702028682221115e-01
8.901227281176185002e-01
8.724990457973007540e-01
8.743481783120291562e-01
8.653670270103651641e-01
8.605201794355592515e-01
8.443465397485696577e-01
8.232900864633708737e-01
8.569801628617359501e-01
8.431307105498283549e-01
8.476425738615201988e-01
8.395199672607270847e-01
9.198887635397139384e-01
1.201820377219238400e+00
1.259469882871388391e+00
9.405890169300733517e-01
8.481806123818405041e-01
8.566352805086113742e-01
8.571930465636998786e-01
1.039877025116219045e+00
1.496857338649552949e+00
1.540309767844621591e+00
1.028842295547632180e+00
8.674544919771934870e-01
8.710916000823037963e-01
8.539157395566008280e-01
8.494642639558798169e-01
8.468994908011391320e-01
8.508612762084177827e-01
8.422367937206858279e-01
8.418984539054550353e-01
8.561505847021813054e-01
8.427927372821758523e-01
8.471531709272334121e-01
8.593012596323628127e-01
8.474008167417819148e-01
9.004028874666903937e-01
8.878835174415360409e-01
8.935491010697350633e-01
9.852356599814841021e-01
1.009541929213292555e+00
9.924300633440577002e-01
1.065025836330315556e+00
1.176448035432929640e+00
1.034871001876054741e+00
9.397279310693458232e-01
1.160792546630500466e+00
1.274362999216997139e+00
1.385953205036472013e+00
1.386674251194683238e+00
1.039531688615927596e+00
8.982925497030901374e-01
1.059694380214214471e+00
1.386096621368930526e+00
1.373226272500839507e+00
1.136359156019782990e+00
1.488366368365946268e+00
1.500087052551186906e+00
1.029272259925176902e+00
9.009004570488915453e-01
9.101416605667721482e-01
8.949195583030643553e-01
8.673033789426942697e-01
8.900962813899936377e-01
1.090620241829356907e+00
1.134386519485989897e+00
9.590672873437285917e-01
8.733126897212348805e-01
8.599148317417433240e-01
8.929592695869792429e-01
9.047777724953774969e-01
8.962492898997509450e-01
9.019302481442436070e-01
8.952104711382987690e-01
8.611931037875686368e-01
8.798114989608405434e-01
8.700401448032153429e-01
8.738666224977386099e-01
8.843741790041901307e-01
8.712427386655937633e-01
8.708944346814725401e-01
8.692110450972274638e-01
8.803744532991962801e-01
1.018511519924453657e+00
1.045817709804783391e+00
9.347991182464653326e-01
9.099138835082657417e-01
1.129427609819798839e+00
2.023579490723359964e+00
2.521008311677497282e+00
1.828434589437490709e+00
1.007506621618097009e+00
9.661263412598944944e-01
1.129618205774352235e+00
1.521786002553328299e+00
1.373578586335180596e+00
9.522388453557124599e-01
8.935263684165729581e-01
8.998089513903075876e-01
8.934498723100563478e-01
9.120629453758648530e-01
1.009816322292236057e+00
1.108725060109584604e+00
1.010029087809283910e+00
9.141446974951026316e-01
9.071383373117786197e-01
8.785992450469963799e-01
9.014152017509250436e-01
8.959666043936592716e-01
9.030927483299626690e-01
9.218595440719935530e-01
9.357285262377821322e-01
9.516434451518821502e-01
9.588520578651349435e-01
9.656195713288725502e-01
1.268371190069045751e+00
1.404472745079097917e+00
1.078367342707984955e+00
9.435315218066536724e-01
9.390331597102280492e-01
9.262951911415583384e-01
9.330824903898364830e-01
9.250896681648658193e-01
1.020301562199387391e+00
1.063644679872372434e+00
1.017653962695816316e+00
1.578908348498805125e+00
2.264521223408194395e+00
1.887638495490499668e+00
1.172868522562991345e+00
1.038788957429950477e+00
9.263164941379361528e-01
9.274378027021777937e-01
9.250797253628937344e-01
9.222932024277242791e-01
9.331742518764055694e-01
9.345735775918895261e-01
1.016633528622104654e+00
1.461619783644424242e+00
1.498274962176195935e+00
1.085100632587711056e+00
9.625744169775185544e-01
9.688855011983410481e-01
9.968672402670053501e-01
1.109377267611320050e+00
1.335096329419569017e+00
1.531490365898056538e+00
2.133733099626803131e+00
3.618228502218969300e+00
3.833664017557436132e+00
2.512195912775446072e+00
2.214721992535454653e+00
2.305892869902007369e+00
2.413309431360389556e+00
2.369626573176053963e+00
2.427936110968608840e+00
2.197689815724436890e+00
2.148277750578500012e+00
2.058868569542195992e+00
1.974681425009886748e+00
1.742460563113778838e+00
1.529320192050871885e+00
1.354379887051934350e+00
1.501047727254976705e+00
1.703987613293304504e+00
1.501841807341611545e+00
1.309770891725849706e+00
1.454011947777698488e+00
1.711172976426940995e+00
1.567322971323725112e+00
1.522463164228032406e+00
1.770868982607906483e+00
3.029762211300055963e+00
2.936275259765382728e+00
1.975413553738476935e+00
1.583213744814312429e+00
1.511482868072162589e+00
1.456991308003309671e+00
1.487011558505366260e+00
1.462097181174611293e+00
1.347023314942230821e+00
1.405190894333615104e+00
1.376794307921407556e+00
1.305428801519500581e+00
1.258305090276091276e+00
1.326779517944618458e+00
1.359432807139572263e+00
1.243692653121489577e+00
1.212553707158867455e+00
1.273825092369119227e+00
1.288957391643603012e+00
1.245858900279263493e+00
1.532862697082543191e+00
1.595751736477254878e+00
1.229902546121819817e+00
1.108830477093919020e+00
1.031627276033853402e+00
1.090843959316108780e+00
1.224887874964514900e+00
1.704717325893715385e+00
1.667029107603086313e+00
1.327973094429248935e+00
1.119888191831034385e+00
1.111193167428546236e+00
1.046374645062956521e+00
1.023192718916428934e+00
1.089790766588308424e+00
1.151792862799178252e+00
1.103209886287556341e+00
1.019260283462205985e+00
1.002205348886824332e+00
1.037390788031693267e+00
1.044809966991776085e+00
9.979750082570668646e-01
9.922108735695676085e-01
1.106757481069323479e+00
1.170392987931380802e+00
1.313352284661626790e+00
1.422037581870264633e+00
1.383899386152776412e+00
1.330345919086320050e+00
1.287745842142908659e+00
1.212632766226185987e+00
1.293524262111577672e+00
1.245365345899309029e+00
1.147895012717117691e+00
1.106180015822123552e+00
1.105495094192993522e+00
1.148947536131985414e+00
1.315101166321722248e+00
1.293249319327796965e+00
1.105755692806056123e+00
1.039982772150138901e+00
1.028098086807882838e+00
1.002996466489803007e+00
9.724207142859152553e-01
9.524396483075728836e-01
1.007634394141896150e+00
1.275019706919271023e+00
2.577714124158354103e+00
3.135903454633401477e+00
2.287878468904965601e+00
2.357212922236762598e+00
3.211508535456433222e+00
2.937391130306258535e+00
1.747669598302145522e+00
1.152164480788765655e+00
1.138818157472236692e+00
1.334812577809944223e+00
1.527670957076496361e+00
1.752891562336953424e+00
1.756395353724834463e+00
1.239367698197255008e+00
1.103171278481921425e+00
1.137946423453574996e+00
1.059265043143429841e+00
1.077296986657097611e+00
1.226455010441507953e+00
1.275972041089369124e+00
1.137610826805004249e+00
1.056612383301855251e+00
1.094797591196597919e+00
1.137763733117949316e+00
1.061876748814056803e+00
1.001103555471506867e+00
1.062549851465649731e+00
1.127769312491713194e+00
1.083918811994974307e+00
1.181255106991453419e+00
2.449057474964985825e+00
4.040245617338887207e+00
1.057712494488784349e+00
1.278108891960191285e+00
2.879219085473733397e+00
3.876347328753506183e+00
2.722880569425960129e+00
1.182658733237377469e+00
1.034107392382109358e+00
1.017495661585361422e+00
1.082009095353578809e+00
1.093363636792086480e+00
1.033336291519835415e+00
9.714199462758492665e-01
1.024670363424973418e+00
1.076911235342367101e+00
1.041702237816480858e+00
9.948264262464691088e-01
9.927902686230672957e-01
1.135658798508566214e+00
1.937189674457283184e+00
2.206983782364966284e+00
1.487999916583500060e+00
9.970121211663894867e-01
9.943928633506942116e-01
1.001412369529323332e+00
1.116903740473433215e+00
1.477553124061274481e+00
1.527743608909333695e+00
2.030159048857050230e+00
3.769180755325817422e+00
3.626438336441539345e+00
1.749037183691370734e+00
1.248476213023983039e+00
1.547913729049336107e+00
1.833898306682943735e+00
2.512149838626787979e+00
2.197733632198120457e+00
1.188193032244061031e+00
1.031475916141491478e+00
1.027966185877003280e+00
1.497059372885511497e+00
1.807754700670443970e+00
1.888943867908438046e+00
2.722218960011497213e+00
2.501184305528965979e+00
1.286980562403679196e+00
1.017103511020207574e+00
1.000527716681633095e+00
1.128383961741542318e+00
1.772994545071659989e+00
2.040642769198879325e+00
1.764263678052235607e+00
1.925305083981701637e+00
1.619619612988717705e+00
1.158647537213357115e+00
1.163881542387860124e+00
1.170667681236989388e+00
1.451098188273511669e+00
2.567512465986449222e+00
2.788628843445643657e+00
1.785856065742625454e+00
1.189850961040287425e+00
1.177954092351336080e+00
1.126661785807923088e+00
1.111709642083582583e+00
1.117139731950855808e+00
1.088241248412942008e+00
1.014233916394669199e+00
1.053001397659540928e+00
1.106367995466176701e+00
1.085377874248002472e+00
1.063993430955382458e+00
1.109981490435912432e+00
1.068523109668670701e+00
1.077498506400107470e+00
1.283630886046710495e+00
2.044395315268562552e+00
4.076361499981027592e+00
4.649045302217230002e+00
2.680621485554277150e+00
1.159638944928676585e+00
1.301464438219846809e+00
1.643160932699368582e+00
2.697532221981848721e+00
2.914090699426996167e+00
1.766444517283340510e+00
1.134433196696451152e+00
1.079221540982422178e+00
1.050252898073952723e+00
1.127989274909943163e+00
1.332824041017189876e+00
2.080226130241684679e+00
2.457711164245810931e+00
1.810937121965933594e+00
1.139826298387448977e+00
1.064635220902052204e+00
1.010583406264463413e+00
1.038182986036883637e+00
1.048170055927754252e+00
1.058717592928852813e+00
1.064700513258125980e+00
1.091376369813018998e+00
1.098307813641342889e+00
1.194253020912809049e+00
1.199559111125861444e+00
1.591542241653454148e+00
2.217852359464068002e+00
1.848478630191797922e+00
1.122216932510843312e+00
1.066669676333269479e+00
1.011641487961190577e+00
9.935019819578058131e-01
9.828341241508109505e-01
9.889119181241311507e-01
1.007699712622865285e+00
9.856258220275243565e-01
1.046972282166024559e+00
1.912597890191715333e+00
3.762616979589761712e+00
3.695567323135146687e+00
1.886456125359606606e+00
1.346806941612987973e+00
1.264108062634723861e+00
1.069492166377940423e+00
1.034036747053174166e+00
1.036133991843579016e+00
1.028383116229502736e+00
1.127785585851569961e+00
1.503078247270682732e+00
1.782418543780398545e+00
2.394717683206988745e+00
2.352020230004089996e+00
1.402006682284783645e+00
1.027594328754227293e+00
1.012909586835352371e+00
1.038939693846718804e+00
1.107685916759546307e+00
1.126856209565567202e+00
1.116912619904952164e+00
1.164143262099815557e+00
2.252187006436524808e+00
4.221632352736190086e+00
3.926489429356098348e+00
1.820061449454477565e+00
1.190865059258326086e+00
1.191604979445286538e+00
1.157121977985120731e+00
1.112210550685470256e+00
1.131652189439783074e+00
1.141311406121337857e+00
1.107204465851633346e+00
1.083274980011170951e+00
1.058336959244296382e+00
1.069872329921907061e+00
1.076099726953061220e+00
1.101674826298738363e+00
1.197649196941097172e+00
1.900977849497349714e+00
2.406374687449115868e+00
1.853883527856287294e+00
1.179745550767770768e+00
1.153217164921569227e+00
1.294373636071572964e+00
1.384775027736341757e+00
1.208579266014737641e+00
1.166881663591089469e+00
2.044446588168355117e+00
3.621542941201282506e+00
3.352351891171782672e+00
1.807650791041471861e+00
1.514404983714328079e+00
1.297819627295381029e+00
1.270846761012610182e+00
1.215458287926113545e+00
1.171391932607531716e+00
1.162110587041515375e+00
1.133839863564614303e+00
1.129787584661119615e+00
1.145773595704455472e+00
1.185442440878603731e+00
1.171593209295698435e+00
1.129729568270017914e+00
1.113113070059450482e+00
1.087541011551043990e+00
1.136399028872122408e+00
1.117992528778250616e+00
1.229257635195117215e+00
1.488404150767855816e+00
1.984916916707274881e+00
1.861352340005802297e+00
1.206264557316238717e+00
1.134637564300712498e+00
1.129653811331094992e+00
1.126513841631233248e+00
1.123268889834126538e+00
1.493595893062749314e+00
2.551124834620504878e+00
2.583903227766174204e+00
1.521925137009525475e+00
1.144341897368659211e+00
1.136038712265050821e+00
1.120340300080783003e+00
1.101762058911314845e+00
1.101825200790891968e+00
1.096690735057603172e+00
1.140869779132233752e+00
1.203415476061229672e+00
1.221504690666906479e+00
1.240658863306610904e+00
1.270973227719923493e+00
1.126393919901820695e+00
1.107715774677845433e+00
1.117845670928778512e+00
1.143033880645482503e+00
1.216702719569150659e+00
1.256504125699076990e+00
1.168634169347634311e+00
1.079445543133580321e+00
1.086826447647154970e+00
1.086314522172302732e+00
1.131797686686098370e+00
1.406959910380309209e+00
1.530070366726991038e+00
1.274985806825833290e+00
1.101321685882178825e+00
1.073886967507897250e+00
1.110094298236500743e+00
1.218531969949324667e+00
1.682420825403447173e+00
1.868646630873931125e+00
1.438714005704294641e+00
1.152469586144373670e+00
1.116118500256968016e+00
1.096962072104766817e+00
1.097402500498060762e+00
1.102620113835227400e+00
1.088309634588116692e+00
1.067624301250190699e+00
1.084611408230805374e+00
1.045549402776846160e+00
1.080996195358146172e+00
1.060850931441958300e+00
1.069436704212755052e+00
1.064955536292725657e+00
1.087559221915054497e+00
1.086299755720871119e+00
1.084937816127294008e+00
1.098087784541629919e+00
1.113661764113482056e+00
1.102364381466125476e+00
1.086513269142904692e+00
1.101714704759632513e+00
1.148929688109890046e+00
1.148460862204327304e+00
1.141752356756139619e+00
1.169331983967757393e+00
1.192024038870061808e+00
1.271603209830185266e+00
1.409206826901885146e+00
1.330733861286069741e+00
1.146316916880041337e+00
1.088322903620482673e+00
1.088370228861446076e+00
1.281739901830380779e+00
1.494958080885123275e+00
1.389624477087031407e+00
1.191358960401022848e+00
1.113799732914843910e+00
1.121839157682767762e+00
1.178168060298509845e+00
1.183968114924840886e+00
1.160073487328352693e+00
1.147728717067088011e+00
1.154395209307630843e+00
1.138277977558226572e+00
1.184442997340858561e+00
1.268138975831051063e+00
1.320511643064096408e+00
1.275688715789471406e+00
1.261800827288839244e+00
1.211398042783910611e+00
1.182914586214010688e+00
1.228493756525548042e+00
1.252744629983448377e+00
1.157206156826227073e+00
1.158114639279180347e+00
1.152741501656377787e+00
1.163780941675182978e+00
1.268399424863897451e+00
1.297484069102209814e+00
1.240387886063696099e+00
1.198603749837186649e+00
1.202989738358365868e+00
1.187404039964403912e+00
1.164790870277905288e+00
1.170531307561623935e+00
1.249345112711262917e+00
1.367502398558427812e+00
1.359818229241914533e+00
1.243003372814863949e+00
1.165903895743153340e+00
1.184536570834269220e+00
1.255401414950736871e+00
1.294791102544603723e+00
1.250678079217686367e+00
1.221511300643785214e+00
1.192370936332920683e+00
1.190089252663356856e+00
1.139348732710708800e+00
1.191159798036889983e+00
1.197776560267760804e+00
1.182440391113309897e+00
1.191807259303498956e+00
1.208486440969672726e+00
1.166536473693758902e+00
1.132645839634486729e+00
1.124036610949077808e+00
1.134570540379907122e+00
1.166548444079571034e+00
1.152422371000553447e+00
1.138777340454180109e+00
1.141969423267275241e+00
1.117555834184130958e+00
1.103319282850614425e+00
1.117766062774754987e+00
1.192874559742246543e+00
1.188453113941611239e+00
1.213983679076849009e+00
1.271134351513879546e+00
1.293313249918440322e+00
1.259424664059506815e+00
1.230410526909549329e+00
1.155367474147642737e+00
1.106883270161302280e+00
1.116829001716271641e+00
1.133714969067006084e+00
1.128246248974823507e+00
1.124270902262201499e+00
1.178598509177971376e+00
1.209121713200606241e+00
1.265824159292763484e+00
1.289420733826513343e+00
1.211943363199538215e+00
1.169812653609671571e+00
1.239623372746482488e+00
1.271713926067324696e+00
1.207200342470517773e+00
1.170276139236664292e+00
1.168666597790359418e+00
1.154852467376394909e+00
1.181322608840345900e+00
1.226401537488736704e+00
1.170009743056830809e+00
1.132847856492062544e+00
1.162264335591727482e+00
1.174758969049234381e+00
1.157305932417617145e+00
1.170568052277263460e+00
1.139525378044450754e+00
1.147259649451538577e+00
1.158695005287334157e+00
1.158431562035564966e+00
1.164349939422480107e+00
1.174929367214613052e+00
1.195745053087104104e+00
1.225713683429306311e+00
1.256458989741043197e+00
1.269896579112822721e+00
1.594541645720567002e+00
2.332330548010766336e+00
2.448485155104723976e+00
2.769255675910279546e+00
3.382481759315305148e+00
2.628665002704150044e+00
1.554746171260822596e+00
1.954081087233247027e+00
2.637636993890767556e+00
4.032023694929071311e+00
4.132090630248145935e+00
2.279147973057685572e+00
1.395456796134515010e+00
1.256580133556730372e+00
1.469349613265340304e+00
2.388618675176748862e+00
2.850988060431070004e+00
3.871713674903821900e+00
4.573058346712307376e+00
2.995072844658468014e+00
1.537230012128673051e+00
1.498934282115162775e+00
1.450136006789834120e+00
1.410899450306853486e+00
1.260143926880854748e+00
1.300546013623057107e+00
1.793738315560706509e+00
2.720646329302389699e+00
2.488646729718090977e+00
1.432720084233778834e+00
1.215773301320794753e+00
1.228296536805623340e+00
1.270735245564755589e+00
1.397234270690395075e+00
1.369319218186445086e+00
1.233319859485793701e+00
1.230093063206505244e+00
1.207374129218238723e+00
1.207350277929224447e+00
1.185078121291429643e+00
1.189002213158022236e+00
1.165465559655527006e+00
1.167101187394638417e+00
1.135504796595088406e+00
1.202753271172020133e+00
1.171870163675893250e+00
1.175152080801203258e+00
1.198723376607577995e+00
1.228236254359235557e+00
1.352595760415620241e+00
1.283624650581189908e+00
1.265880982229723450e+00
1.863279856504759469e+00
3.877707483210908190e+00
6.969284703573896955e+00
6.565238376815075938e+00
2.808546564093845621e+00
1.299898163363314429e+00
1.531919018775822039e+00
1.725147362842774479e+00
2.899664233200177854e+00
3.965557237786705436e+00
3.045683171786581767e+00
1.385888993005067737e+00
1.161158802515208643e+00
1.154020412314071153e+00
1.209048530726530402e+00
1.384392385932537994e+00
1.447946067999081432e+00
1.640356360405702763e+00
2.316346876843885738e+00
2.334077393333797268e+00
1.597346269585917078e+00
1.199967123435363048e+00
1.176701380275177788e+00
1.129550691822149178e+00
1.155576693435616198e+00
1.144003861482078444e+00
1.189010951083561363e+00
1.180560493373890685e+00
1.179030597941364666e+00
1.230263294195390822e+00
1.453290348724821435e+00
1.946912352702700799e+00
3.154345092018079111e+00
3.231069439418381428e+00
1.878898073639651889e+00
1.214706939892115756e+00
1.214929313503223085e+00
1.188143411670009364e+00
1.236006097936846793e+00
1.305880288889063268e+00
1.328019362156833472e+00
1.205680749721270928e+00
1.197958064893923646e+00
1.220056949346103536e+00
1.688259756981087323e+00
4.537261133746571140e+00
6.677384635070397145e+00
4.690088868270210654e+00
1.625238696633287905e+00
1.233144977678056309e+00
1.216210574996307248e+00
1.187281188788794184e+00
1.222874455550249539e+00
1.213733543934683246e+00
1.213358732015435537e+00
1.257746690017089941e+00
1.241987055592159495e+00
1.493153517917875872e+00
3.114718104704845558e+00
4.001188682545526731e+00
2.722524957532443501e+00
1.376803902952520975e+00
1.262316200634705732e+00
1.283102095067752746e+00
1.284338561428543857e+00
1.346003896031817026e+00
1.400936209290118084e+00
1.402322417463050197e+00
1.504679362158748201e+00
2.167879488662467935e+00
5.429085606870499348e+00
7.205127183430096061e+00
4.597175168230366538e+00
1.612541350078711355e+00
1.484060766524956332e+00
1.403852096022396356e+00
1.230023637994285268e+00
1.204464679363915769e+00
1.200949539042383662e+00
1.193836804786711170e+00
1.192352299996120024e+00
1.186352126190114875e+00
1.231157966182458541e+00
1.469651837621064105e+00
1.644276393260245994e+00
1.440106577668638588e+00
1.261532174399818906e+00
1.796541289935726704e+00
3.236430780845837685e+00
3.319833296720180904e+00
1.910745282301949288e+00
1.219147667712390470e+00
1.160664076698622038e+00
1.153906179409010857e+00
1.178055665965286325e+00
1.223410104167561574e+00
1.282622007020834065e+00
1.632610472457103556e+00
3.948799933526921713e+00
5.544225829539307426e+00
4.019467531114389480e+00
1.529232939117892709e+00
1.179968029816980346e+00
1.164787897416412310e+00
1.126147863231505841e+00
1.230979670210982313e+00
1.401879041682111859e+00
1.383468667689980558e+00
1.219311959399766554e+00
1.156191957545980253e+00
1.203572244078511488e+00
1.143337521938633028e+00
1.164359641392786804e+00
1.162288479270354502e+00
1.192824449140752918e+00
1.203675494278959590e+00
1.203835438819565118e+00
1.197122096058667040e+00
1.194655742627501738e+00
1.226547157012427558e+00
1.757603694757276402e+00
2.838794300881644972e+00
2.730541415985206388e+00
1.650641655532400165e+00
1.297006015920764588e+00
1.270527305070336066e+00
1.244016037191278956e+00
1.325202662086400585e+00
1.435314500648495750e+00
2.067608789662472635e+00
3.884168169869670173e+00
3.996125040857049004e+00
2.188805659017534211e+00
1.233884813754263954e+00
1.193627834758975714e+00
1.224299690341894120e+00
1.194253699758216047e+00
1.233535748459621439e+00
1.198218409709263188e+00
1.206692983222700910e+00
1.220051344890672684e+00
1.220440628280576201e+00
1.272869255556444035e+00
1.354053737830664961e+00
1.290894692503506747e+00
1.198183176642128922e+00
1.167664990175298234e+00
1.184187395210128502e+00
1.171063263700109935e+00
1.183975238972118982e+00
1.178641157028334829e+00
1.183358392950839777e+00
1.174130198857464835e+00
1.189963924518670169e+00
1.156145502431763283e+00
1.152543158095190146e+00
1.328034747224658974e+00
1.870985171604137909e+00
2.061654982882699549e+00
1.461765855431697458e+00
1.202445328226526611e+00
1.200637448204420199e+00
1.137093274015843702e+00
1.185666327694548494e+00
1.477056555174451447e+00
2.366059390794351014e+00
2.646055516253658979e+00
1.833445486816151382e+00
1.242722902026378584e+00
1.233886759628971097e+00
1.221338801997508439e+00
1.158911266977551424e+00
1.162412979579994454e+00
1.159310230613864290e+00
1.149239431171493298e+00
1.174010280009723184e+00
1.151253745166066045e+00
1.169389189036500909e+00
1.163923677156343484e+00
1.159114266507349500e+00
1.195694241615945064e+00
1.155477677941783021e+00
1.182292629620735003e+00
1.185731684179962997e+00
1.277467184092888619e+00
1.237381783460394402e+00
1.238345383945869793e+00
1.260216009224242706e+00
1.307546056512334243e+00
1.270686907773247221e+00
1.206209598990010790e+00
1.165294454612535890e+00
1.142542803987945055e+00
1.139533088184972121e+00
1.160305540016804082e+00
1.230806424625633833e+00
1.414819930453711683e+00
1.784113107834795819e+00
1.671470656704478586e+00
1.272126389039720529e+00
1.225839400145071645e+00
1.257019665453686486e+00
1.284960328682568820e+00
1.536993357794251613e+00
1.982599418816903825e+00
1.861699380624167954e+00
1.372505500978734139e+00
1.284260914972775502e+00
1.282170860764379361e+00
1.297047138614018991e+00
1.297882498128133388e+00
1.262915384571410060e+00
1.301046668548340390e+00
1.304995800846665999e+00
1.350807382958244540e+00
1.413038046852686414e+00
1.475722440086425280e+00
1.542816255922788260e+00
1.595944163450610187e+00
1.712557587208894727e+00
1.782361324524946111e+00
1.919982510371965212e+00
1.986919998657289854e+00
2.087754980485232004e+00
2.217550301961419557e+00
2.242321887095680921e+00
2.404524051315178657e+00
2.483150407260294568e+00
2.396821301231683687e+00
2.565902110785247991e+00
2.584084989323556236e+00
2.426946283820119010e+00
2.573724794571621732e+00
2.514435775632752446e+00
2.251904881887983212e+00
2.339772561240438087e+00
2.248759665210754211e+00
1.900038254211683597e+00
1.913192911072822078e+00
1.896114254280981459e+00
1.744814350838249428e+00
1.487468920623072455e+00
1.279343873964622125e+00
1.427161053398927404e+00
1.765223461914971592e+00
1.830535028230739547e+00
2.215668199005798922e+00
2.575924039154604106e+00
2.378945573019019655e+00
2.025016274268729877e+00
2.483190738433086686e+00
2.796225921992841368e+00
2.312403492126670290e+00
2.036979360169368203e+00
2.627437129808192662e+00
2.753924287679744065e+00
2.116346126920330306e+00
1.915909393022813489e+00
2.594369208229199142e+00
2.693215001664051478e+00
2.159724803344505784e+00
2.101977723102859574e+00
2.669427844487434420e+00
2.806790310896783325e+00
2.310148175656217884e+00
1.961842601758133853e+00
2.385215413454962796e+00
2.547179798891462621e+00
2.027275888609232801e+00
1.455997516717190798e+00
1.619506503122091212e+00
1.977719112813037361e+00
1.909300401498691624e+00
1.506264711980899396e+00
1.377212489752522862e+00
1.591628946853820281e+00
1.694321104807751333e+00
1.548826168598296693e+00
1.301172999674489184e+00
1.350911347648570349e+00
1.504148754728526605e+00
1.569534162765850560e+00
1.579760448268581641e+00
1.586190673755435210e+00
1.647786403746300143e+00
1.750449917316848847e+00
1.870609849875396025e+00
1.913578077998630667e+00
1.793390759803999090e+00
1.578561682291583779e+00
1.453904357439290695e+00
1.467516121248708005e+00
1.640676270916204604e+00
1.626250012561931246e+00
1.426223931844631920e+00
1.337365717977777146e+00
1.321332058251328601e+00
1.321976056981618575e+00
1.295159731496641209e+00
1.273910705640480368e+00
1.273083778158848212e+00
1.297214328468917710e+00
1.276033786518329771e+00
1.266394240085679357e+00
1.276217174713462077e+00
1.246779017651071131e+00
1.238722877276973611e+00
1.301428296407428631e+00
1.323209682067923776e+00
1.312299875847417585e+00
1.229740609056564127e+00
1.193735717776645000e+00
1.208364925488386588e+00
1.204131321019008327e+00
1.187822701377230450e+00
1.207259483762807228e+00
1.247081390792885935e+00
1.274213246625992113e+00
1.287340431457528966e+00
1.326488328669357619e+00
1.264799888959176277e+00
1.264704386893751975e+00
1.270053197890431917e+00
1.222984569936231392e+00
1.268288385521619599e+00
1.242412843747665363e+00
1.310460159763329635e+00
1.326988236250685960e+00
1.261102437862200665e+00
1.253905414842594324e+00
1.247051696724947423e+00
1.291949535326962106e+00
1.592434875837830610e+00
2.685968879071794824e+00
3.468002250370207928e+00
4.651541630188130050e+00
4.995621240850108613e+00
3.123626658797190814e+00
1.920341914422691865e+00
3.184442058035538814e+00
5.294199315775412806e+00
6.156004929283787064e+00
4.253444938146311749e+00
1.865687462183565515e+00
1.502222044542261825e+00
1.403842044476399264e+00
1.955931709023995380e+00
3.663916528869426870e+00
5.012281481164655439e+00
6.468804653524061088e+00
5.649691476907301890e+00
2.322481946324340463e+00
1.416474529531693394e+00
1.359405079190240340e+00
1.353925452154309816e+00
1.339900874809279774e+00
1.365135433730529924e+00
1.411876757647138714e+00
1.941475429855737067e+00
3.532021378312019344e+00
3.782679864358319044e+00
2.236280485113273819e+00
1.338097110079776275e+00
1.339710140350066636e+00
1.332668562634147902e+00
1.308892744276182407e+00
1.320283117124191108e+00
1.281718974074111062e+00
1.310128373600732532e+00
1.301797965346933594e+00
1.250324782115643796e+00
1.214087699707964152e+00
1.221553726555426378e+00
1.376476969648329884e+00
1.629377196684202778e+00
1.667288959849726693e+00
1.428743427843319092e+00
1.274693034914391676e+00
1.253836068591525521e+00
1.275419298594570927e+00
1.292789318507249652e+00
1.265474813693070688e+00
1.274929766054628599e+00
1.309858356383588385e+00
1.331249501814354197e+00
1.510908781208463614e+00
2.750047859665194050e+00
6.029226550872337498e+00
1.054867653748706502e+01
9.171205438858665460e+00
3.650695378004405356e+00
1.876276761262539061e+00
2.108620204322628311e+00
2.425688455946560573e+00
2.659796982866983406e+00
4.870483939388562611e+00
5.974931971144133769e+00
3.722087715364578386e+00
1.595704740676751276e+00
1.357386389221695300e+00
1.336734586221983712e+00
1.301260348887129270e+00
1.465358902637997840e+00
1.655818202201429612e+00
1.602925783920986280e+00
1.939026243717388409e+00
3.225304364605591445e+00
3.310676384665917293e+00
1.977372112159017981e+00
1.358799545716987467e+00
1.332218312391179937e+00
1.353354513465507614e+00
1.399740121825820083e+00
1.367238161972949895e+00
1.363704809796067563e+00
1.447604085758538384e+00
1.713111957763850723e+00
1.724330970675145958e+00
1.615327323032172080e+00
2.094151072114538881e+00
4.192024384882055088e+00
5.027357576585914423e+00
3.199764494243525270e+00
1.531648325017742840e+00
1.449542592757260051e+00
1.450432248883559705e+00
1.398093559034359279e+00
1.402694451913427454e+00
1.428424998182300065e+00
1.417004455707668864e+00
1.372348362929567189e+00
1.359770593373005543e+00
1.415209600375928245e+00
1.797959830690563310e+00
4.509813292454069256e+00
8.611910353236766014e+00
8.033348784314974012e+00
3.496844198145583782e+00
1.700153489181408295e+00
1.573079609351985653e+00
1.441692224414485413e+00
1.415766706738386560e+00
1.468914237491070418e+00
1.584831720639643171e+00
1.599968918465148882e+00
1.467610664828213451e+00
1.392064902916721802e+00
1.638418690502221997e+00
3.576912804705707938e+00
5.535288889582379745e+00
4.408132934135989167e+00
1.966976533944623240e+00
1.501999717689604275e+00
1.647231188598388130e+00
1.698620133450389869e+00
1.588354982295972162e+00
1.440195786579713921e+00
1.403287390093223674e+00
1.466510473711082785e+00
1.545867465896808568e+00
1.948538873120637449e+00
4.993274150805895317e+00
1.011994460781214222e+01
9.446084218281079359e+00
3.677444952143900547e+00
1.716580016082460913e+00
1.656717049419053733e+00
1.625900753139922994e+00
1.753828784865972157e+00
1.899321777078004647e+00
1.768381400012593252e+00
1.539724212978771378e+00
1.492215847279928287e+00
1.479444535039961650e+00
1.585263384680439591e+00
1.589731626537039366e+00
1.511606174237722033e+00
1.468062127593821486e+00
1.528027471652987579e+00
1.610110835366963533e+00
2.673767514789685773e+00
4.876099895190113998e+00
4.850904541392052849e+00
2.378198463558895526e+00
1.435800542093389698e+00
1.437928485947097990e+00
1.383427168454773870e+00
1.343323728769589609e+00
1.362674630557946243e+00
1.412248609329544990e+00
1.578923809970967707e+00
2.321708525773310328e+00
5.033988916600843133e+00
8.226319680526911426e+00
6.686831153411254114e+00
2.583517129285639147e+00
1.537889350962210910e+00
1.552293627601526005e+00
1.476715457241900120e+00
1.483100752943484979e+00
1.356583193620933825e+00
1.434046384680053743e+00
1.509684184607286372e+00
1.753137161648677500e+00
1.877595130945366009e+00
1.559635412716939173e+00
1.460687766087660711e+00
1.446841597324237672e+00
1.435034569799254811e+00
1.490355016116396980e+00
1.577433356110959251e+00
1.710333435958906190e+00
1.765452264872805266e+00
1.570194230755961762e+00
1.574654240926909088e+00
1.928865194909574088e+00
3.339094075583879384e+00
5.796455444652914402e+00
5.101919329651991575e+00
2.446040430675862964e+00
2.228178863446319102e+00
2.057719892350692970e+00
1.644812845249612021e+00
1.515751730341640569e+00
1.531833518082805767e+00
1.601255990246046368e+00
2.874957505582913964e+00
7.699880352206474043e+00
9.194852967815918987e+00
4.760788462055208115e+00
1.959532316631758198e+00
1.673925140763467656e+00
1.625989426566381457e+00
1.528996166880607133e+00
1.460623083891027907e+00
1.455698477928626833e+00
1.489674756284486090e+00
1.552286522803448143e+00
1.444375982322251062e+00
1.508547391547035321e+00
1.636875858233602488e+00
1.529678282945513335e+00
1.533588845241676157e+00
1.635959495179040157e+00
1.677696483592225007e+00
1.602455692304244339e+00
1.462760494865011029e+00
1.434302840180832206e+00
1.478938477778242389e+00
1.542056531732013624e+00
1.553565662889014876e+00
1.470867749770493615e+00
1.467626967279471950e+00
1.426118654877615466e+00
1.443940280358206874e+00
1.539680586511555038e+00
2.282143146075409579e+00
3.119535935384639913e+00
2.636903853158218514e+00
1.576871573575711949e+00
1.461247889100990793e+00
1.531343913267720458e+00
1.591081473667729895e+00
1.494477071077527475e+00
1.656501756173653694e+00
2.779663937408541230e+00
4.156213960985925659e+00
3.661982594092381582e+00
1.991211389904669060e+00
1.493835888496086950e+00
1.455022516387778797e+00
1.541853701934324361e+00
1.659230522313325018e+00
1.587592156343017979e+00
1.517357329663820087e+00
1.503080935621500025e+00
1.477567957250383035e+00
1.570401580263497188e+00
1.741769672531775948e+00
1.727935993310452112e+00
1.677949244620760672e+00
1.697934793616735938e+00
1.727811929671520641e+00
1.685478458503901544e+00
1.598709230209375720e+00
1.508887451032469462e+00
1.515766466048552141e+00
1.540822165720357573e+00
1.545155543394765241e+00
1.514666343823734218e+00
1.455686271940178855e+00
1.417474636784359587e+00
1.518774629442251278e+00
1.543713027596990139e+00
1.603374767256740663e+00
1.632951569791065038e+00
1.491827480589168697e+00
1.471182247048000047e+00
1.512163769664926827e+00
1.666316078225957398e+00
2.328182886728288548e+00
2.576603565240207949e+00
2.034510847487942975e+00
1.553032111146200656e+00
1.549697320958222768e+00
1.560279548579723841e+00
1.526441934454509486e+00
1.705276613810046138e+00
2.570992122431091431e+00
3.112674523353323508e+00
2.387780878416939423e+00
1.556907078627839836e+00
1.441725920738824440e+00
1.425478336891361275e+00
1.429357576155352083e+00
1.479376914493174544e+00
1.460915407558324608e+00
1.471864885657940158e+00
1.481474322008708322e+00
1.472883532516493288e+00
1.434781066695191232e+00
1.380988458315926204e+00
1.385738396626650770e+00
1.433509850441412992e+00
1.461485016918419033e+00
1.495667824046298611e+00
1.567015499414729840e+00
1.454517299884540815e+00
1.488382161207826293e+00
1.432654009491874714e+00
1.385706734433180376e+00
1.446712312693343216e+00
1.467090427756001292e+00
1.539930382267107767e+00
1.541057143324577217e+00
1.493008213106828075e+00
1.463526365921591132e+00
1.507578675142861035e+00
1.587194985046739060e+00
1.579764423218436464e+00
1.601321849085785010e+00
1.534833174820697810e+00
1.584519789480262508e+00
1.625332139190464265e+00
1.606173978746060271e+00
1.577555983213255297e+00
1.644743007661503054e+00
1.949800705873169893e+00
2.420061788330931218e+00
2.275529871467870002e+00
1.766779050592167222e+00
1.704096049406090385e+00
1.735535336938692108e+00
1.783578441023251804e+00
1.979277029800335930e+00
2.553547605199046000e+00
2.551866722136041599e+00
1.949716554074778729e+00
1.612671727047461978e+00
1.617466500298472276e+00
1.646016190657825895e+00
1.596244782875371193e+00
1.576636847200489244e+00
1.666866309099225507e+00
1.610411651754430684e+00
1.511954433448978952e+00
1.469487787301533066e+00
1.496229196645849413e+00
1.535746294443314897e+00
1.551665445254039488e+00
1.553496113087861508e+00
1.554219045429815704e+00
1.589301609763651202e+00
1.559429452389100357e+00
1.535440909739874904e+00
1.508685320068729352e+00
1.558660288982997244e+00
1.545508471743773926e+00
1.546664982568153546e+00
1.569226672939867395e+00
1.535977255292329646e+00
1.529014658025646511e+00
1.553616129885832642e+00
1.494517829416665000e+00
1.510193484523447705e+00
1.558758329922778074e+00
1.579049019400487808e+00
1.623197494365608451e+00
1.598324480475501908e+00
1.619220322951162805e+00
1.594809587907662696e+00
1.583086915068594447e+00
1.561220273929454727e+00
1.612080042291177628e+00
1.601291548870264148e+00
1.650538044238766933e+00
1.595183363364476747e+00
1.568106214244916918e+00
1.666389757285297479e+00
2.122187625292775159e+00
2.317068115953849539e+00
1.928466200910221806e+00
1.651022214905504937e+00
1.669507697495284937e+00
1.701481886754499184e+00
1.957997734315753302e+00
2.412554021567076656e+00
2.368675175916069353e+00
1.997432960105375965e+00
1.727165427956748989e+00
1.689402423370909512e+00
1.669461850730968866e+00
1.632172176811607534e+00
1.609237817772496637e+00
1.587252343387685505e+00
1.611662641958624409e+00
1.541392630524216489e+00
1.531140947361930627e+00
1.513974488066871071e+00
1.613743745284315745e+00
1.608393139689215712e+00
1.552862133372516551e+00
1.525899573296340739e+00
1.583013740474908726e+00
1.727813328113883884e+00
1.833665595987301833e+00
1.825299209720771421e+00
1.832348235151222138e+00
1.843354045253648543e+00
1.719525022931913671e+00
1.726598849799885649e+00
1.592808153633401336e+00
1.551715692001383040e+00
1.581547109235211579e+00
1.592951655962033142e+00
1.780260147059305131e+00
1.988943457848985297e+00
2.009267941221430931e+00
1.891658348241271659e+00
1.895603317537301713e+00
1.932644494327230955e+00
1.676836797052298600e+00
1.572840314804932360e+00
1.556662812080681579e+00
1.586559123844445862e+00
1.570479710933074591e+00
1.601443625818305794e+00
1.593855525166629095e+00
1.585515833090535676e+00
1.647961771103005013e+00
1.627606333666045568e+00
1.630941978030223005e+00
1.526455902728495184e+00
1.636874824039774357e+00
1.707971814574381852e+00
2.225827898194883137e+00
2.315563137422125717e+00
2.034924913725704165e+00
1.793637207344913387e+00
1.698948966022646445e+00
1.876255242273723534e+00
2.285834980788886917e+00
2.515680340987510810e+00
2.163639148856539851e+00
1.732972711927498910e+00
1.663116639546214470e+00
1.830433254240638963e+00
1.868714128266652397e+00
1.809248752016248574e+00
2.052178965811508604e+00
3.085469383757569073e+00
5.344704789061209382e+00
8.481337644318339031e+00
1.000771688193462694e+01
7.014018159042058720e+00
5.083532186523253671e+00
6.502364667428282452e+00
1.004949190401746328e+01
1.023588718856501423e+01
5.522012181025022670e+00
4.439936507238220642e+00
4.641954452740280956e+00
3.204462882486727615e+00
2.883902065647657054e+00
6.270310201203082912e+00
1.434559468844921426e+01
1.612545180507147435e+01
7.756884414797502458e+00
2.497007078138165248e+00
1.987092307111906653e+00
2.140265142368695361e+00
2.699702835923804667e+00
2.868701226396945358e+00
2.289640409719077230e+00
2.142923332623440480e+00
2.830526181510091277e+00
5.449780163145939937e+00
7.413664273836297447e+00
5.237255974392855506e+00
2.303078474768127215e+00
2.262354103124154303e+00
2.203300038395856753e+00
2.095782280094126815e+00
2.270622576205258536e+00
2.280460874125654680e+00
2.515195821393347408e+00
2.942547119247997944e+00
4.661440040931299045e+00
