5.697831620149689513e+01
5.288999836082411576e+01
5.669658850580884746e+01
5.453434715913045494e+01
5.579739873950554596e+01
5.473292722915808639e+01
5.508912798001554023e+01
5.444350893688903170e+01
5.596685222509158564e+01
5.426243175659540441e+01
5.299301096034700720e+01
5.498154794853447669e+01
5.502238952212177736e+01
5.432109558413652195e+01
5.444215104949416428e+01
5.405446560862768024e+01
5.408424672412574807e+01
4.001880564597203715e+01
5.433525887261475162e+01
5.511472815652972912e+01
5.388121530032841378e+01
5.446418946890219104e+01
5.519263245748385316e+01
5.429760351281191078e+01
5.451453717157126988e+01
5.467238272368389573e+01
5.452714967644730848e+01
5.384337193595001025e+01
5.356095778783804207e+01
5.010660855251304469e+01
5.448443654309558326e+01
5.381606632842110116e+01
5.427496669372838767e+01
5.354281704246020723e+01
5.269292643265841036e+01
5.344638300220317007e+01
5.254269380048184246e+01
5.267975515271752585e+01
5.292350181328198744e+01
5.247213563863085284e+01
5.335778149884813359e+01
5.292375872068814147e+01
5.337609153350889102e+01
5.227629788796132715e+01
5.302909539297198194e+01
5.261280540310279008e+01
3.916276553399774230e+01
5.352145319025994041e+01
5.312982971723195647e+01
5.227778084132666692e+01
5.279186659000259851e+01
5.198275168375797506e+01
5.149804708783441498e+01
5.162871157837309255e+01
5.119956289149608608e+01
5.204967662511129589e+01
5.181854854433517943e+01
5.137633643438013564e+01
5.126316879773850133e+01
5.170715086698857021e+01
5.156640152168521496e+01
5.092587437622168522e+01
3.749409126676418680e+01
5.216978564786041517e+01
5.197187596115964681e+01
5.200106839017668392e+01
5.265829210648082892e+01
5.283101918353815307e+01
5.287417300071064119e+01
5.348314864141512714e+01
5.331198730191511004e+01
5.326759450050696643e+01
5.274259572007736097e+01
5.282957782326290896e+01
5.179421428541616734e+01
4.852656440253258552e+01
5.157630977786726589e+01
5.141659622564750265e+01
5.148864197526707898e+01
5.094410236321569840e+01
5.170723082618482636e+01
5.106655009034933812e+01
5.133100691672603944e+01
5.033341187434795216e+01
5.005935426410500355e+01
5.115261272432150008e+01
5.032294102602356389e+01
5.008471370589570171e+01
4.995876648626376237e+01
5.099163159823758207e+01
4.991896250333484630e+01
5.157242080820744690e+01
5.359459483884221243e+01
5.417264317257333062e+01
4.040194682570750473e+01
5.520349346463013518e+01
5.342668658593970576e+01
5.273618569852267512e+01
5.188784488359843294e+01
5.171619184067530739e+01
5.127900058689466789e+01
5.054450564876893992e+01
4.984855720313201033e+01
5.005802509584871274e+01
4.992775607832440699e+01
5.029289348755858668e+01
5.123790376311948336e+01
4.685573914465062728e+01
5.028854592390489131e+01
4.979061601922368396e+01
5.051958581457332542e+01
5.053612107844698187e+01
5.026281840756004016e+01
5.051025284917387381e+01
5.052873547858717984e+01
4.997352220188732019e+01
5.012661137265961031e+01
5.023498487893520803e+01
5.116993459239525777e+01
5.203794660733240818e+01
5.258967169913228190e+01
5.233836028173942623e+01
5.291952757909448479e+01
5.216987651413612070e+01
5.131896595345393308e+01
5.089898603493571017e+01
3.772677397387704445e+01
5.127699977908537932e+01
5.070961502931456977e+01
5.117549315457253556e+01
5.047959617764040274e+01
4.958159785241763018e+01
4.985248354590578401e+01
5.179537818459804299e+01
5.123487517809503800e+01
5.252881230750892172e+01
5.249919443586126988e+01
5.207576356807661710e+01
5.158903809129608220e+01
5.110814132262485998e+01
5.080458788646991763e+01
4.549891860492255802e+01
4.926696449344970574e+01
4.979389492029316244e+01
5.213819234779347056e+01
5.563509730717991175e+01
5.987166652952259938e+01
6.170515981996235411e+01
6.377332694591039797e+01
6.391648231318488627e+01
6.340286101338124070e+01
6.027650983699008691e+01
5.847186248043971091e+01
5.657079553499885805e+01
5.550340019656952251e+01
5.363430711320028621e+01
5.352894334103996954e+01
5.178959926618242093e+01
5.127203905252219585e+01
5.119067719189280297e+01
5.061700946271557200e+01
4.960935988723428380e+01
5.100291956126007165e+01
5.526062183020607677e+01
5.855637316147792859e+01
6.134164560247126730e+01
6.326598900359253008e+01
6.309604815729267102e+01
6.211172085274996846e+01
5.881182912671879848e+01
5.689385381655567642e+01
5.510216788817457001e+01
5.400508759119894364e+01
5.366364624907902225e+01
5.444266124527297279e+01
4.860094904302413710e+01
5.124101996133740755e+01
5.112647017535743288e+01
5.008023330093556780e+01
5.056235547741749059e+01
5.081852741836632248e+01
5.075615297078177690e+01
5.111968631260184992e+01
5.012589781000262690e+01
5.041430178603995671e+01
5.056158507138670188e+01
4.986546738395183098e+01
5.031012996640615142e+01
5.280207323606799008e+01
5.637834014520755233e+01
5.833307571141845216e+01
5.978739156672025956e+01
6.056636362980685817e+01
5.949860781527500819e+01
5.563914348685764821e+01
5.245437344872329533e+01
3.814792520528215647e+01
5.510659269128576909e+01
6.706027970182806541e+01
8.176841501736078044e+01
9.267539565448420547e+01
9.764033548875764268e+01
9.901231575246403338e+01
9.579890768635176812e+01
8.740140671776612180e+01
7.717139163070179109e+01
7.032843268488937838e+01
6.533621959266797319e+01
6.319014688682717917e+01
6.073546200032679110e+01
5.581730137475909714e+01
4.807673931625824792e+01
5.591925259205744680e+01
4.925106819561941052e+01
4.821055781158800357e+01
4.865844629826673895e+01
4.948028738562289419e+01
5.037853137953307225e+01
5.118603476055138657e+01
5.227591280865348011e+01
5.209266967262035308e+01
5.227232024474208316e+01
5.193669360836722149e+01
5.190963239361218484e+01
5.485789018785640536e+01
5.687280580237681704e+01
5.793693609087081597e+01
5.907731055881031779e+01
5.793675795267545681e+01
5.699587772103922845e+01
5.250780908751119824e+01
5.113447686919044344e+01
4.851056775302239998e+01
3.588643316446598419e+01
4.855398325120545167e+01
4.875838798438923760e+01
4.880121059249459137e+01
4.860144721888236319e+01
4.945117732819233680e+01
5.022191816629356964e+01
5.101232775867487135e+01
5.099123286746245043e+01
5.140659542009544936e+01
5.135287583875920348e+01
5.142484001025738394e+01
5.172479056726569269e+01
5.311215046797251205e+01
5.379919613107848875e+01
5.420709840511639044e+01
5.125229190130585977e+01
5.493309307990271861e+01
5.570997121596822410e+01
5.962774819770748280e+01
6.317520608336887733e+01
6.542443424313624689e+01
6.724553781284053855e+01
6.812048563410822055e+01
6.367975102830605039e+01
5.839107793687670522e+01
5.299145880214054927e+01
5.070075445355335830e+01
4.892391242093737702e+01
4.860540942458361968e+01
4.868220635754596515e+01
4.851401638381159387e+01
4.889038799920776057e+01
5.030386608618245248e+01
5.049704490530111656e+01
5.099316234479661603e+01
5.011518361450909254e+01
5.103595592984436990e+01
3.829850132866787504e+01
5.269990225715374521e+01
5.201047394408830371e+01
5.221140813456160146e+01
5.182139950508992854e+01
5.036133193562259436e+01
4.950596491667401722e+01
4.902936988342361246e+01
4.867988163539231294e+01
4.813520496228038326e+01
4.813889915759685323e+01
4.808496523843483317e+01
4.781587238460633671e+01
4.741860573199301854e+01
4.781187930541849340e+01
4.756962393400732481e+01
4.843273889159699763e+01
4.401360889434619850e+01
4.819127530599702425e+01
4.771760700719087112e+01
4.846856078148920233e+01
4.694288465836815050e+01
4.829160618727018317e+01
4.835789791082903832e+01
4.873370835981693006e+01
4.851326353098227884e+01
4.909205241542805709e+01
4.890712685502005286e+01
4.971210980441266969e+01
5.036022319773764622e+01
5.117791611074991209e+01
5.104192065700783587e+01
5.208206011010643977e+01
5.055975097547752029e+01
5.007864590854580911e+01
4.917635412982419041e+01
4.855071140380680816e+01
4.873794727030406193e+01
4.880118760745850892e+01
4.845079514515191477e+01
4.920265014862841468e+01
3.558345439637847107e+01
4.869207710654613663e+01
4.780606898455512521e+01
4.777481009418495717e+01
4.815457993968990280e+01
4.801490446706336712e+01
4.725572091346609227e+01
4.788480883942391841e+01
4.721017981207722869e+01
4.735278818757132768e+01
4.827129960560893096e+01
4.811988078731875618e+01
4.739092024827002092e+01
4.775235420097182271e+01
4.816653372799942190e+01
4.847694285441067308e+01
4.835870583024109237e+01
4.916825059362390959e+01
4.468196109809126426e+01
4.941397284307192450e+01
4.868547235210770907e+01
4.889722978311446866e+01
4.988124984948385787e+01
5.003086296737624394e+01
5.183497826851749579e+01
5.310621851540790317e+01
5.482583016684814226e+01
5.529623183101200823e+01
5.727330478414290837e+01
5.708865648593700826e+01
5.737416889109275075e+01
5.651941533337387824e+01
5.657047668633681070e+01
5.589873422084698262e+01
5.475118560535300816e+01
5.330690882723618529e+01
5.275186861625869028e+01
5.110727068984738963e+01
5.163296965773310632e+01
5.111079725581474520e+01
5.107007297905293086e+01
5.039413990523133435e+01
4.993056183462982744e+01
3.693809682682952911e+01
5.017919362710449604e+01
4.847026140271073302e+01
4.793547090543479072e+01
4.882371643759768176e+01
4.895625290283159359e+01
4.865244749860899987e+01
4.802556801968752609e+01
4.961522694377976705e+01
5.381781176123847388e+01
5.754989982859249409e+01
5.966002851069663393e+01
6.178585657081955418e+01
6.169138741575792295e+01
6.064616158331229201e+01
5.795862805203454116e+01
5.562787615701003574e+01
5.429117355001410772e+01
5.384700478080568331e+01
4.827123340523497319e+01
5.141703259219072208e+01
5.045623586794966542e+01
5.029345387548813306e+01
4.990352186923342259e+01
4.966181882321115637e+01
4.973703480739717975e+01
5.022230452309423754e+01
4.993144115718886411e+01
4.969927803723452797e+01
5.032602415265791507e+01
5.196669595396880936e+01
5.231462850481793225e+01
5.335478818204977358e+01
5.260137431219434490e+01
5.253622742124390044e+01
5.149221125160007517e+01
5.031340656977590697e+01
5.121005392515164800e+01
5.355119657340618744e+01
5.520018319828785991e+01
5.806657342866301974e+01
6.021905270114650932e+01
6.000821121116015178e+01
5.728776236958407964e+01
5.553459872499881556e+01
3.960517199275926004e+01
5.242687073652103180e+01
5.364635208395952048e+01
5.399254217145519874e+01
5.462589421522380917e+01
5.586065803642418359e+01
5.610457003807424314e+01
5.597291279143372833e+01
5.579294957699804769e+01
5.758960803245287963e+01
6.156725730553365139e+01
6.718597174445120856e+01
7.252477992667472506e+01
8.252153972123277015e+01
1.010778891848887753e+02
1.133801778691541955e+02
1.150752966479731896e+02
1.171118433544309312e+02
1.192389847472270077e+02
1.234136768696071016e+02
8.207715779426609970e+01
8.246201298951736192e+01
7.788397777071000405e+01
7.181840265252090205e+01
6.465503128196388616e+01
5.926488285682874846e+01
5.617068579944802309e+01
5.426868925036325919e+01
5.297784894867595540e+01
5.351634556696961198e+01
5.537074441346204878e+01
5.715692139805852179e+01
5.830147639399295656e+01
5.882890541322760924e+01
5.995537884437770515e+01
5.995720505006084977e+01
5.664218531203434992e+01
5.512525281367225460e+01
5.465960070697311579e+01
5.317920980748707649e+01
5.155346025132845256e+01
5.107390463014562698e+01
5.071111535060139630e+01
4.990726215265597432e+01
5.042215951349557912e+01
5.004808787351154820e+01
5.033358254868941373e+01
5.022523099228190091e+01
3.816440077413533771e+01
5.132214787526363153e+01
5.161820039085111489e+01
5.093459495318073493e+01
5.234694085500874650e+01
5.279217283706257291e+01
5.422826989853173529e+01
5.392512894459765249e+01
5.407751133180843794e+01
5.251443276878802635e+01
5.141743692406970467e+01
5.096631440067653074e+01
4.975753194950404179e+01
4.893735529528723305e+01
4.938256613100420367e+01
4.908972493925442393e+01
4.907347885416486832e+01
4.926997126619576051e+01
4.932796111617707879e+01
4.906942008934549904e+01
4.887037981973968215e+01
4.980734314738577950e+01
4.492638666757703447e+01
4.912674228369257179e+01
4.882122997167508771e+01
4.975132642162839858e+01
4.955803570405065273e+01
4.996385153041536142e+01
4.919451944991824632e+01
4.995038936410733044e+01
5.105044152476471453e+01
5.165382956184037511e+01
5.067240117931340393e+01
5.153893572866121531e+01
5.032014886632638451e+01
5.008492408452524103e+01
4.870407649991367549e+01
4.901485338689283111e+01
4.898720480020561752e+01
4.894087192006887932e+01
4.885240107322281489e+01
4.915683703636979374e+01
4.931921292748923946e+01
5.070405806408898997e+01
4.920466102310680157e+01
4.977520807709511530e+01
4.890906516691794792e+01
4.928000329888167386e+01
4.904954905025554268e+01
5.011533984432831090e+01
4.929703056985601961e+01
4.965829502568632847e+01
3.678543764737029420e+01
4.995927174119511704e+01
4.896861785302143488e+01
5.015550862153848044e+01
4.982179835584575045e+01
4.973053813215121721e+01
5.011385156092109128e+01
5.010230949814986445e+01
4.946813986959752185e+01
4.954754263909492096e+01
4.955249462949229411e+01
4.901684270070916227e+01
4.788657938850949591e+01
4.872850033739782560e+01
4.809862710649911577e+01
4.815863450589778694e+01
4.835735512154531790e+01
4.890341874870153305e+01
4.859109669409139087e+01
4.810618460367518168e+01
4.771618997351705360e+01
4.818420667553350967e+01
4.853603867483342782e+01
4.443747121307064418e+01
4.863749794003533111e+01
4.787260217934500872e+01
4.895385773190795220e+01
4.791955298994263046e+01
4.824494110292417304e+01
4.846734118158942550e+01
4.891186538090848046e+01
4.907230069352158353e+01
4.915683068778437104e+01
4.905822164971623778e+01
4.999834208944993463e+01
5.084460911744772460e+01
5.130281123939556664e+01
5.290314507093020069e+01
5.470148981219991668e+01
5.682917193434221304e+01
6.002218431402059196e+01
6.179146222156819590e+01
6.247442590240146387e+01
6.223497185094593931e+01
6.029329514509508670e+01
5.772974838662661767e+01
5.465521613669302070e+01
5.314548662948150337e+01
5.257525846794893454e+01
5.196469403962416322e+01
5.078247137487953466e+01
4.941707195403183306e+01
4.851615010788056992e+01
4.778896349183953873e+01
4.720547023561424282e+01
4.817714611994178142e+01
3.635227742714743471e+01
4.981242148847390183e+01
5.050729228964225825e+01
4.976964908319300918e+01
5.035614178958603304e+01
4.952294140014610946e+01
4.929581275087312520e+01
4.851490332639376390e+01
4.775438523651020262e+01
4.711311573835396160e+01
4.805270168273957410e+01
4.783443996674587595e+01
4.764636785183221690e+01
4.793690268381553210e+01
4.820896947574534863e+01
4.814559884202581230e+01
4.830141477299063979e+01
4.783594796054762099e+01
4.678785171845430568e+01
4.741193459532618704e+01
4.766363391558521556e+01
4.742507360968858166e+01
4.686274508482019030e+01
4.661946159192526551e+01
4.708045583520584643e+01
4.253523044479040038e+01
4.655355428490018710e+01
4.676475746350724449e+01
4.658791661463574485e+01
4.667716549160729045e+01
4.664322997962899109e+01
4.768676791130179282e+01
4.705893805666425322e+01
4.671189979053447416e+01
4.690709023419132251e+01
4.690679847302574501e+01
4.783432683541293784e+01
4.794527668981780977e+01
4.750192680515025501e+01
4.795134171627834974e+01
4.776286678871848324e+01
4.706599935535540880e+01
4.675332785246492051e+01
4.665339840977374308e+01
4.681484280956217248e+01
4.615748919474203404e+01
4.704158285103653725e+01
4.783822838866553440e+01
4.981966009975010934e+01
5.311289701539747199e+01
6.332808679699507337e+01
6.870755161626097163e+01
5.898771119371873084e+01
5.540395852715894875e+01
5.145351954996357335e+01
4.806310438336188895e+01
4.674372736575655551e+01
4.587453551007113361e+01
4.628031278808600035e+01
4.576193729881863703e+01
3.391246219558030361e+01
4.664416903478850429e+01
4.581160696091954065e+01
4.608483420692979138e+01
4.659078234401695795e+01
4.742722083362613716e+01
4.817930992262445500e+01
4.899493525850816411e+01
5.570605908721694988e+01
4.976447713578302512e+01
4.934179984373629679e+01
4.789976652628495657e+01
4.699556570120870447e+01
4.649472138558372336e+01
5.116574901382503526e+01
4.609334902812388179e+01
4.543410698967658590e+01
4.564812978392527043e+01
4.520929163149689600e+01
4.483759476336357608e+01
4.564153263998711196e+01
4.583843624274787487e+01
4.784769491392994922e+01
5.064841075510210544e+01
5.534143332994334941e+01
5.800935311928601834e+01
6.277520445142283734e+01
6.433727261168193934e+01
5.967050964308845096e+01
6.647211544042568221e+01
6.564020225262038366e+01
6.383199391366041908e+01
6.186096163931118497e+01
5.857647564201573687e+01
5.528455235687860636e+01
5.282231969953375028e+01
5.080737073904103340e+01
4.989043727965609065e+01
5.020314707956515576e+01
4.898239569145454197e+01
4.841686335465250579e+01
4.670994984810074868e+01
4.634996685065417665e+01
4.599196168770559723e+01
4.625281517002021303e+01
4.580323581745453509e+01
4.625844984655211789e+01
4.531635010014947085e+01
4.513335035456446320e+01
4.514442925714250521e+01
4.429261731718330708e+01
4.553708512248211804e+01
5.017349647415455394e+01
5.730184525733366030e+01
6.431497217839390146e+01
6.837869533545359957e+01
7.110765282417683864e+01
7.035182829871938281e+01
6.772974144434292043e+01
6.288060541034869999e+01
5.906094896072541900e+01
5.752984107750597786e+01
5.832872965255221942e+01
5.932784884211744014e+01
5.907327305695368125e+01
5.746108941501811529e+01
5.637066223856705705e+01
4.201407992376635292e+01
5.492317145668320677e+01
5.542101365490012910e+01
5.351859640672784479e+01
5.305405457997891006e+01
5.113066241900990860e+01
5.080337982492176252e+01
5.000320406238361670e+01
5.224702268825445373e+01
5.351182329393842707e+01
5.430705939496915846e+01
5.423123111717369937e+01
5.354783597480605550e+01
5.155601325912224553e+01
5.038645379556191273e+01
5.022403207849414741e+01
5.067605758306045516e+01
5.344710973672614784e+01
5.489479363358577046e+01
5.497208385060157099e+01
5.496086638896115772e+01
5.485778039440376830e+01
5.299605796123439916e+01
5.098241691491514871e+01
4.929127929443124145e+01
4.871721965545960131e+01
4.974006991109975928e+01
5.184858634441395964e+01
5.358848049779042810e+01
5.424846260908958584e+01
5.453038751755389058e+01
4.853589481603282252e+01
5.093976922230769588e+01
4.883146905363811641e+01
4.989047013596955082e+01
5.257079919318919536e+01
5.659399666797869344e+01
5.896170939792247623e+01
6.124604798191406019e+01
6.075922330723014397e+01
5.840814689962655848e+01
5.405369601417144310e+01
5.097304303354214028e+01
4.846524403624221833e+01
4.577689307523782958e+01
4.576675244586524371e+01
4.490028133968778690e+01
4.507802943854220246e+01
4.560084401842741642e+01
4.788253919800931868e+01
4.993628096914984127e+01
5.086488577954870749e+01
5.179535956487357140e+01
5.249556231152868691e+01
5.193895273723308748e+01
5.137510715528641470e+01
5.269299125234266512e+01
5.472678222307694540e+01
5.854879431642121546e+01
6.099648057955353408e+01
6.104237553631266877e+01
6.163681124612633511e+01
5.853094989743863152e+01
5.419210330827885969e+01
5.097387774417573070e+01
4.804687209212895027e+01
4.676670776449524425e+01
4.663514909979460299e+01
4.681135602132115991e+01
4.644604234755531280e+01
4.705676121002983336e+01
4.658657952288811543e+01
4.567615503764394447e+01
4.613928449007423183e+01
4.630340761081994572e+01
4.728161377266868470e+01
3.657474409955739958e+01
4.862906864071120339e+01
4.793091234017452251e+01
4.768662862594505469e+01
4.784155733871806149e+01
4.871329980584776820e+01
5.154709007898932782e+01
5.258965875218410702e+01
5.334878574132664397e+01
5.333218305956027194e+01
5.241836716278623243e+01
4.932552573757686076e+01
4.722149011153949516e+01
4.590660713128160353e+01
4.519420652991590259e+01
4.530035864584367999e+01
4.429988415723829576e+01
4.439926499494398371e+01
4.454990185875796982e+01
4.398205286270336245e+01
4.428983785248045990e+01
4.422211021229268368e+01
4.466335109298439221e+01
4.471721137170917615e+01
4.416633809710355507e+01
4.471473291157561647e+01
4.507566990946408225e+01
4.540940764765658599e+01
4.559405713227970125e+01
4.576376676129772392e+01
4.540226530145262984e+01
4.550101393989513809e+01
4.578456513939180184e+01
4.661701069776165696e+01
4.715437436890334055e+01
4.778359065457359378e+01
4.233063262001970628e+01
4.710317533443845406e+01
4.593733844154174051e+01
4.446123874662269060e+01
4.359496493445842447e+01
4.317608684739719394e+01
4.259025422689559548e+01
4.250952754141655276e+01
4.248325730981384396e+01
4.271385456648270917e+01
4.211368765678678727e+01
4.246164279374954731e+01
4.257003518609128179e+01
4.282691061706948688e+01
4.285788569214978594e+01
4.298957958180364614e+01
4.348850592220243527e+01
4.284468026622963777e+01
4.242131409837703160e+01
4.170075082857906068e+01
4.160861468024550902e+01
4.217165874928718949e+01
4.271105134137298620e+01
4.275888540562719697e+01
4.348206234975098994e+01
4.454716606865530792e+01
4.491385226621205362e+01
4.599369065547424640e+01
4.687241382768235098e+01
4.764875477397210091e+01
4.864497480963347442e+01
4.959869308374904762e+01
4.913146092336890547e+01
4.887488858139116843e+01
4.770636576912654192e+01
4.660089846161073268e+01
4.540810431260720037e+01
4.412110049533631440e+01
4.330881330632260529e+01
4.354643977142866618e+01
4.328527059820185485e+01
4.357039191289847224e+01
4.337864355162906804e+01
4.362410475939400811e+01
4.403301238839402032e+01
4.503143374961531720e+01
4.503198644814407459e+01
4.533590770960549321e+01
4.418316135604731443e+01
4.418232717145548349e+01
4.459454507987296523e+01
4.438291822834626288e+01
3.309790812176577646e+01
4.421145425071284052e+01
4.417734235835887802e+01
4.357027738834779029e+01
4.464909577204925029e+01
4.439510210528493417e+01
4.474465707422551475e+01
4.402005822310586325e+01
4.407333696233196463e+01
4.511810478848192929e+01
4.443337270154400898e+01
4.410429829033976290e+01
4.470129180579898076e+01
4.464683393743776918e+01
4.418670147889547195e+01
4.345232334579823430e+01
4.259813651348930108e+01
4.184097845503860214e+01
4.211014716527510870e+01
4.232034068860266984e+01
4.138022088437217860e+01
4.062696983864621103e+01
4.219449197910861216e+01
4.179691365079421672e+01
4.185776701787256826e+01
4.109515970472173763e+01
4.177024994554816573e+01
4.113713976682340956e+01
4.134675748686264996e+01
4.114501832199375286e+01
4.071861007152222101e+01
4.131967891642431567e+01
4.081780708421990767e+01
4.054606350379998503e+01
4.055211837191922086e+01
4.153037492699289857e+01
4.069696693097155560e+01
4.058285634046426082e+01
4.086207767922605427e+01
4.120711315349267068e+01
4.105056359318150072e+01
4.170723415977239767e+01
3.729848259394969290e+01
4.217555924173765902e+01
4.227857718191626901e+01
4.248135455047574993e+01
4.277855546331382897e+01
4.225655471583618095e+01
4.297308398194837054e+01
4.186570263157789640e+01
4.225982072601361494e+01
4.175817074274031171e+01
4.158001579341191700e+01
4.162685466595527117e+01
4.138958720255012480e+01
4.204542226791575388e+01
4.321033581045697503e+01
4.427601697799681091e+01
4.443795533857803548e+01
4.500093632071598648e+01
4.455587625148734077e+01
4.413870451068257950e+01
4.361776155049261661e+01
4.336772056444576862e+01
4.235561644702409012e+01
4.219025533710964027e+01
4.190534542787367656e+01
4.139648666789862830e+01
4.132037167145979595e+01
4.230887274169141676e+01
4.399913939638321381e+01
4.363468784843229997e+01
4.484745844929891945e+01
4.402659055000662391e+01
4.362489348310849380e+01
4.325635953348012208e+01
4.254772016340345431e+01
4.243134824301809971e+01
4.240240762404802410e+01
4.216045950250786944e+01
4.180632938256916020e+01
4.212991228915115016e+01
4.240908452285757591e+01
4.253047188756896446e+01
4.377979207530752603e+01
4.370706533471281574e+01
4.352123231194823205e+01
4.412630789698328471e+01
4.441201731459990754e+01
4.321916410217460935e+01
4.324179074476663942e+01
4.313389423734775363e+01
4.204532610507386181e+01
4.281258791566547472e+01
4.297941819074021907e+01
4.290662776182957572e+01
4.286009008532777642e+01
4.284585269937799978e+01
4.160609177566934136e+01
4.170676882486362302e+01
4.189219894441151126e+01
4.175236677510882544e+01
4.177894549318651229e+01
4.091508191012434992e+01
4.133288681635167450e+01
4.162585382167608117e+01
3.213124948182338869e+01
4.652860641747212611e+01
4.756037702130070954e+01
4.342710740040715933e+01
4.160090269685395725e+01
4.174873244364965785e+01
4.130752493152420612e+01
4.104342604333135824e+01
4.031332528208397292e+01
3.982570532310999312e+01
4.039012338259320956e+01
3.986062149741178473e+01
3.978664815808537014e+01
3.966656261015206297e+01
4.011543713938221600e+01
3.980689617060259877e+01
4.044234684271899027e+01
4.075751307105343102e+01
4.109120986130145781e+01
4.109722294784748442e+01
4.101571383299388884e+01
4.139706406283348628e+01
4.130051803459898707e+01
4.130440011728749994e+01
4.144188486708578978e+01
4.186495200709050124e+01
4.226891064554269661e+01
4.473675150726960936e+01
4.830638842428848534e+01
5.706255778329255435e+01
6.518808581167772331e+01
7.135193151806646483e+01
7.690331991476175233e+01
8.152621830630796751e+01
8.451564209407850115e+01
8.445852356920232751e+01
8.157502611891642630e+01
7.992193803516686046e+01
7.437216582425595846e+01
6.640385922818482811e+01
5.929918716370430332e+01
5.659772039455236836e+01
5.259306680019452074e+01
5.211123149399701049e+01
5.201226675328668847e+01
5.115539276392873091e+01
4.967766992018354699e+01
4.673510320201196322e+01
4.527748538510408594e+01
4.342019993132124256e+01
4.258513166659732008e+01
4.232045487820241902e+01
4.248749854700603379e+01
4.287073997722805530e+01
4.415148961468108268e+01
3.952693916928902240e+01
4.450554362981011991e+01
4.484219836734247622e+01
4.802684584962805303e+01
5.797970932570099478e+01
6.949129753791000041e+01
7.906989580044358945e+01
8.626535214070098334e+01
8.911669698871105538e+01
8.568180106807115237e+01
7.754493842699457673e+01
6.962502547517564722e+01
6.530804557563718049e+01
6.247476961359971881e+01
6.144139502318867585e+01
6.132516400759659803e+01
5.848680925819594734e+01
5.404767629540275919e+01
5.057520021389482423e+01
4.712523544535378051e+01
4.598476785084262275e+01
4.636685075142541734e+01
4.754393482939552484e+01
4.795856222609742048e+01
4.864605008215838211e+01
4.693582063829612849e+01
4.779505285236357537e+01
4.670393115862110278e+01
4.870807908474179726e+01
5.108313418160104646e+01
5.291854530440752313e+01
5.401959543071099290e+01
5.287775890089846342e+01
4.990034167082156102e+01
4.739224233575217937e+01
4.557058082418321732e+01
4.479351602424745238e+01
4.952036563153743742e+01
5.886733975798436802e+01
6.761479654244710957e+01
7.343504069378236920e+01
7.710897985984293257e+01
7.705479294167248838e+01
7.108904426890417483e+01
6.209928049165851149e+01
5.421292673552468244e+01
4.714175868876132114e+01
4.277214012189870829e+01
4.402325560261980542e+01
4.840101868480967084e+01
5.224492345592853582e+01
5.607053356721821302e+01
5.735284809471207268e+01
5.714518065467466812e+01
5.340470650582725654e+01
4.957551042841979694e+01
4.596493784842483876e+01
4.513669073476408045e+01
5.204163100532932162e+01
6.364152908396561514e+01
7.172160291246059671e+01
7.794753601568191925e+01
8.140201245347786596e+01
7.905778991073681539e+01
7.157375156076706446e+01
6.197249410504876010e+01
5.448944309979980716e+01
4.699904541508912814e+01
4.320906300914295173e+01
4.302058972348238086e+01
4.311113640764656907e+01
4.256698968483895129e+01
4.351328918665861067e+01
4.595790824323682955e+01
4.932205608341884329e+01
5.279675007366626716e+01
5.468426896373745905e+01
5.604826088400828610e+01
5.494130579397992165e+01
5.212867415732223009e+01
4.881076226691799747e+01
4.795427968014458742e+01
5.200884287665392947e+01
6.032238713051585677e+01
6.611729680340548043e+01
7.074126662257923215e+01
7.326308186335994321e+01
7.156436484221546834e+01
4.662263354319294706e+01
5.204544555532618944e+01
4.686070437653219045e+01
4.342039837040251626e+01
4.220244964932207665e+01
4.223389190686556560e+01
4.166006058196464323e+01
4.143503440837314855e+01
4.111927134764063396e+01
4.136770438420743545e+01
4.100278802498937836e+01
4.266839296838741546e+01
4.241961838688182240e+01
4.555877217545248214e+01
4.900378133453131113e+01
5.114670938185300741e+01
5.168419231819828497e+01
5.123009618869686932e+01
4.937112633268790773e+01
4.656253065248792922e+01
4.725740938905363464e+01
5.149256414430609397e+01
5.541500095082859900e+01
5.874872489450147839e+01
6.144803039605117334e+01
6.179366311881074125e+01
5.793299792974894302e+01
5.276784445857345673e+01
4.728537059407360488e+01
4.411017428312722899e+01
4.150922376419595849e+01
4.103148232054259381e+01
4.068791996009689171e+01
4.114922174422164147e+01
4.137561780888574248e+01
4.168483786257444734e+01
4.159776260236123591e+01
4.137644210698280034e+01
4.084473407598967754e+01
4.088446776718858899e+01
4.112035383483723194e+01
4.032377439464250557e+01
4.050270521151392700e+01
4.072763923509464945e+01
4.271009542045506890e+01
4.509320378022702158e+01
4.820476723932695506e+01
4.664726188011149333e+01
4.652457070637673553e+01
4.506469056023082231e+01
4.378672156762311829e+01
4.377158489665795571e+01
4.662840018083595339e+01
4.817205557584170350e+01
5.034101029130543026e+01
5.179926183428109709e+01
5.095315761199776006e+01
4.906571453799234916e+01
4.551449399691874476e+01
4.317854827680901053e+01
4.097341802754525730e+01
3.982563239726618320e+01
3.971369186640684745e+01
3.955131832407369785e+01
3.891453556118686663e+01
4.030133335979464704e+01
3.917569411752569408e+01
3.950129940817017626e+01
3.988126538489738948e+01
4.034158890799617581e+01
4.040303699005173854e+01
4.104597016797795561e+01
4.132030881034695113e+01
4.208228109239128401e+01
4.268067161880515670e+01
4.358134536923423497e+01
4.404011569761014755e+01
4.429814089529227061e+01
4.524227141443250133e+01
4.601762837583279264e+01
4.707592103108649439e+01
4.928237575508254764e+01
4.969691897227819766e+01
5.028070706120353606e+01
5.168017309373593804e+01
4.427539133365586821e+01
4.951233907077468643e+01
4.924262521600322629e+01
5.038732506154873647e+01
5.176827412345615897e+01
5.393197309426415842e+01
5.315711556237878455e+01
5.262880478792237682e+01
5.079190648453862167e+01
4.882405543931957226e+01
4.494857632036441686e+01
4.357746267364846204e+01
4.318000913165994348e+01
4.149621812086577677e+01
4.253524080009573538e+01
4.178248780356094016e+01
4.272914513121656910e+01
4.288118178120366508e+01
4.187272577689812181e+01
4.087318243413823637e+01
4.054530547876797897e+01
4.023872677229905293e+01
3.994509293687821838e+01
4.011732088755993431e+01
3.964897251242217635e+01
3.950110653759656287e+01
3.946437253092430097e+01
4.021364283343078228e+01
3.895665384651032070e+01
3.875149202151241212e+01
3.862374873940846953e+01
3.908548550620022155e+01
3.900455264982144854e+01
4.025186714124740206e+01
4.094559018890493007e+01
4.141177583757702507e+01
4.277640916543252558e+01
4.570443269473025794e+01
5.086721660234324105e+01
5.715627659090716151e+01
6.011253503029992373e+01
6.315423160242803391e+01
6.310895056918728585e+01
6.045117237673709099e+01
5.546233723651187120e+01
5.164679185829927377e+01
4.946390389228580631e+01
4.709550849154078378e+01
4.587156342404134080e+01
4.344408289503512322e+01
4.220132934014633008e+01
4.068641265348912839e+01
3.998326092282164268e+01
4.020987581344832762e+01
4.080768898517280974e+01
4.051729087124260076e+01
4.029701863908555026e+01
4.000848126407145600e+01
3.905131663287820487e+01
3.902598712591582597e+01
3.874273778227423293e+01
3.852967638572983589e+01
3.868110730983297429e+01
3.841577122936707411e+01
3.854305784492466813e+01
3.869158527465901898e+01
3.997294465868369429e+01
4.204185553733017855e+01
4.182225934072109652e+01
4.319930257951806851e+01
4.327004506936098949e+01
4.206899845638455560e+01
4.106129501801963499e+01
3.939161382965097857e+01
4.005470377173205065e+01
4.033542395862320262e+01
4.032310277366585893e+01
4.244725186857647969e+01
4.600422298934599041e+01
5.034286768306780857e+01
5.250828309357354584e+01
5.472815122158814205e+01
5.574968057441938640e+01
5.339745036954606405e+01
4.961549518668104497e+01
4.533265343307581929e+01
4.197643759507690220e+01
3.979879090678596043e+01
3.903494822082499383e+01
3.882092498539466163e+01
4.167907538011782265e+01
4.303849373475713946e+01
4.798274157230110859e+01
4.720500980561544679e+01
4.642784059919540596e+01
4.224158204848728815e+01
4.108557487716473133e+01
3.992236646903155162e+01
4.056631452972040108e+01
4.140376206339061582e+01
4.729792615874421813e+01
5.536349917911454099e+01
6.525394387364376314e+01
7.501689678203429423e+01
8.588018253688423442e+01
9.184192315491468150e+01
9.364638337833514470e+01
9.191162596545983376e+01
9.159763852252946492e+01
8.982464832578324376e+01
8.850640558092942456e+01
8.733316918961781994e+01
8.350786012768111277e+01
8.028455776277925793e+01
7.433679564368789272e+01
6.861701412460607230e+01
6.472592233879284151e+01
6.273965915320611231e+01
5.760276037341693467e+01
5.521475095942449940e+01
5.172093486578830124e+01
5.109254125308045502e+01
5.047491358487771862e+01
5.136839089682047188e+01
5.252851452235879748e+01
5.602243320424567941e+01
6.143019543209522482e+01
6.720250464721810602e+01
6.991132475304485183e+01
7.084820675937091039e+01
7.160453256329898863e+01
6.712629835913791965e+01
6.214713148172901924e+01
5.906522405086727900e+01
5.524123799492471676e+01
5.388935164733545236e+01
5.280891399310093703e+01
5.242143732775604548e+01
5.258998826153466410e+01
5.133646857898683891e+01
5.091502895664021366e+01
4.951755869450722969e+01
4.926140447955327062e+01
4.786573166524648570e+01
4.801771205678949883e+01
4.696751917693599410e+01
4.730620018575513797e+01
4.667443980325911923e+01
4.703307946184395405e+01
4.708394899170769321e+01
4.752262073342158999e+01
4.650785563367466580e+01
4.496607503969287478e+01
4.439556145080825900e+01
4.486478801567944430e+01
4.617293183580207483e+01
4.651820009323335370e+01
4.708432890357779854e+01
4.599862100040939339e+01
4.533872428891304196e+01
4.284390234403375786e+01
4.143940369293937209e+01
3.999494835398721193e+01
3.958718145766923868e+01
3.958024719846416417e+01
3.954907620701902715e+01
3.969835120550811070e+01
3.855715075154834892e+01
3.886445646693101708e+01
3.864324536336572180e+01
3.942168575657788665e+01
4.003268092064566730e+01
4.044453267285046394e+01
4.112475800416338956e+01
4.408206405358628643e+01
4.750248293872473226e+01
5.099050725134292605e+01
4.539836840985233835e+01
4.322254922347546113e+01
4.226858701316180600e+01
4.184827387251172581e+01
4.164020832933859850e+01
4.159249144151560529e+01
4.081630115537154779e+01
4.128455302234048929e+01
4.230595382654629333e+01
4.297075329536856714e+01
4.317267367287431057e+01
4.353144736958511629e+01
4.281604258831445975e+01
4.267916374623882092e+01
4.211996187875288911e+01
4.093259573430859888e+01
3.998898630978174396e+01
4.037183067232728462e+01
4.642240602593139442e+01
5.748764932981811171e+01
6.623323868004477788e+01
7.465872068512538817e+01
8.435142541539082117e+01
9.258229035005788887e+01
9.348116774940808682e+01
9.096141631560492158e+01
8.759254807337821092e+01
7.951422885081223058e+01
7.046930061021922143e+01
6.179688233530668384e+01
5.659155022367872334e+01
5.410431435975761616e+01
5.351157086183189193e+01
5.394392326611443167e+01
5.131451179068361768e+01
4.906608747992736852e+01
4.598285235164713214e+01
4.369317866662067473e+01
4.278934038909397231e+01
4.159661381131932245e+01
4.203236535933510254e+01
4.225767571412635704e+01
4.232215074402891020e+01
4.131850814692318608e+01
4.038215232870559390e+01
4.021842299912373164e+01
3.951896875330982795e+01
3.915133888824159669e+01
3.880618799862715917e+01
4.188625822469371229e+01
4.616463457462418063e+01
7.624359749456117186e+01
8.346256461489606693e+01
8.634164573257882580e+01
8.400568311859865389e+01
