8.543480251322256080e+00
8.231250154585389112e+00
8.084318997772236060e+00
6.922677001579043754e+00
6.944052615729617628e+00
6.796321753725756309e+00
8.449605109025513983e+00
7.729586770207071744e+00
7.245840628579049536e+00
6.992178041596858407e+00
6.616347253776719839e+00
5.150200415579314850e+00
5.474972340016078576e+00
7.051108465203967057e+00
6.765638991903911048e+00
6.619247658631138620e+00
5.138917662260607422e+00
5.243127836962111488e+00
6.664401127007329784e+00
6.844687073765834739e+00
6.249164587993356612e+00
5.704623851899587983e+00
8.474183676947902200e+00
4.820370601595271864e+00
6.643868304149188830e+00
5.850128947851443328e+00
5.836733180527165388e+00
7.226438264565979708e+00
5.993961904881645708e+00
6.982499592817603684e+00
5.725523311037732377e+00
4.501318606395696698e+00
5.520112198560640060e+00
5.528027351644653642e+00
6.403309975770937967e+00
6.493120504691557215e+00
6.387595139298157143e+00
7.700006394508958074e+00
7.305912194994781395e+00
8.774331031380667056e+00
7.636132869633285303e+00
6.803661876392410157e+00
8.690603672959539949e+00
6.126415296883250150e+00
7.185136674620145492e+00
7.090947627446255730e+00
7.235570296836518089e+00
7.026689237611122962e+00
7.049688077030470623e+00
5.598809165743580785e+00
6.802772906931680019e+00
6.761112592334030502e+00
6.471062147768873452e+00
7.980946292129778463e+00
7.123824602768371150e+00
6.640127806888454387e+00
5.360702369264119582e+00
7.745789830337237447e+00
8.555591343276143235e+00
7.948532120689051794e+00
7.655343924516960108e+00
8.167841841541589432e+00
7.399274744168446105e+00
6.991190198059525684e+00
5.894658840147616985e+00
7.130016222365769707e+00
7.108768017584583987e+00
7.648851623431956348e+00
7.663301727768573990e+00
8.011249089641976795e+00
8.026340245827126907e+00
7.340119856733859471e+00
8.374324121115076736e+00
9.256635310749265599e+00
8.695296130504608811e+00
8.240197477252140246e+00
8.414826430480003339e+00
7.807150981569049186e+00
5.819623326347445946e+00
7.309526739598342537e+00
9.436599260815023982e+00
8.639239480643835734e+00
7.266621049409954125e+00
8.058848056658723280e+00
8.087286157613130300e+00
9.619438748351983648e+00
6.558298250973709109e+00
8.928134731876705033e+00
8.430665803699117333e+00
7.826156376485073451e+00
9.145925973965088218e+00
7.444068897485757397e+00
6.620780255637151335e+00
7.957720799494302000e+00
6.230802497269407603e+00
6.972895595122115431e+00
6.505463373898802359e+00
4.905877885406548344e+00
6.609811229902168961e+00
8.553674895631107944e+00
7.897280734202928976e+00
8.904776806993496052e+00
8.493907580404155055e+00
7.590631039177679007e+00
9.500536474575355328e+00
1.024027918241351287e+01
8.590865748634401555e+00
9.407024547851484897e+00
8.981703441665530363e+00
8.939026514724144334e+00
9.477342606418426740e+00
8.102954791825501601e+00
8.160476858633417763e+00
8.173863951985010701e+00
9.569542992190649855e+00
9.268614087376748856e+00
8.084310073513991668e+00
7.776819002941841141e+00
8.550662944832732038e+00
5.610359157227823523e+00
8.607266320723111264e+00
9.968518903869762582e+00
8.881632905726632998e+00
1.023127812016928395e+01
8.028549078971394692e+00
8.899160967042403669e+00
7.298070611229323212e+00
5.848315751966412179e+00
7.951815945158313248e+00
7.912284029891444526e+00
8.148214366815777154e+00
8.311268981627646824e+00
9.093163514725887353e+00
8.339552377400499594e+00
7.505704273908871293e+00
7.435363155625773324e+00
6.317597910324249000e+00
7.388619502286011276e+00
6.601806422468645685e+00
9.148369301271966236e+00
8.878934263171510466e+00
7.888464625934564545e+00
8.997580465749715373e+00
7.297868335989493360e+00
1.017450848456949863e+01
7.939950321610938389e+00
6.900892782846049123e+00
8.313715343517060319e+00
7.896347709431946527e+00
9.132075230713397218e+00
7.697950589593299142e+00
9.487378966368520850e+00
7.493063716094362725e+00
8.768190502939631870e+00
8.134015345671823383e+00
7.186026391198676144e+00
7.638397262184156489e+00
7.982419445105234601e+00
7.701730622973907536e+00
7.775154851719746851e+00
7.742048032949715441e+00
7.830797438126412047e+00
6.639819705370449299e+00
7.133995979789230724e+00
9.463311059092070820e+00
7.682188687144015482e+00
1.017486436858503751e+01
1.014407429167201435e+01
9.238820124700582781e+00
9.052661803128426499e+00
7.547928363983603006e+00
6.960317513169401948e+00
7.032482124240651444e+00
6.747066462388145780e+00
6.484170701161019679e+00
6.399924646135350059e+00
8.165411727148740084e+00
1.305702102743165405e+01
1.642216861023242913e+01
1.967417132432525761e+01
2.213929362353160357e+01
2.205994168235285713e+01
2.041749130509966648e+01
1.737307970460025430e+01
1.189126066492303124e+01
9.927030284264528603e+00
6.184896517743823985e+00
7.948897895349737119e+00
7.761948649647249177e+00
6.895265061716103538e+00
5.962272468113216206e+00
7.873424297346276468e+00
8.235730439217926246e+00
8.425561473184965067e+00
1.026738855745408863e+01
8.458663274226450923e+00
1.082670645294853173e+01
8.563739294948828018e+00
9.884894471471715960e+00
7.944182476454701103e+00
8.310116822068113862e+00
7.678627396871757327e+00
7.544484698034226611e+00
6.075251968409633996e+00
7.050879783025857606e+00
6.629031639293070377e+00
7.537592835476271347e+00
8.643107605831518825e+00
9.619731760121336350e+00
9.515906454121807911e+00
1.090879281929801614e+01
1.055170388807311888e+01
1.054704050785386293e+01
8.750529837247160714e+00
8.515990994720596063e+00
9.971326236387383801e+00
9.118633249471267632e+00
8.601887498208702354e+00
1.024492339585923339e+01
8.986526904178202102e+00
8.281836820790815068e+00
8.321497296465846460e+00
8.151975764689280979e+00
8.910576315184972174e+00
8.051573037255884913e+00
8.215892304401023694e+00
8.396335128429551986e+00
9.169747110841720783e+00
9.168116953956987558e+00
7.419120300616816266e+00
9.528487435892987634e+00
1.175468490594807491e+01
1.136830924476518767e+01
1.040767255071664188e+01
1.164527996596701520e+01
1.267744440540751860e+01
1.266528913722773630e+01
1.267578542735688885e+01
1.362313455682369856e+01
1.105371956764026287e+01
1.217762487075845357e+01
1.257887689581974122e+01
1.043266623536614546e+01
1.117494247413871555e+01
1.133644839746999367e+01
1.034656091479437201e+01
1.060762656143047700e+01
9.597045818332153644e+00
1.111539168502795327e+01
9.835448095061495977e+00
1.049655295748101835e+01
9.517786266756719016e+00
8.171898323645640616e+00
7.672616500557769115e+00
7.211190846824290901e+00
8.448741623577662452e+00
8.524673764863472059e+00
8.840879665309914870e+00
8.977983515888260158e+00
1.159938317602514779e+01
8.894019002386949424e+00
9.982449953026064193e+00
1.322128564606775569e+01
1.138495064017719471e+01
1.208798461095477350e+01
1.154859515288918104e+01
1.084961751681364106e+01
1.272446099161301092e+01
1.388686256308511524e+01
1.351885370958715527e+01
1.039317001476631219e+01
1.164033246275212363e+01
1.122816271967469071e+01
1.045727642966604698e+01
1.166641529090984974e+01
1.210093405342293416e+01
1.118337907060497294e+01
1.253445383396425328e+01
1.079677836444630934e+01
1.013333660464031993e+01
1.234221702520284403e+01
1.238014176000726785e+01
1.210547653495334153e+01
1.032881566946126028e+01
8.276505111335296760e+00
9.544426349568880141e+00
8.745678682721298003e+00
9.023149327759814042e+00
8.429276465309227362e+00
8.226795747664871428e+00
8.976672877719707344e+00
8.118466201751438405e+00
7.648783491872072737e+00
7.698946670483246102e+00
7.223864509681426682e+00
6.856191976282488554e+00
7.980408634017050140e+00
8.338466266810035776e+00
7.957266716190834366e+00
8.023375862491503696e+00
9.401632895650990918e+00
8.831623293347705683e+00
9.068803974574869642e+00
1.212411050970532322e+01
1.268213131256857906e+01
1.175133227294783111e+01
1.222963562786416247e+01
1.193743763659322354e+01
1.152910966337763021e+01
1.209963093011935875e+01
1.093807051444450984e+01
1.177584254077939185e+01
1.208226800801799072e+01
1.204418312714043893e+01
1.211968821025151755e+01
1.194101974820624612e+01
1.239952189048677944e+01
1.377027707770349174e+01
9.964380265492856381e+00
1.058432737834571036e+01
1.112249412898403733e+01
1.398109337373080052e+01
1.351252345063321414e+01
1.485914698964945302e+01
1.533610144115366758e+01
1.271905742728890409e+01
1.294025892605462502e+01
1.445957795936549317e+01
1.435192656175295767e+01
1.382474125368176487e+01
1.598242969486974907e+01
1.407323882253736791e+01
1.241704525179197027e+01
1.024413868866357902e+01
1.198954691497277736e+01
1.164273987818897460e+01
1.258403610965217823e+01
1.451895612562297622e+01
1.283501943734661133e+01
1.254545368802271810e+01
1.215929592465302456e+01
8.683090474370484202e+00
1.254684753139901332e+01
1.120884986369678771e+01
1.009931228386751556e+01
9.333463293812451766e+00
9.832115143830456816e+00
8.116749677495171511e+00
9.267951146867371648e+00
9.473200194454344469e+00
1.092962181262317323e+01
1.208377924941410697e+01
1.115946655699594281e+01
1.162332182490731114e+01
1.226819693834776359e+01
1.078505062856553742e+01
1.234135363970602484e+01
9.988076228603572915e+00
1.250002445385457861e+01
1.188682272874600088e+01
1.219824265459606849e+01
1.308294119780153331e+01
1.461398772762449028e+01
1.395371092843794081e+01
1.270745614537363899e+01
1.254397795522109682e+01
1.192351169443740488e+01
1.324796831996949287e+01
1.149850603845300512e+01
1.401751432749174064e+01
1.411755541904225808e+01
1.327179355890290680e+01
1.556993566681316210e+01
1.448097691333385129e+01
1.346148574530562492e+01
1.298688607077203194e+01
1.434596561394269187e+01
1.628745493217346763e+01
1.339634000994751517e+01
1.392156733485211362e+01
1.484032270874557291e+01
1.433151215443014692e+01
1.131765615827854887e+01
1.571803639270917152e+01
1.355156276600862952e+01
1.263834476131805928e+01
1.144856657062336502e+01
1.407870433833265444e+01
1.330852968002014514e+01
1.137626880091494108e+01
1.276826467400255716e+01
1.386328928601685995e+01
1.147906067873293168e+01
1.123385622423833929e+01
1.258270695509142811e+01
1.070858094123421367e+01
9.076420988420332847e+00
6.439488836379800851e+00
6.181159748898789275e+00
6.887681309465511603e+00
8.256367846751096806e+00
1.086945185232345601e+01
1.163942120175441275e+01
9.223654480112976728e+00
1.121657474559675727e+01
1.292417128223296530e+01
1.201124569231785877e+01
1.313798170936460430e+01
1.165828150836386357e+01
1.367562118105471214e+01
1.233926837304299262e+01
1.390045951526227519e+01
1.431146194930220794e+01
1.451206929669546142e+01
1.487771876914155911e+01
1.570959488438661111e+01
1.676361248497035561e+01
1.600177399401473366e+01
1.374124707438094894e+01
1.352036275044999947e+01
1.444880332777617049e+01
1.255987311685418995e+01
1.429466372521899586e+01
1.379258323577176348e+01
1.388234399847513245e+01
1.449827158275788364e+01
1.405312528566118857e+01
1.186490027599079689e+01
1.341513748170996401e+01
1.234784075961033345e+01
9.348624865791526517e+00
7.602984660334761280e+00
8.464893434684192641e+00
7.193432917792311088e+00
9.305107478892395534e+00
7.568866345883964897e+00
6.832625215078460101e+00
8.698681382702345033e+00
7.519689404263738552e+00
9.941400344096257058e+00
9.397000079881566492e+00
9.211022942095238975e+00
8.854468826433201656e+00
1.223564150698975084e+01
1.419920163274615987e+01
1.584363485578774977e+01
1.718385326785062261e+01
1.422982346962857214e+01
1.462905236208997906e+01
1.373002172569540669e+01
1.566748120837105418e+01
1.439797364180224548e+01
1.587888737792116878e+01
1.553376240333220970e+01
1.546178968099372675e+01
1.756852775516530230e+01
1.656641624369605381e+01
1.695040843967693434e+01
1.698726959618657517e+01
1.674913295942041103e+01
1.594560460849797856e+01
1.753064453057039174e+01
1.966178277134266494e+01
1.628707932307839457e+01
1.805475306537445235e+01
1.757507137750792126e+01
1.848241721172915319e+01
1.666105012805003938e+01
1.780619460146046151e+01
1.824343229895676544e+01
1.724435071895875637e+01
1.699627475718502367e+01
1.724566832255301208e+01
1.695885523378751714e+01
1.605991973032209330e+01
1.436163256655405895e+01
1.637772307746197953e+01
1.653344079413979273e+01
1.731061355895517906e+01
1.629855705341804750e+01
1.847045098357136084e+01
1.705677285707838564e+01
1.796423493600623189e+01
1.767786557570605055e+01
1.742364686009501185e+01
1.849982747712249420e+01
1.839673502379766390e+01
1.713826449241235039e+01
1.938597873914513059e+01
1.917799305940351928e+01
1.964508813646462215e+01
2.007892804839924139e+01
1.878899263598184177e+01
1.726959456944749860e+01
1.739179271910235869e+01
1.648993883527766258e+01
1.772695117245617880e+01
1.762533503893980580e+01
1.720270797889926584e+01
2.001013128613395153e+01
1.870903200332092098e+01
1.653221373984748510e+01
1.713364669278561436e+01
1.753011354143723111e+01
1.567267680492884097e+01
1.897856774720768769e+01
1.980478155157143050e+01
2.013427422177316473e+01
1.895347523248225841e+01
2.075254575639154098e+01
1.813990312910980762e+01
2.052436438368160410e+01
1.920891037451561445e+01
1.876589440344768533e+01
1.820440244020818810e+01
1.525200645879892036e+01
1.866598472396331942e+01
1.787808387178885994e+01
1.530835091285600846e+01
1.685084556324116889e+01
1.854729842689613761e+01
1.919544984555646749e+01
1.947903501364587697e+01
1.777432929569414810e+01
1.730494291691497821e+01
1.886664030966500505e+01
1.920032377014011971e+01
1.988587466649907398e+01
1.917044674046764285e+01
1.670068073085006688e+01
1.734473278097643956e+01
1.798684499314141405e+01
1.878833376454690907e+01
1.859321822883696740e+01
1.915896889205997056e+01
1.931667949255419003e+01
1.806531620719376363e+01
1.711681175282466327e+01
1.744869444838274930e+01
1.687733016993954394e+01
2.072923725299909137e+01
1.821304715176782096e+01
1.805923976654004548e+01
1.688254710477978549e+01
1.754618079794598273e+01
1.889612837965674430e+01
1.686101257304517276e+01
1.661780098872509726e+01
1.655186386967302781e+01
1.859081473520403449e+01
1.911530845439315129e+01
1.599718683424912946e+01
1.567436061171515149e+01
1.706727455233325941e+01
1.809120538260692967e+01
1.880889382108500385e+01
1.701294116257907163e+01
1.784850664132756037e+01
1.717974758711643091e+01
1.631291705231118883e+01
1.822792218560151767e+01
1.745041869113098798e+01
1.836694854733932303e+01
1.928503030204831603e+01
1.836680012648112736e+01
1.800401717337967611e+01
1.766778580772529139e+01
1.681152468264421884e+01
1.557872846549882695e+01
1.531953095567259560e+01
1.469987455953221023e+01
1.357247880737042678e+01
1.407761432401705015e+01
1.588175498277988318e+01
1.679869876043908405e+01
1.323025649119213298e+01
1.699505685408266586e+01
1.582194104246072541e+01
1.620404917091004648e+01
1.680209737986433538e+01
1.621370686779647841e+01
1.650835377810031801e+01
1.643739153158806587e+01
1.572139537875571058e+01
1.892208456150400764e+01
1.754706074453502751e+01
1.793017153163255983e+01
1.772036331348691718e+01
1.759417712974957126e+01
1.736441794910580327e+01
1.866549661402824967e+01
1.758793836049966686e+01
1.858079872415755318e+01
1.650268386859050196e+01
1.630141388837784433e+01
1.663351060713208440e+01
1.793150919382098962e+01
1.765321169426390568e+01
1.842579265404864586e+01
1.926852095586996683e+01
1.848814904483937838e+01
1.892251205594703478e+01
1.884738237715420439e+01
1.846629252904800467e+01
1.934565941630659935e+01
1.715100681595913557e+01
1.563362469240203723e+01
1.617563866558947083e+01
1.776344073022589498e+01
1.670325355367752351e+01
1.760230777428072813e+01
1.796747938463568417e+01
1.870772962934085726e+01
1.835186851784157724e+01
1.858295753376919635e+01
2.007874380147807258e+01
1.852488250846716156e+01
1.876892555041494859e+01
1.897262435862340624e+01
1.743135723571390017e+01
1.675152228957396261e+01
1.639704102491767301e+01
1.815954809878619969e+01
1.948662179518304427e+01
1.869694765651718527e+01
1.735987356959612171e+01
2.032371673036179160e+01
1.907926233497254032e+01
1.969623127616106473e+01
1.672258309039856883e+01
1.960207849822394621e+01
1.733373895108647744e+01
1.804480914953199644e+01
1.878634419757015550e+01
1.776583224665411009e+01
1.809626809766893274e+01
1.944475021135397697e+01
1.771097784506790873e+01
2.039270965224410048e+01
1.717781081091237283e+01
2.250820058191533235e+01
1.894486433054488472e+01
1.738124747641161960e+01
1.975459394129179813e+01
1.770260149326185939e+01
1.814872904801463704e+01
1.721559419351471121e+01
1.860033836135758989e+01
1.962313948315206602e+01
1.759662074557152778e+01
1.939935632243691543e+01
1.838026219885110635e+01
1.808883645855724964e+01
1.868931281707616421e+01
1.872262591730299519e+01
1.797802726127576989e+01
1.805116326485192957e+01
1.996210958478873465e+01
1.973684514431533543e+01
1.720128268794341864e+01
2.000861067539275240e+01
1.712925511100195308e+01
1.779228831844829983e+01
2.039858621954787665e+01
1.906108822429130356e+01
2.073554621914306395e+01
1.826656642132376973e+01
1.837967423745303108e+01
1.700167239567261745e+01
1.857244050263606994e+01
2.170045698962708514e+01
1.934495905245307767e+01
2.070640429226061485e+01
2.076222396380313384e+01
1.954547336913123345e+01
1.983760086420987889e+01
1.775979569229997068e+01
1.821940525137948086e+01
1.771041812693759354e+01
1.711445705469368050e+01
1.798546547920635064e+01
1.845461915943876008e+01
1.693081840731948517e+01
1.850068032709371124e+01
1.851502404361223242e+01
2.070307604599180351e+01
2.043018394296457885e+01
1.907665252818394208e+01
1.986762678263913173e+01
1.944114990208886695e+01
2.090207079610167540e+01
2.040839879361433162e+01
1.824024438742536347e+01
1.978600514942854005e+01
2.003376454257485051e+01
1.894351106100112503e+01
1.862103503975869145e+01
1.695693758259886152e+01
1.813721921892976852e+01
1.883969020259691263e+01
1.974934497439914693e+01
2.028688084146570603e+01
1.783565459127116526e+01
1.906941787429031976e+01
1.919645492783627105e+01
1.854652565190998104e+01
1.804511885901011325e+01
2.050037783735922758e+01
1.868785499730881128e+01
1.885525427992491387e+01
1.918027621638626457e+01
1.902708836092356037e+01
1.851213416568970516e+01
2.219772313892912763e+01
1.972901969604937733e+01
2.122444093710518942e+01
2.177921684445204775e+01
1.776158542004881014e+01
2.056055683266458800e+01
1.952930220974401010e+01
1.914965596334957354e+01
1.779984857643543350e+01
1.884936090353349059e+01
1.980210865805771903e+01
1.738069038955305246e+01
1.904438871330147620e+01
1.986823682794095092e+01
1.950674354589398973e+01
1.802869219406666090e+01
2.100293131785377909e+01
2.003602344373690514e+01
2.105128063939592309e+01
1.742583332276472774e+01
1.874380286464194967e+01
2.021206072544161358e+01
2.000136762096503773e+01
2.130396060860943663e+01
2.221122921842387399e+01
1.905073548759813207e+01
1.871140249989108639e+01
1.978702274969021246e+01
1.960527444776931105e+01
1.854905628483912849e+01
1.846591280324600248e+01
1.695853000613059081e+01
1.964921847399440935e+01
1.896903959114120042e+01
1.781316370780583469e+01
1.887144879487761884e+01
1.902507836830940491e+01
2.044005518724818771e+01
2.005526145117470804e+01
2.121161871344327210e+01
2.097840118417054711e+01
1.853392721069199922e+01
2.178195864631518930e+01
2.010722045379003120e+01
2.030778727032167197e+01
2.113307737711719625e+01
2.163207052703889133e+01
2.023475479921442499e+01
1.850319221156161831e+01
1.969061738776401072e+01
1.685495858416397397e+01
1.972128876796640284e+01
1.878021979902119298e+01
1.905721310489118281e+01
2.017447059776748830e+01
2.115152863307834963e+01
1.923232608706243951e+01
1.755989690773492384e+01
1.869869650569357589e+01
1.811662339562505153e+01
1.770622584105116459e+01
1.613829052689455779e+01
1.683034738135354402e+01
1.580642045120688088e+01
1.684540927529234366e+01
1.538132442592761073e+01
1.543154168589576258e+01
1.643731277294764936e+01
2.006643469700455640e+01
1.549982160571972933e+01
1.405251091811132724e+01
1.558487509667981996e+01
1.607943099481125415e+01
1.730776982856575685e+01
2.097962589994491722e+01
1.595798281857778633e+01
1.867642457874583428e+01
2.123749413616128479e+01
2.024875904126787063e+01
2.105560074793765324e+01
2.233964310902723227e+01
2.120309758098779440e+01
1.942068873969558851e+01
2.008071022016623530e+01
2.179923498001775428e+01
1.970416072577283728e+01
1.799169555815360155e+01
1.769838534968663168e+01
1.879429518001291655e+01
1.795627456185456339e+01
1.715122414643929361e+01
1.929322729021476590e+01
1.932487314164269776e+01
1.865417977135643923e+01
1.891420817890829653e+01
1.929529223209719291e+01
1.759517549842999173e+01
1.769880177299661383e+01
1.872058976073470760e+01
1.980807723347505345e+01
1.766672932018811792e+01
1.598636909078506640e+01
1.652903755443409395e+01
2.101312572158060732e+01
2.130339670174869937e+01
2.235239871010108459e+01
2.239936324837947623e+01
1.728859620298721111e+01
1.734014123512488581e+01
1.766948414255678657e+01
1.840609306267172585e+01
1.755486095507189148e+01
1.984413694781249049e+01
2.181557007028617079e+01
1.955874176274214449e+01
1.879534435078818788e+01
1.827012994924455214e+01
1.994547616667039236e+01
1.881157229733085146e+01
1.980327030083920192e+01
1.975731136026966794e+01
1.956549114103555809e+01
2.209271024246130111e+01
2.252515134451613221e+01
2.182687023655571323e+01
2.180714231719641205e+01
1.801440685519426310e+01
2.111179890927498803e+01
2.239102183294027171e+01
2.169180542324778926e+01
2.213904289484936427e+01
2.119601117070187613e+01
2.028135200228547319e+01
2.168207508022513963e+01
2.109782636009060397e+01
1.940096462279734268e+01
2.178402066543850069e+01
2.124377465029040124e+01
2.015811693432571161e+01
2.087081951101830057e+01
1.966727155970384544e+01
2.055171102369287084e+01
1.956358448288674623e+01
2.277191625060580549e+01
2.205391908563913006e+01
2.169740334222157330e+01
2.083651495484961913e+01
1.976715091767317389e+01
1.819258017310174580e+01
1.942910090290845915e+01
1.727730590778231345e+01
2.025703776141920542e+01
2.071434451809936306e+01
2.020377386016585675e+01
1.980793771377465262e+01
2.080504848810052465e+01
1.936187578893954253e+01
2.254485524034785726e+01
2.128218288666956326e+01
1.967483042591246090e+01
2.421099012529367656e+01
2.275428408301641880e+01
2.618577900015571913e+01
2.541886640576390022e+01
2.493218748666112106e+01
2.547619923379653883e+01
2.627237888430720147e+01
2.457338689669175480e+01
2.469191811147257454e+01
2.391730247106466223e+01
2.427254150563711477e+01
2.406787229096387648e+01
2.263318869305041403e+01
2.280285894625999532e+01
2.237895523948884957e+01
2.243935997367918844e+01
2.323575500653810266e+01
2.089618578510688707e+01
2.320806421890821625e+01
2.420027316654320515e+01
2.586252103022069448e+01
2.577292750133814536e+01
2.514184491089739026e+01
2.583204999186162709e+01
2.556564351845077354e+01
2.551399189641060872e+01
2.614415439340859493e+01
2.538542682613842061e+01
2.483059105954934509e+01
2.451883787241758839e+01
2.703677834648360800e+01
2.484437868536643990e+01
2.545192302304372589e+01
2.451891232430024559e+01
2.360815585726559718e+01
2.224544407394714085e+01
2.363005500236987899e+01
2.291541175214434745e+01
2.478698775332205173e+01
2.527769047006271919e+01
2.285609085639030624e+01
2.361042359830501525e+01
2.565672641422730393e+01
2.469128878083598622e+01
2.722192725766929655e+01
2.816380716394665029e+01
2.852643646844683190e+01
2.509338740274186463e+01
2.694520875366561796e+01
2.433716715428760935e+01
2.589116374647968044e+01
2.665074779427308016e+01
2.619816787543315684e+01
2.484468535584884563e+01
2.596689224806817720e+01
2.489914286985701253e+01
2.481997767710327452e+01
2.460978133646986521e+01
2.761492567050670743e+01
2.473529422736858052e+01
2.529141124042258326e+01
2.772018020937411720e+01
2.565555709290039132e+01
2.598633791916519087e+01
2.786799269001655688e+01
2.631172936914523319e+01
2.659150808223517259e+01
2.499607329679140832e+01
2.509512260268726536e+01
2.137139736172136750e+01
2.527624765697861164e+01
2.453926187808310289e+01
2.429179161200066872e+01
2.608396987578447579e+01
2.578612425011055009e+01
2.553231734229961702e+01
2.555011889695570559e+01
2.529100633928737452e+01
2.571112010003067994e+01
2.710920145024301675e+01
2.621468985474617241e+01
2.630312703480018754e+01
2.456827783323708658e+01
2.504965844364287619e+01
2.486362767908118343e+01
2.517250153887919240e+01
2.585952167948456548e+01
2.655134845202865179e+01
2.624732229328538935e+01
2.589999650452494961e+01
2.553193147676172003e+01
2.590089374488810492e+01
2.550066500854337193e+01
2.511325756153685518e+01
2.718828789308895466e+01
2.548198185352127609e+01
2.632098066670605974e+01
2.636323215689813892e+01
2.690964269826240951e+01
2.651241244744440806e+01
2.618775868105801763e+01
2.585319403992843235e+01
2.741619434958329293e+01
2.893095306777321341e+01
2.750267743028506828e+01
2.438795605395633359e+01
2.670097293109729009e+01
2.777276748984229826e+01
2.568744997201835645e+01
2.615589201966464117e+01
2.840973157640451063e+01
2.683408640875863327e+01
2.677907476776438500e+01
2.748807376513556378e+01
2.543052742463056859e+01
2.734724823723402309e+01
2.687301708568001501e+01
2.671036631489423385e+01
2.904827470284423185e+01
2.464232468709701962e+01
2.865716052431113425e+01
2.885680355105796480e+01
2.584855329886086750e+01
2.708038986378490875e+01
2.735851643366129338e+01
2.440199684554121617e+01
2.553512528022623229e+01
2.794553539200191494e+01
2.467116238435709619e+01
2.588926048700211879e+01
2.798401904274331997e+01
2.591425866397469591e+01
2.600101776211919002e+01
2.764623318663925389e+01
2.608337370470939831e+01
2.581243561752037863e+01
2.384758619395204704e+01
2.480486564577001474e+01
2.312465036166706511e+01
2.430492288340068185e+01
2.353223998552699925e+01
2.273250764738026675e+01
2.681238744419065156e+01
2.739887332947436960e+01
2.688027652036132054e+01
2.611491505686166548e+01
2.492384914553849029e+01
2.399520858850191729e+01
2.557176734882422764e+01
2.733437726005512758e+01
2.801401900958589408e+01
2.688078051256650269e+01
2.686455911977312638e+01
2.588910749902695585e+01
2.740589570680607068e+01
2.497956066942282760e+01
2.573304250449712427e+01
2.470848111122841573e+01
2.500790099885363915e+01
2.370577235484686085e+01
2.328504011962186482e+01
2.340888740055065753e+01
2.498424323422339910e+01
2.714747120514650547e+01
2.708298878490242956e+01
2.732240652565444350e+01
2.716174643505117459e+01
2.740346375430156556e+01
2.605932432424675582e+01
2.543036121717775799e+01
2.561101309967675022e+01
2.877566990399769509e+01
2.630108354088194389e+01
2.542894231440210362e+01
2.502094929092657694e+01
2.499224785328588894e+01
2.492887901204225898e+01
2.503149974036234582e+01
2.573498248609178773e+01
2.694461309364849910e+01
2.872344118364842203e+01
2.920045420639955225e+01
2.495962584001582130e+01
2.662934104286326331e+01
2.658251376139947197e+01
2.598716446380165124e+01
2.559803204372189711e+01
2.871510499602818456e+01
2.738382235179242130e+01
2.667476689582189664e+01
2.527225569055621790e+01
2.808067494806028819e+01
2.513994599143932618e+01
2.532407256277808116e+01
2.382549854554141078e+01
2.543123023801852511e+01
2.660662317924008846e+01
2.527177564777110419e+01
2.478424464433547314e+01
2.481173471700684985e+01
2.232922805075044437e+01
2.543305776503269655e+01
2.585665406737227201e+01
2.369738971351188184e+01
2.920956860460463744e+01
2.356255484890223428e+01
2.688233781807376133e+01
2.434244469396581323e+01
2.532848711242755968e+01
2.874769542915790765e+01
2.789764902861809759e+01
2.767340357041761578e+01
2.741485260492270726e+01
2.614425601969956148e+01
2.799436101470212535e+01
2.859971885804830904e+01
2.700666610131188961e+01
2.704447911968906126e+01
2.943816555187859407e+01
2.926244272918611955e+01
2.852828340751692338e+01
2.496142643144559869e+01
2.619457726542075804e+01
2.760914897414498625e+01
2.331956480434518042e+01
2.259156883838189600e+01
2.502091227183452204e+01
2.713078066856465398e+01
2.765870405257710374e+01
2.613472250184183210e+01
2.854917342648413481e+01
2.711420729826540210e+01
2.739189393112843263e+01
2.766062034720723517e+01
2.589173911081580570e+01
2.675498791636820783e+01
2.651737105972425113e+01
2.789565778714858624e+01
2.653376908646173860e+01
2.990221619423408939e+01
2.997426243668395784e+01
2.797145709615355713e+01
2.772903111310918689e+01
2.671412844849726298e+01
2.867513160954392148e+01
2.974803267851100230e+01
3.066439557394892645e+01
2.663600954846444679e+01
2.769179905740121939e+01
2.860541938307799015e+01
2.744304246000974246e+01
2.409468026406585395e+01
2.678152108741785042e+01
2.884366035156739017e+01
2.865915305859655504e+01
2.471367835097637666e+01
2.730620030712830371e+01
2.602994813006906583e+01
2.748036073479781649e+01
2.610050220825748468e+01
2.666436647185554421e+01
2.391324173587764790e+01
2.777990362079522768e+01
2.915298557617954955e+01
3.597092099345199756e+01
2.642404209344129384e+01
2.696744548822030296e+01
2.673153841896723648e+01
2.391186475257714861e+01
2.652461539746939323e+01
2.546249285214329561e+01
2.383880237246926015e+01
2.552760164747967764e+01
2.863447053852513591e+01
2.779062747374485909e+01
2.840822334657198667e+01
2.951914205300156979e+01
2.904822157332677079e+01
2.698912360582453118e+01
2.794378557595158696e+01
2.745847776074350577e+01
2.754472574148785213e+01
2.620987670664584712e+01
2.981125945849180070e+01
2.759077949144745645e+01
2.619448428473103974e+01
2.625686147685082616e+01
2.681516192821609579e+01
2.756655055378672969e+01
2.820795052234133493e+01
3.048060927842513479e+01
2.950536587310390857e+01
2.922605777403743943e+01
3.102242122802504554e+01
3.020336283601453076e+01
3.120113679074387747e+01
2.943502069661965947e+01
2.886757261254356166e+01
2.581731864750923577e+01
2.801304865798488564e+01
2.813062783450553539e+01
2.860491268912915075e+01
2.868052801096344240e+01
2.967882078695699377e+01
2.820292665153485245e+01
2.833318085613032267e+01
2.769457815161518610e+01
2.807187994289632371e+01
2.616559652530070679e+01
2.563876647441428602e+01
2.797187226936778615e+01
2.661556227660958385e+01
2.864751723741469647e+01
2.868712458900441931e+01
2.943535771852622318e+01
3.123385998290308052e+01
2.517437315425170397e+01
2.704050017669452188e+01
2.840816817804206806e+01
2.703189731865329293e+01
2.724156592713783098e+01
2.792564741736389777e+01
2.854530184664087145e+01
2.971856831724121051e+01
3.127823020968054735e+01
2.677925412288684726e+01
2.863586310573341720e+01
2.590051982575680256e+01
2.656814822480331983e+01
2.825485888021643888e+01
2.661410991986450725e+01
2.597607474710874342e+01
2.734784000408077276e+01
2.660485537491038599e+01
2.687309024769189847e+01
2.736918202389862032e+01
2.599103157381461315e+01
2.685819631311038336e+01
2.902503261194831907e+01
3.011378848504461914e+01
2.777390346075767980e+01
2.571029807360137198e+01
2.664671677456347609e+01
2.611292365500549906e+01
2.516387286085009123e+01
2.620882567217179826e+01
2.783020870658727119e+01
2.787523034116843590e+01
2.627103613943221916e+01
2.575297392592765533e+01
2.698755487374197415e+01
2.382358379055427733e+01
2.684617852896205292e+01
2.765186886535713384e+01
2.587336780994301577e+01
2.732916905703345378e+01
2.498624131605386367e+01
2.458791801850053815e+01
2.506693763125312913e+01
2.259410769200084701e+01
2.383650645845735383e+01
2.556205444324065468e+01
3.046033702981652524e+01
3.600434151967711927e+01
3.464358733468395002e+01
3.847933800736286969e+01
3.957907318945846242e+01
3.412222742568302891e+01
2.589306408817320460e+01
2.530673506934944328e+01
2.322961574311514354e+01
2.323389474335838401e+01
2.279549573775018700e+01
2.516542366108434692e+01
2.485220266579878867e+01
2.469507375993361009e+01
2.475641574368516729e+01
2.603283927796271868e+01
2.674173562455337816e+01
2.629276740129109058e+01
2.563813879272220220e+01
2.748885423044638543e+01
2.852483756642948975e+01
2.607264669004582558e+01
2.680349103723882820e+01
2.709300183284134889e+01
2.587101511396599207e+01
2.688785750042291056e+01
2.746163702131389073e+01
2.511591878333459960e+01
2.544808954328446049e+01
2.683508891410206232e+01
2.407600690441122637e+01
2.579344796206276769e+01
2.572146110844558109e+01
2.482902005945155111e+01
2.552682018649483098e+01
2.461371874282700034e+01
2.832797690975784022e+01
2.904456189222916862e+01
3.044795488561167929e+01
3.019538945595265744e+01
2.956474186752526734e+01
3.161930205548462780e+01
2.858066232264845397e+01
2.906155603120486930e+01
2.804073630083240687e+01
2.706054304222207207e+01
2.697192867662096205e+01
2.898572670034269549e+01
2.919244037760816468e+01
2.921343981792259825e+01
3.094728118446771958e+01
2.963769105664462700e+01
2.743801100357643463e+01
2.492992977520269093e+01
2.558027648091146133e+01
2.645455386464224645e+01
2.529928446724393609e+01
2.849691750222673292e+01
2.660134641026984426e+01
3.003157211408093374e+01
2.895082308891856115e+01
2.739737673143590868e+01
2.906007246705931379e+01
2.430685702439218332e+01
2.640504092307998008e+01
2.720260636292734091e+01
2.627843919504306669e+01
2.610411187500085006e+01
2.719119988584502678e+01
2.712253653013053167e+01
2.695519402273726683e+01
2.854980841196816499e+01
2.889843987237314593e+01
2.889498184359895916e+01
2.962312723402584425e+01
2.999082980278714672e+01
2.838568734014560491e+01
2.893110531118713880e+01
2.908821461462197178e+01
3.054433835393830066e+01
2.854746959423015795e+01
2.866630091578099027e+01
2.793157430143667597e+01
2.741832672055961595e+01
2.717779062659724687e+01
2.684718441570435132e+01
2.636265450051558545e+01
2.835998306492535548e+01
3.014145299089205210e+01
3.046431519488726636e+01
3.078978166321317289e+01
2.944271023086189487e+01
2.961795885151105878e+01
2.943631485512714008e+01
3.040921394629650010e+01
2.929748949089460908e+01
3.016518803945730198e+01
2.819544487762778928e+01
3.001550623702551235e+01
2.893812471930424124e+01
3.091281689787704323e+01
2.971109000799875588e+01
3.147103274576437215e+01
2.941922556085931006e+01
2.880196031284189928e+01
3.121834265947314790e+01
3.482841590014663069e+01
3.297971317110021516e+01
3.057575404205443448e+01
3.172722965834273978e+01
2.788100198362297277e+01
2.775049376593150896e+01
2.906980906878193949e+01
2.771259827127795461e+01
2.969789551305706610e+01
2.828876211573005151e+01
2.979101543301462129e+01
3.091639219832799057e+01
2.947080290479867770e+01
2.868200567299596315e+01
2.942563516833672210e+01
2.840168358350912925e+01
2.991241670254616380e+01
3.108364512937168200e+01
2.884578067833569293e+01
2.850683137791180499e+01
3.196217757481323574e+01
3.032604455978118807e+01
2.845843881284343624e+01
2.720636848802699603e+01
2.742662249717182377e+01
2.778778785058404566e+01
2.700115199966583646e+01
2.654440605024973721e+01
2.743368773436468189e+01
2.820779212819963533e+01
3.207794684139506813e+01
3.040930604045695773e+01
2.998854582605605401e+01
2.753821458470867611e+01
2.871024519276284792e+01
3.021691367755137847e+01
2.804622792665460196e+01
3.105142752859967104e+01
2.970524736815339040e+01
2.954336858903871743e+01
3.021398865936542677e+01
2.820660286009068685e+01
2.807086013115917567e+01
2.837182906594739151e+01
3.081118307891650687e+01
2.901517324836297007e+01
3.029767958735168065e+01
3.112988265817877220e+01
3.543172311155997534e+01
4.132457121662277189e+01
4.410768712566734706e+01
4.445076883824464176e+01
4.206874852015688049e+01
3.356478830396588364e+01
3.234520062011863217e+01
2.759706596815133750e+01
2.594658649551535845e+01
2.563998646505061174e+01
2.802688045608546119e+01
2.732309629509904170e+01
2.728332232910128852e+01
2.603475166681931441e+01
2.754051287552886507e+01
2.776111507107720655e+01
2.582038848884967308e+01
2.925675471596627020e+01
2.943226739483800358e+01
3.070224435952271236e+01
2.902487621331653145e+01
3.075714717901090012e+01
2.919947316101204748e+01
2.860376746846757712e+01
2.762915516129862326e+01
2.735653755497267525e+01
2.934301688421298238e+01
3.082689049127080239e+01
3.111737152094490355e+01
3.177562465317616613e+01
3.057606114076197912e+01
2.956846175861099368e+01
3.100757356537630116e+01
3.083077142277139515e+01
2.862708819995791032e+01
2.702903888011124778e+01
2.769728227522143627e+01
2.633766922352155504e+01
2.530536648595531091e+01
2.641584931678833925e+01
2.654770075546630537e+01
3.204665563581811227e+01
3.106725705862632125e+01
3.153338531743217743e+01
3.086193169438202943e+01
3.067659004685240021e+01
3.014043368673375767e+01
2.855161661749511737e+01
2.719839959278640507e+01
2.910819353568324175e+01
2.965394398205829418e+01
2.834659317155207958e+01
2.780912233415191182e+01
3.165102819693991165e+01
2.886764769541381526e+01
3.090559343737515618e+01
3.010562079830116389e+01
3.013017838003207061e+01
3.260777102587987031e+01
3.163679349460364421e+01
3.209297482877972385e+01
3.101278265813796864e+01
2.872058054453507481e+01
2.945659589125150646e+01
2.945246016657777588e+01
2.845617884329494274e+01
2.843907578570660633e+01
2.916612432899155394e+01
2.920283214751597711e+01
3.021418824839966888e+01
3.025366768175866738e+01
3.079493166191083375e+01
3.100827331395472086e+01
2.927456769045452134e+01
3.014702177860032606e+01
3.018192959196240466e+01
2.932482322396997887e+01
2.979677925881720668e+01
2.946269187395540712e+01
2.842756608588912215e+01
3.152579039907605463e+01
2.895781314850179555e+01
2.783560559212310181e+01
2.766416396896355323e+01
2.850612711748460626e+01
2.968122537989243881e+01
2.909654695440004346e+01
2.785621187526968612e+01
3.044382149447077168e+01
2.996482936121129370e+01
3.047024651657731198e+01
3.058110362887362044e+01
3.127874418243991528e+01
3.233427635598108907e+01
3.242138987002589090e+01
2.902837160382683734e+01
3.101984649779655712e+01
2.929592298533652794e+01
2.945795005648025011e+01
2.746754128698874453e+01
2.801507145055962766e+01
2.918884063191442380e+01
3.053097027775434569e+01
2.753725554522686636e+01
2.838905202004975337e+01
2.902272148070763080e+01
2.918540137770396470e+01
2.904644701663486472e+01
2.852877461322194819e+01
2.969920308046209101e+01
2.958479304731108428e+01
2.792297321167038859e+01
2.874441314255080115e+01
3.220525585307821359e+01
3.061580071098014244e+01
3.089963082478479350e+01
3.240445324794841753e+01
3.136136545278900201e+01
3.069288864758836155e+01
3.228271849851368813e+01
3.103735455910514673e+01
3.215003302730954715e+01
3.042666603360541444e+01
2.809912240740055722e+01
2.785413992264306771e+01
3.034020044491317591e+01
2.999495349841092562e+01
2.956966167151319524e+01
2.814460991128629885e+01
2.870932971108903331e+01
2.680053009279130904e+01
2.745684744830890978e+01
3.189231897211127986e+01
3.031750458422018113e+01
2.935925925790999358e+01
2.916064786681057086e+01
3.149529857835027258e+01
3.023834280171137934e+01
2.974522633339316613e+01
2.984974412134165078e+01
2.894877540520770154e+01
2.900824794663104100e+01
2.972832100346531092e+01
2.841933612696719180e+01
2.995057800572790541e+01
2.785717129442241458e+01
2.728120246048354147e+01
2.917880145792121738e+01
2.815324055380449764e+01
2.859708771938239735e+01
3.023272747536961802e+01
2.884072626456695687e+01
2.852632328285699259e+01
2.762670441924898057e+01
2.779219900625447437e+01
2.629605839903214104e+01
2.908204403388364057e+01
2.980496108660006271e+01
2.889408317843908236e+01
2.834552388248481591e+01
3.179671071721669762e+01
3.008311577887742772e+01
2.833838423381009619e+01
3.035566588716266523e+01
3.127135757997252341e+01
3.135759374615334494e+01
3.047433024472883645e+01
2.981365033508101448e+01
2.789964492023090514e+01
2.776890701558841101e+01
2.374040985044304009e+01
3.359028645721449635e+01
2.535062338105009161e+01
2.178719745360760029e+01
2.622396592508065893e+01
2.341583006755652008e+01
2.260704013138036572e+01
2.276861661110137902e+01
2.333044980412234892e+01
2.598520042928091911e+01
2.614563148903154044e+01
2.932941742678202957e+01
2.954097334063704139e+01
3.057479056768313797e+01
2.989211035792837023e+01
2.902626608095745198e+01
2.805631615026947756e+01
2.698978705040315873e+01
2.501961470268253862e+01
2.518810451686627871e+01
2.406139193116642971e+01
2.723803194215909329e+01
2.740542075268093569e+01
2.676152586316282367e+01
2.909124291767320969e+01
2.966591741689444106e+01
2.857522704341219111e+01
2.863866368508671201e+01
2.787383735085732184e+01
2.616017263856050690e+01
2.781332535581053378e+01
2.855399524734238526e+01
3.505693684608296934e+01
3.549821431644461711e+01
3.072943934332094074e+01
3.262125975869032146e+01
3.659718285465011434e+01
3.424001805536271092e+01
3.522031539916537213e+01
3.031552033464245710e+01
3.256600669354818223e+01
2.955562717781885240e+01
2.878159853575914795e+01
2.974875176149524236e+01
2.517815365058072175e+01
2.699603739630533283e+01
2.802605063920056594e+01
2.804250249527825289e+01
2.734002221535180865e+01
2.852108537819324852e+01
2.923885141060787873e+01
3.256340403670816386e+01
3.218284407275938719e+01
3.181295676205716561e+01
2.900069604460147588e+01
3.063757905988316210e+01
3.199886503741496568e+01
3.400761732233993229e+01
3.149002736393878266e+01
3.111200125207738054e+01
2.881215703177819520e+01
3.107375862780178366e+01
3.139910296836873727e+01
2.890656274016230753e+01
2.688210044876195681e+01
2.821596755881213170e+01
2.953413054656390457e+01
2.839682677018938151e+01
3.242969902476676936e+01
3.157557218842482882e+01
3.168999687302652291e+01
3.078930062786201205e+01
3.202218185878971468e+01
2.989527208513515433e+01
3.148230665333826295e+01
3.154105872950392353e+01
3.157115785073665037e+01
3.220559325181322663e+01
3.250905277608099198e+01
3.527238415087211365e+01
3.338818843393559632e+01
2.998317292244374244e+01
3.226588265339480444e+01
3.391672937490308470e+01
3.290806842105824614e+01
3.153925819401626995e+01
3.090458181145386618e+01
3.057997166086883567e+01
3.282364401137635923e+01
3.191367865109713975e+01
3.185487469105483527e+01
3.297765982847256083e+01
2.894458308615934783e+01
2.991316912235797787e+01
3.290356469897292868e+01
3.318679081342204995e+01
3.246398608654750007e+01
3.330352040241464806e+01
3.243973230202519886e+01
2.702599699356893836e+01
3.451272200529284362e+01
3.313076030359976443e+01
3.128020434618915147e+01
2.710273945179421062e+01
2.924492267716010119e+01
2.929686843991151335e+01
2.775015442622630601e+01
2.652756535221986667e+01
2.788436990608612476e+01
2.837242458160481462e+01
2.675929176368737572e+01
2.832739271932938152e+01
2.802776112513923579e+01
3.010561105710996799e+01
3.147890394386648083e+01
3.068245380893286267e+01
3.148440854754032259e+01
2.935914809187939767e+01
3.276336203258458113e+01
3.233089555347629585e+01
2.962858763040907206e+01
2.922170236506806518e+01
2.802445382409712593e+01
2.999270564381042803e+01
3.238918536838992424e+01
3.084916646727746681e+01
3.174899654378396363e+01
3.178424267988478746e+01
3.216973978464861261e+01
3.461559462528665421e+01
3.306259448577707616e+01
3.409649489605542527e+01
3.533189153546566530e+01
3.582917187318395236e+01
3.254503800838820382e+01
3.324617251297163989e+01
3.400925110159062115e+01
3.015088049281575877e+01
2.978531885439977600e+01
3.030361702635526200e+01
2.944503820445124731e+01
2.919939980497306209e+01
3.026523785115819010e+01
3.009742164280966392e+01
3.218584488047991954e+01
3.289486585329322565e+01
3.183678730630627030e+01
3.282881172608627907e+01
3.104656497848213448e+01
3.369964186454427590e+01
3.523579181257915849e+01
3.285971765443058246e+01
3.365670101690660942e+01
3.355529223882119538e+01
3.247633459351086316e+01
3.382042665081298338e+01
3.306901999404352921e+01
3.371626181225553864e+01
3.332759000282982242e+01
3.300355591626596663e+01
3.198081143218183797e+01
3.423726288335646473e+01
3.508565677389692183e+01
3.533411955943725502e+01
3.357133804513195230e+01
3.183352371932592106e+01
3.348058450135299324e+01
3.368825311393142385e+01
3.281187689305809840e+01
3.042614717790346290e+01
3.090682272581203449e+01
2.931131496601776476e+01
2.847488151827781877e+01
2.877983036912947767e+01
3.083844753662428317e+01
3.267049650115973236e+01
3.163879462472705484e+01
3.519948012263000692e+01
3.315447378635644071e+01
3.294645383318959375e+01
3.214603865655275428e+01
3.245877998984939694e+01
3.324066949074871502e+01
3.211042856842313142e+01
3.189817317205852376e+01
3.078075769314717292e+01
3.301595796165915431e+01
3.119247606874903056e+01
3.313791300482707669e+01
3.330968851889139160e+01
3.182088646615294181e+01
3.439603365731063889e+01
3.232694877381620557e+01
3.293478784628874223e+01
3.282460191081479195e+01
3.088517994374523923e+01
3.500113376908888085e+01
3.512406356857504619e+01
3.501389676592710032e+01
3.571075794379702018e+01
3.666527020298575934e+01
3.512225534149022366e+01
3.477563690162060794e+01
3.401860009315659283e+01
3.479887975900876285e+01
3.479462872384108607e+01
3.278007632527454973e+01
3.507694405509430169e+01
3.401250348966788550e+01
3.065023669006799878e+01
3.153626575525024478e+01
3.308411091730451403e+01
3.363215304169388986e+01
3.146326897704610559e+01
3.214254964472966236e+01
3.363335266688130076e+01
3.118970765687462432e+01
3.241848436600280081e+01
3.152013612658587149e+01
3.243544424919942770e+01
3.315842628040012841e+01
3.259549279368673069e+01
3.487712797960133315e+01
3.392809029801377108e+01
3.493407281895052563e+01
3.555081294152604698e+01
3.608779625788030643e+01
3.453685126906412250e+01
3.366926933318971038e+01
3.476690179142754289e+01
3.276571454941309014e+01
3.445769861846076765e+01
3.556495238294956351e+01
3.467543626075619301e+01
3.501544523926038011e+01
3.395914671804832352e+01
3.388366539642897379e+01
3.050923393295287411e+01
3.160443190749387199e+01
3.027112561445369465e+01
2.946368591855408425e+01
3.383597936757562508e+01
3.062908980627405597e+01
3.338421263268349293e+01
3.450528936744768060e+01
3.141516668257825984e+01
3.259097494101987991e+01
3.327692591280465706e+01
3.263879278823632291e+01
3.458398991064969152e+01
3.236147266034175374e+01
3.348399748367436501e+01
3.070725157037333020e+01
3.122347044213315570e+01
3.183388510392717663e+01
3.265427777021537281e+01
3.030688874734856597e+01
3.116263103256157407e+01
3.165560018134391385e+01
3.230703938307793521e+01
3.375600303416087655e+01
3.494116229123155648e+01
3.374849898530336390e+01
3.398214867770889214e+01
3.389668265495706834e+01
3.133929197859679050e+01
3.397118189858591819e+01
3.382646251970921014e+01
3.387654996957382281e+01
3.277709567861609230e+01
3.356619314187442882e+01
3.390447412545002948e+01
3.070027024581889918e+01
3.317437724369814589e+01
3.446168197529494392e+01
3.586946491377641166e+01
3.632341027105293563e+01
3.363808261527557875e+01
3.388035038539445765e+01
3.309050326715296109e+01
3.293709569215076982e+01
3.096285139143833831e+01
3.218001073998498640e+01
3.198823251376086318e+01
3.255040892652244366e+01
3.393635704960715316e+01
3.264994318935790574e+01
3.179373291377995159e+01
3.312135243588878808e+01
3.613796442473481818e+01
3.452421419161186122e+01
3.331733238831666455e+01
3.476735390713439244e+01
3.485961556096214053e+01
3.412341887839352239e+01
3.413482791273980155e+01
3.271353321606780185e+01
3.316596493051503103e+01
3.261422537804993738e+01
3.641925906508910060e+01
3.371024575739728846e+01
3.472016506501878297e+01
3.626376028070747282e+01
3.191174651566556264e+01
3.203830000326897931e+01
3.270863222816393545e+01
3.500291367669770892e+01
3.355535652284844161e+01
3.465436762928432302e+01
3.389566583622492146e+01
3.431781328683892696e+01
3.412513155710417578e+01
3.433424212645512341e+01
3.322733172917617850e+01
3.317203775033311075e+01
3.274152885556614478e+01
3.421382128477469564e+01
3.678655707775586592e+01
3.473796144802754071e+01
3.501653234104024648e+01
3.410254237977515857e+01
3.633184218573174462e+01
3.382747736398980720e+01
3.407134740296747566e+01
3.338511828083153432e+01
3.115130590202569749e+01
3.264134417562319612e+01
3.195947883417895596e+01
3.012620713326487731e+01
3.140987206347412553e+01
3.481790632475495784e+01
3.099610632257325449e+01
3.300730979234384677e+01
3.043833736290792302e+01
3.304188215792283501e+01
3.678496366859344135e+01
3.731630776630706237e+01
2.813817337923005013e+01
3.496239424988270628e+01
3.483568719795027135e+01
3.368051947388174483e+01
3.107321456304161345e+01
3.375104572768396594e+01
3.171285355530399386e+01
3.673994732657283890e+01
3.477629171906500716e+01
3.230921716265181232e+01
3.244689571474702916e+01
3.439023040536562803e+01
3.421439526130774311e+01
3.418131059584904818e+01
3.696989210922042446e+01
3.330651218318569562e+01
3.353719088248136160e+01
3.230963529009452628e+01
3.264883828613410799e+01
3.428474702670263241e+01
3.254448046195624045e+01
3.365455163814615958e+01
3.215167324530862203e+01
4.087196174759148448e+01
4.189063761041663270e+01
3.082069877370204836e+01
3.186951362454251324e+01
3.081104624636901690e+01
3.449181750254685852e+01
3.037484251668237789e+01
3.196520952220148715e+01
3.246978788563011165e+01
3.196533259374183800e+01
3.134661997485723717e+01
3.450407958679669207e+01
3.569234640932224067e+01
3.613126211295875834e+01
3.482835656862318530e+01
3.554856451652941018e+01
3.746475252257425836e+01
3.377678814488347570e+01
3.724108942899216146e+01
3.458865364389795616e+01
3.351019637824312269e+01
3.458062719181409506e+01
3.272123636482658782e+01
2.812213336488152038e+01
3.198544310930229528e+01
3.290329211807231502e+01
3.487797949275022091e+01
3.343065114370354252e+01
3.160995934598056323e+01
3.494047905389895448e+01
3.720883329342976253e+01
3.385190684554005003e+01
3.951505574272137267e+01
3.665306053505982931e+01
3.078748200507396859e+01
3.488174910889976843e+01
3.613325411198702142e+01
3.645915509890016892e+01
3.506927960535847433e+01
3.412523679633961393e+01
3.397785794036548879e+01
3.620672486466534679e+01
3.605647162668010708e+01
3.342972285407427790e+01
3.724448578695559320e+01
3.605828214371304341e+01
3.548615153720928106e+01
3.519081492697968372e+01
3.561971314784535281e+01
3.670400284810858693e+01
3.738349251063296208e+01
3.679046920165843915e+01
3.505731100920762344e+01
3.271970975347986865e+01
3.191223229370621439e+01
3.343780676924872353e+01
3.470635150006238234e+01
3.630435998128386643e+01
3.471979884938745187e+01
3.450418887908485033e+01
3.503851721973413191e+01
3.486074859253353253e+01
3.347495200128202697e+01
3.603575719039519498e+01
3.504688220794395193e+01
3.442342131068362221e+01
3.518926386011867891e+01
3.405308358999575802e+01
3.362661530713494784e+01
3.563774186536581823e+01
3.291152293737145840e+01
3.402103609835603493e+01
3.452049397968601596e+01
3.574631526048587205e+01
3.708484794474174606e+01
3.283466132628817036e+01
3.683924410647917824e+01
3.368061153923396489e+01
3.641725766816605159e+01
3.667268147261640365e+01
3.566024604409973620e+01
3.551152952744826763e+01
3.475409521024658233e+01
3.522005353381424442e+01
3.444163025755882046e+01
3.430213174960358202e+01
3.039029198041702529e+01
3.186419530537927614e+01
3.391157012159402484e+01
3.424252198471141639e+01
3.135737365386395226e+01
3.178199147760813048e+01
3.332865666833697560e+01
3.787553172423223202e+01
3.741909702167839669e+01
3.383956576696172647e+01
3.420434693545423244e+01
3.364567843717485118e+01
3.414156194419540213e+01
3.486342048022100215e+01
3.561090712058496877e+01
3.626206684422306381e+01
3.644416388579802657e+01
3.557648217290398662e+01
3.767860766249012272e+01
3.632162119425093039e+01
3.655251975060843250e+01
3.443985102428197820e+01
3.554159920044381948e+01
3.540295265525868018e+01
3.544316491354899057e+01
3.717822478626093385e+01
3.643086102082746436e+01
3.497542765306539536e+01
3.393179742680982969e+01
3.595092806300111477e+01
3.447001660659067568e+01
3.108518356181804165e+01
3.196602147875719169e+01
3.347880262839792209e+01
3.474250686160931423e+01
3.375135638405631511e+01
3.585212260656724936e+01
3.447715970283409348e+01
3.539364783962999894e+01
3.272685958270411533e+01
3.431259328569112199e+01
3.512427205348733139e+01
3.440166548430298832e+01
3.834212077035138577e+01
3.539484594901453818e+01
3.426860486367999670e+01
3.376880096148158117e+01
3.778362916004266481e+01
3.759675068759263894e+01
3.460337752765572361e+01
3.398290655783564063e+01
3.511391310345349126e+01
3.543073284902847320e+01
3.511633862246765858e+01
3.444950948536126134e+01
3.360767639259807282e+01
3.332762653314164680e+01
3.498918253764092157e+01
3.646818790619737882e+01
3.332748800691874180e+01
3.691202876452346970e+01
3.535727131282940405e+01
3.458111787221847777e+01
3.532170294126935772e+01
3.658893407153054511e+01
3.900509786885714902e+01
3.624551367259235235e+01
3.571504234799993327e+01
3.201256012777255933e+01
3.306846829114124375e+01
3.694233636270418231e+01
3.549131380852858797e+01
3.563803005748514607e+01
3.186852027276304256e+01
3.361009017295530299e+01
3.475076921195648083e+01
3.438069387177743153e+01
3.465084234304443811e+01
3.642387904824364142e+01
3.268938186416134783e+01
3.581555363922544188e+01
3.257281269126197287e+01
3.366602871124948138e+01
3.428140782031093181e+01
3.547914462856794415e+01
3.620769405938972341e+01
3.587123930890270174e+01
3.561458807117819703e+01
3.773645107448159308e+01
3.526273224488257796e+01
3.886280070299775247e+01
3.659067511925307770e+01
3.546274043618905125e+01
3.631659345071154377e+01
3.669790194884705414e+01
3.784606348729443681e+01
3.793698015206011576e+01
3.855652632401019986e+01
3.474143976246654830e+01
3.667722070369531906e+01
3.544582874328843047e+01
3.553498008231066763e+01
3.770853488458010361e+01
3.776934759497051886e+01
3.643085558968386550e+01
3.675875604577089462e+01
3.390111858328426564e+01
3.493394250460068662e+01
3.667113120904132018e+01
3.726475220111136366e+01
3.506427442896598734e+01
3.841620376826930539e+01
3.666903525330902625e+01
2.834368010344639899e+01
4.023078182606760578e+01
3.929953584524778165e+01
3.595951571398332192e+01
3.429309879920803894e+01
3.937542395612287294e+01
3.691854153508534608e+01
3.548414986119222903e+01
3.651954762027308732e+01
3.607080301116049981e+01
3.300180908402820279e+01
3.449596284812498936e+01
3.736837283622725892e+01
3.757334735408375792e+01
3.507586799579090808e+01
3.467662215992371699e+01
3.687113581307316679e+01
3.298338178370380547e+01
3.521778041021873662e+01
3.427102903083521568e+01
3.648824778395485424e+01
3.955543286331340624e+01
3.837680594109671972e+01
3.602722969057941782e+01
3.934164016811961773e+01
3.870268843584482710e+01
3.595419694975335290e+01
3.975470359474910254e+01
3.733989206246665304e+01
3.856628783102800639e+01
3.842074104545001489e+01
3.788777626891226191e+01
3.986084751311047114e+01
3.787404075168070250e+01
3.767870201510112338e+01
3.633485365809033851e+01
3.840642080821652371e+01
3.577282468029787310e+01
3.705477261845841497e+01
3.551510626738104293e+01
3.587780604272985840e+01
3.905844474177401082e+01
3.641710564571339148e+01
3.731957041293233601e+01
3.753410055708769733e+01
3.774901867202112982e+01
3.704958140803414324e+01
3.813727842206938590e+01
3.833522060566063061e+01
4.070772218343719118e+01
3.569863099656889460e+01
3.882427144895846993e+01
3.980869027040219521e+01
3.779953192060163047e+01
3.863721817753084053e+01
4.045278300396078208e+01
4.035445626860155954e+01
3.411951769330245554e+01
3.564723993216614417e+01
4.237921592178808083e+01
3.423490333770677552e+01
3.739116064034246989e+01
4.428367951388958090e+01
3.658713850491081132e+01
3.704107148845488950e+01
3.518637003173422073e+01
4.618345885601635104e+01
3.651829860256162874e+01
3.745727235514666376e+01
4.110225863222290599e+01
4.470652092252351650e+01
3.876143276262916970e+01
3.998165827534246830e+01
3.465116737488151699e+01
3.619463989954560645e+01
3.342013747183008832e+01
4.034920592423080166e+01
4.089892947135802359e+01
3.581531899093388205e+01
4.341308133055480312e+01
3.836244859259416984e+01
4.066820138187995326e+01
3.939008347897119933e+01
4.035332833245613671e+01
4.183158573365590627e+01
4.133956298685339448e+01
3.257385602767999444e+01
3.753324828075431441e+01
4.512825244337229691e+01
3.792202851638725747e+01
3.549567953322828373e+01
3.903644840671839233e+01
3.888118905790054924e+01
2.756503791796870928e+01
3.710319118958459228e+01
3.811750480212816683e+01
3.426373143318850367e+01
3.598413113844447508e+01
4.023514973557672647e+01
3.869708295263244224e+01
3.493472260321516387e+01
3.730776432222504013e+01
4.004275438763506401e+01
4.165055300018408957e+01
3.873897763020531215e+01
3.648779263196468037e+01
3.930752395683041556e+01
3.778517167880168159e+01
3.719358070328897270e+01
3.550521293938259504e+01
3.802130320499772864e+01
4.093311667127981934e+01
4.188562652719998880e+01
3.831901225243950648e+01
4.115729667465726038e+01
4.151181576153106079e+01
4.132365587725319500e+01
3.913941704983249537e+01
4.228734960332648996e+01
4.165199511615540473e+01
3.966620344823516575e+01
3.932473624596194384e+01
3.851687549130569721e+01
3.864737883152545095e+01
3.969795399756144150e+01
3.674147632953174991e+01
4.099366371937761500e+01
3.686167126441412734e+01
3.815570045586570558e+01
3.825546366756006478e+01
3.418558808433501639e+01
3.707896712129432615e+01
3.916365090780610814e+01
3.435632845747520037e+01
3.962681375028401476e+01
3.806537993336642955e+01
3.872909200032061960e+01
3.787454127289610994e+01
3.828347563113101160e+01
3.904581153296096119e+01
4.094014208414635192e+01
4.148065037640981956e+01
3.937806930293714203e+01
3.887867452997355855e+01
4.011652902280467003e+01
4.058499505252257933e+01
3.883661047420648060e+01
3.604508207040429113e+01
3.949491412951822156e+01
3.976450195709154656e+01
3.547233005150746976e+01
3.621722102318051384e+01
4.371440184379328286e+01
3.672722315999646980e+01
4.215737139947336942e+01
3.190264993349713762e+01
3.654735222145314566e+01
4.207153710094195276e+01
4.229713643957894220e+01
3.978995855867032816e+01
3.990769641230511411e+01
4.087597950478355813e+01
4.364841596936789614e+01
3.936699774569289190e+01
4.009938293217071958e+01
4.200905297604825961e+01
3.974619985678048550e+01
3.895815912926087776e+01
3.881757613310456634e+01
3.865050235479161955e+01
3.667086656274371848e+01
3.951360970890611668e+01
3.564312426200104511e+01
3.662744763476241872e+01
3.863539330062905464e+01
3.914356368697801258e+01
3.779223094748257950e+01
3.964308971481801791e+01
3.936353071232032619e+01
3.339002476124900909e+01
4.038904580667855981e+01
4.464459389772149223e+01
3.788905622534610984e+01
3.594177245885504135e+01
3.662199636848444584e+01
3.719507236097848590e+01
3.744858420729686088e+01
4.119313538796847496e+01
3.826572526323432299e+01
3.908572626565108976e+01
3.905242588594833819e+01
3.756044060582291166e+01
3.933795697395444080e+01
3.762184643114163407e+01
3.885821207011878187e+01
4.127825178427423936e+01
4.071045600369027540e+01
4.122377627996309712e+01
4.011159224526799960e+01
4.115921692858160696e+01
4.188663398619774370e+01
3.997236449487665766e+01
3.913149100521632562e+01
3.861188546740930860e+01
3.828514435033905272e+01
4.025608052791900349e+01
3.919832329241028646e+01
4.097593108699357600e+01
4.040533019920327718e+01
3.126995084393438162e+01
4.726603122644074517e+01
4.909354585496418366e+01
3.801326403368547346e+01
4.041086944724719388e+01
4.088625463512521208e+01
3.723271216023182717e+01
4.110371800944627552e+01
4.072290180636777279e+01
3.972290078658276258e+01
4.009834145082451329e+01
3.777558011692454443e+01
3.894853089531994783e+01
3.807765989513588067e+01
3.689947235753272992e+01
3.761521778408334882e+01
4.496909074121042948e+01
3.684631999002451863e+01
3.870104395927371144e+01
3.621559705851793609e+01
4.109818703873484935e+01
3.921024597057741801e+01
4.422068744741392976e+01
3.748013277108266550e+01
3.740613980223541546e+01
4.026017191772591985e+01
3.899316323845134491e+01
3.946987654306420268e+01
3.695925894833289505e+01
4.175724331351994323e+01
3.601466025362934431e+01
3.083346232376312557e+01
4.488831663506384473e+01
3.952374963692052745e+01
4.073338862325841347e+01
3.758926543446879975e+01
3.986408980046505945e+01
3.897880518231668390e+01
4.000700303060805396e+01
3.846072359434386101e+01
3.903460030802254010e+01
3.790435610077466322e+01
3.785032641390324670e+01
3.656432503145626356e+01
3.694628779659896622e+01
3.768872825593441434e+01
3.496003238564630777e+01
4.024807343145465666e+01
4.769913622099474537e+01
3.632174383684235153e+01
4.043173790455168870e+01
4.849797158139419651e+01
3.810111034137338493e+01
3.600651501897355899e+01
4.309131132438796641e+01
3.061675828713151049e+01
3.668146882507731732e+01
4.372424178353389834e+01
3.916514607203801290e+01
4.146689006134317879e+01
4.256820533043654819e+01
3.992132464439494299e+01
4.230078187958474700e+01
3.806298605668962409e+01
3.970061677715391824e+01
4.473729511682983428e+01
3.748953604812905382e+01
3.850883017683120357e+01
3.729475068211498012e+01
4.044733045505532942e+01
3.988385460355903689e+01
4.066900664520846220e+01
4.000974985525630956e+01
4.175789683602277336e+01
3.796614278223329109e+01
4.013709897742668176e+01
4.004711591451297892e+01
3.405077855872568193e+01
3.760781291315651487e+01
4.087536091950770611e+01
3.885106100071205049e+01
4.055312374838450040e+01
3.902940481925709548e+01
3.979156160409606002e+01
3.911080308336186562e+01
4.013549582832581564e+01
4.084284665416987536e+01
3.791243066135216822e+01
3.880816011060263548e+01
4.042913816552074735e+01
3.491013410522356963e+01
3.381476010227127205e+01
4.965941826993453390e+01
3.940465126141467778e+01
4.138258779780296237e+01
4.098160913150965712e+01
3.891215319350382629e+01
3.947551071632281605e+01
3.951731896506574060e+01
3.847571335694424022e+01
3.790770097072398670e+01
3.783535605778705246e+01
3.776181223330088699e+01
3.530172973748084075e+01
4.209204154976931278e+01
4.199637732681880919e+01
3.996254061301821281e+01
3.936138428505118725e+01
4.045835225996102480e+01
3.977227879247053011e+01
4.001300647742571215e+01
3.898450010781606778e+01
4.003343490630295776e+01
4.752334383338306623e+01
3.677913399579816200e+01
4.659619229229955550e+01
4.255399515583504666e+01
4.443971911919653195e+01
4.177418282928681492e+01
3.866912824442470509e+01
3.830310647070744778e+01
4.120553053302359103e+01
4.227964747336186946e+01
4.060802433649854493e+01
4.080056621988429555e+01
4.215129507366315664e+01
4.127771723916560376e+01
4.101974002824778154e+01
4.203970181090445379e+01
4.240384660816192053e+01
4.035485734641228106e+01
4.051795835690261072e+01
4.085864830432670658e+01
4.405383943527909452e+01
3.875795442824077952e+01
4.129991252755038289e+01
3.820756551724362282e+01
3.837411950912150616e+01
3.833313477523096680e+01
4.376446178845328205e+01
3.855709493293900891e+01
4.060802008092493054e+01
4.298908407533064491e+01
3.691896169423011287e+01
4.138941324915220576e+01
3.994968796501100172e+01
4.030162717476515155e+01
4.040301854338104448e+01
4.010999968365461399e+01
4.212391829525662956e+01
4.272730469576981704e+01
4.252696452572440933e+01
4.064729843334625770e+01
4.024673495895771680e+01
4.002576208064341046e+01
3.804929959133950490e+01
4.140205076554173758e+01
3.929666470881428353e+01
3.776824586721821220e+01
3.738924261855563458e+01
4.303562725343708451e+01
4.368326231084288480e+01
4.183958977242253496e+01
4.353984036236498412e+01
4.145846416002672896e+01
4.013958971607564052e+01
3.891895810717573312e+01
3.718002672090892702e+01
3.793884622437860088e+01
3.999364163975065622e+01
4.108655928915590039e+01
4.151974076703380234e+01
3.976033042367996018e+01
3.873372564970095766e+01
3.880359326406582454e+01
3.946268706113158942e+01
4.019749171914837405e+01
4.373259399697693084e+01
4.474667992938591965e+01
4.229864727599970564e+01
4.068588313429750514e+01
4.494477622998530819e+01
4.176052229939021032e+01
4.219534524502446970e+01
4.109395171900255406e+01
4.058021998736036551e+01
3.814446897478045884e+01
3.866251383837546030e+01
3.827065479739289344e+01
3.911475472904384532e+01
4.161626651838607671e+01
4.281618690311047004e+01
4.020208354088151737e+01
3.899576309713585687e+01
4.070906567033755863e+01
4.090298126749339502e+01
4.141067598696118068e+01
3.892353672645225515e+01
4.166289524465194205e+01
4.397573092263809968e+01
4.562509135821254347e+01
4.260989540441266143e+01
4.085832909862381257e+01
3.956616782999623894e+01
3.935730964716062630e+01
3.742165896979990691e+01
3.900750816431025214e+01
3.912425301365676944e+01
4.006195991512649357e+01
3.862307573666102201e+01
4.144362282846490331e+01
3.779085391973284658e+01
4.217621469399202283e+01
3.928698840848604590e+01
4.155565287505161365e+01
4.163064039818556950e+01
4.109431548729381234e+01
3.904412302559474313e+01
4.017343783982735772e+01
4.041317729122113178e+01
4.045288692491633498e+01
3.957804695743737966e+01
4.068261877440055940e+01
4.005716070962802178e+01
4.031387956826250019e+01
4.212027111808234991e+01
3.925224974029807612e+01
3.831628898188478871e+01
4.178020552990758318e+01
3.920981716817423290e+01
4.026437482781597765e+01
3.921582495674126534e+01
3.700602224170980037e+01
3.725188238773841221e+01
3.820892576790763684e+01
3.755747004053664284e+01
3.529972194215134351e+01
3.485279622588452497e+01
4.124080740793833399e+01
3.874933366616900088e+01
3.949666432748749401e+01
4.114623608100586694e+01
3.985142231144692460e+01
4.024410319253820489e+01
3.959934520882975306e+01
3.842518661087906651e+01
3.966765139540623153e+01
4.163966114915910310e+01
4.134577351583435956e+01
4.267049995492013181e+01
4.085971716713386570e+01
4.253056516181580804e+01
4.396160594141134226e+01
4.238680423224635518e+01
4.149057580129132816e+01
4.093471450748336338e+01
4.016602414228353979e+01
4.211548196250501519e+01
4.040675449025534505e+01
3.889121875689068020e+01
4.060635312099889660e+01
3.865887847552526324e+01
3.667375354860148207e+01
3.865459307289986413e+01
4.065895389653531566e+01
4.112262869016799982e+01
4.047611258168742410e+01
3.801721037784250257e+01
4.034384267919848099e+01
4.080256834487423134e+01
3.888871449976396377e+01
4.417742749173405770e+01
4.147462140898323213e+01
3.955890222459591854e+01
4.014931635942508592e+01
3.803657793126077280e+01
4.254784887915416647e+01
4.175612772747226842e+01
4.086880091185994957e+01
4.148782445394157037e+01
3.895886639812557917e+01
4.481404733896459192e+01
4.313678397038199819e+01
4.009007396460927453e+01
4.016452147406310758e+01
4.149992346331484327e+01
3.841572730001632152e+01
3.779658599122330287e+01
3.783594078730519783e+01
3.769665714431096148e+01
4.075787853050233878e+01
3.948727526974698065e+01
3.900266622828134189e+01
4.099926001057232838e+01
3.930597618684982564e+01
3.825472332264500608e+01
3.979345171030912809e+01
4.352148091887541881e+01
4.131012561260997273e+01
4.202824610701243557e+01
4.204998518982091582e+01
3.805505313669418399e+01
3.795400108975707809e+01
3.795646411423431488e+01
3.710438134487499440e+01
3.710383770508550327e+01
3.833527192111972681e+01
4.134071017289612371e+01
4.021673457900584481e+01
3.783085695169165774e+01
4.193621950123321795e+01
4.205339415376980128e+01
3.876547430920604143e+01
4.178077027589911552e+01
3.995613355188019256e+01
3.979440849464249652e+01
4.166697756706468425e+01
3.824667147411072676e+01
3.811926641170828134e+01
4.030297663862656776e+01
4.025632848002378239e+01
3.886493416320831784e+01
3.669009296322515468e+01
3.736422210243195963e+01
3.721901034400728037e+01
3.763567029607437320e+01
4.021485890235304339e+01
3.982436045304035588e+01
4.030002677709940428e+01
3.929374777994839008e+01
3.681368135642149753e+01
3.830132670155843044e+01
3.834071306716905525e+01
3.694498335573350545e+01
3.684651827251733636e+01
3.845038080543299941e+01
3.868840219159976357e+01
4.015278090646868492e+01
4.261201917792180183e+01
4.019987667373445817e+01
3.856708188867372655e+01
3.786585830816655829e+01
4.302744292647461322e+01
4.072485621094986641e+01
4.190022942025654373e+01
4.161548477934928769e+01
4.078789693329602528e+01
4.090509352421143774e+01
4.082658705241990305e+01
3.405656221970848918e+01
4.178921963444024357e+01
4.772287334073783427e+01
4.070798309729784847e+01
4.150795388663031815e+01
4.158909935795772839e+01
3.888706498449915472e+01
3.970982724961356070e+01
4.656681716402882643e+01
4.871953700619319960e+01
4.432309522817949698e+01
4.195415382644904412e+01
3.974098629203123778e+01
4.154189577521275112e+01
4.421349623564297104e+01
4.037249553922261924e+01
4.395191884478781219e+01
4.195891475341523602e+01
3.843120995606000179e+01
4.132983676829278608e+01
4.556746386499320067e+01
4.166946559658499893e+01
4.406517656517734594e+01
4.044447052242848883e+01
3.792034216146223002e+01
4.273912822785600696e+01
4.250135237687963752e+01
4.404000754836148701e+01
4.405058976882853017e+01
4.661310755191389887e+01
4.176649169693200037e+01
4.508609733642146722e+01
4.397558625114795205e+01
4.306049447206991942e+01
3.931677700920218399e+01
4.471800299114651267e+01
4.447476707988647604e+01
4.392911927765260316e+01
4.250869684912660063e+01
4.043352005936586124e+01
4.338295684247775341e+01
4.052826192847994236e+01
4.312049839013022279e+01
4.641235124528382983e+01
3.706318859891337070e+01
4.083088843963490433e+01
4.128485658433613281e+01
4.170146938668069936e+01
4.135300382978265077e+01
3.999408861226719836e+01
4.191827424758146492e+01
4.643683984427095623e+01
3.786807364205388637e+01
4.553905603656914280e+01
4.366295383065119751e+01
4.171102940949542415e+01
4.428604655316487282e+01
4.301545168159572796e+01
4.115135000513643604e+01
4.026960786236675460e+01
4.422559953586288373e+01
4.248571439236152969e+01
4.089153523727676287e+01
4.683369426985883877e+01
4.319319213655976597e+01
4.481450832118589744e+01
3.890647800105418241e+01
4.238352565106453085e+01
4.102308761653454638e+01
4.394046020662669605e+01
3.882522482941164554e+01
3.770128506614918962e+01
4.298066486380066209e+01
4.126532180931434368e+01
3.613733989681650627e+01
4.006417350886054862e+01
4.139566356424254678e+01
4.078638337917051615e+01
4.203175939061691935e+01
4.263231392894431337e+01
4.358189283138874259e+01
4.400762191209897622e+01
4.148065970613110665e+01
4.610731150767860953e+01
3.977165050068915519e+01
4.014140442822182564e+01
3.837407145248628382e+01
4.424428105491973895e+01
4.124439066981688029e+01
4.008590010287578309e+01
4.672028211137782705e+01
3.708056174477665223e+01
3.859214101245915884e+01
3.881891808077281780e+01
3.847218717550472178e+01
4.362347597730543924e+01
4.278743566808727650e+01
4.098592860837045748e+01
4.585666636563137644e+01
4.333945780957063931e+01
4.215560187413207416e+01
4.630261776662912609e+01
3.821390023921240697e+01
3.881260579271235400e+01
4.661240731070613208e+01
4.108371381982092174e+01
4.364082233136222300e+01
4.258981154073917708e+01
4.200233033534774307e+01
4.343164445606471702e+01
4.625297615614853441e+01
4.108301283046978369e+01
4.478656366856854731e+01
3.688682798640314076e+01
4.389158674266779769e+01
3.877672019834161432e+01
3.935920049893989869e+01
4.354560004147013785e+01
4.222140705323148069e+01
4.114540205597494094e+01
4.355696494736920243e+01
4.429250255661708024e+01
4.577044211350677472e+01
4.214161658053694026e+01
4.241792152911582292e+01
4.412910266190476705e+01
4.168675795282678820e+01
3.798073646605775622e+01
4.254979404877029481e+01
4.347865957715337260e+01
4.556668423617108488e+01
4.350121858709379552e+01
3.419484485609108759e+01
4.253262675659378544e+01
4.355222282384433896e+01
3.930234051330179312e+01
3.888281457895334370e+01
4.169804667740186233e+01
4.148659011444182454e+01
4.298010347473764625e+01
4.336046535263069046e+01
4.841145263667957721e+01
4.316826775789682102e+01
3.521947669969951988e+01
4.333798871018743881e+01
4.370245356392315017e+01
4.389648803451687797e+01
3.875885055569062843e+01
4.170687386861101942e+01
4.157503750036289603e+01
4.250689586038667045e+01
4.423515220272831527e+01
4.231575999843037295e+01
4.639971445521442206e+01
4.102708462090385666e+01
4.193278936152943004e+01
4.190958753365198675e+01
4.269657772558029052e+01
4.305048812212679366e+01
4.340445996878190726e+01
4.406263636129101258e+01
4.498335254810072570e+01
4.076964852043359855e+01
4.748467083101579078e+01
4.380964875716721707e+01
4.044864044772007361e+01
4.159891349939733374e+01
4.263135491296591795e+01
4.450708483755667544e+01
4.359865096770788284e+01
4.364234352834103703e+01
4.487401570256417926e+01
4.529498309272776169e+01
5.426733858744598393e+01
4.408650976561068546e+01
4.110035767763024950e+01
4.126523987631399848e+01
4.088721661381530481e+01
4.499870632209161414e+01
4.298387865636188820e+01
4.509031586638489841e+01
4.244852318573236261e+01
4.548013598242654609e+01
4.572172194173113269e+01
4.479287975271207500e+01
4.454007400576424658e+01
4.462339637406289938e+01
4.063427642877208967e+01
4.226213514418095230e+01
3.967209474381242273e+01
3.989916341585743709e+01
4.127074498920306667e+01
4.322008701638078065e+01
4.307752710320462342e+01
4.412877585787063595e+01
4.144841646434557703e+01
4.381365856262947744e+01
4.127691341954617599e+01
4.142363692856648782e+01
4.639220659062763730e+01
4.075410449545415048e+01
4.323443376884920042e+01
4.089375589744205541e+01
4.184441752878280596e+01
4.439459526145596158e+01
4.298341244822028528e+01
4.319634889094196950e+01
4.404198945464869297e+01
4.327172264656114464e+01
4.618471313218532259e+01
4.271639119093082826e+01
4.348568706118725657e+01
4.347917241160080692e+01
4.563632328943153738e+01
4.335586430736692876e+01
4.404315388331401948e+01
4.411505611671027083e+01
4.430472332965830162e+01
4.447095390143825000e+01
4.177667552608497914e+01
4.314876033123943699e+01
4.305533616452565582e+01
4.162188947514019333e+01
4.473501660758222442e+01
4.320059780773166835e+01
4.509009672884788955e+01
4.268093098037576993e+01
4.642431081925965231e+01
4.126121938105702469e+01
4.107461720626073287e+01
4.119052213563822562e+01
4.372255148248518708e+01
4.151979628099576303e+01
4.224897075400337343e+01
4.035345765617363867e+01
3.833964545135722801e+01
3.809743896028059140e+01
3.983970317411138495e+01
4.172558122528993607e+01
4.169126469795184420e+01
4.413210626224432787e+01
4.583501898209946290e+01
4.195872964240825809e+01
4.165476577833823768e+01
4.486954694840459013e+01
4.624957124782078921e+01
4.542747892981847002e+01
4.207754605313070329e+01
4.360515429806559951e+01
4.349608256205030443e+01
4.613486774107241928e+01
4.184967502045520149e+01
4.472592558266067897e+01
4.442664704232505812e+01
4.161845209642170573e+01
4.342429382928617798e+01
4.214622627905436048e+01
4.372833420403974714e+01
4.702777023010138890e+01
4.761019090315140545e+01
4.591879050228600789e+01
4.258533617884943112e+01
4.348121773612565732e+01
4.217086533018765948e+01
4.168122899937412740e+01
4.358853393912053065e+01
4.203651584543612074e+01
4.251459067582889162e+01
4.507691084542258864e+01
4.488826391818128059e+01
4.299645416382562502e+01
3.964787488176743580e+01
4.243522750833014356e+01
4.104455555599390237e+01
4.420111274667524981e+01
4.615859873146373360e+01
4.605747667090187747e+01
4.656851498925868071e+01
3.834667652660122172e+01
4.167953792432038540e+01
4.770151729065680257e+01
4.462502478134874195e+01
4.395740073865044195e+01
4.516973208073327584e+01
4.267387852097590439e+01
4.663129179821327597e+01
4.794837702663517831e+01
5.015829088100607436e+01
5.417470623962006471e+01
6.245860488494130891e+01
4.721806293753724759e+01
5.728498863746176539e+01
5.783334071147173461e+01
6.014620014463278608e+01
5.798511035855023721e+01
4.990576168256809098e+01
4.760364573963705226e+01
4.170860051401497515e+01
3.689756109606270940e+01
4.035987193221647829e+01
4.624823027763471828e+01
4.616445977330850781e+01
4.346641278090699245e+01
7.669050241600800177e+01
1.216917971795749338e+02
1.341891425019435644e+02
1.264933698238552608e+02
1.245572028747191524e+02
1.328493026646791861e+02
1.461321333372434879e+02
1.182061606845018247e+02
6.438896989624869605e+01
4.669661530126928284e+01
4.369793084205107192e+01
3.977287479123082647e+01
3.814470263443921993e+01
4.165598510373154539e+01
4.390687919036277975e+01
4.458863655609829380e+01
3.799181020764894612e+01
4.112143122425813857e+01
4.203297851658649620e+01
4.662584110608021604e+01
4.608499882829525518e+01
4.776605447237636781e+01
6.629661803591062608e+01
8.615957253929133230e+01
9.082466767992049483e+01
9.466338800876982873e+01
9.505277374654190226e+01
9.492483569175773539e+01
9.645877885290848042e+01
7.772528388210582762e+01
5.542229550579681074e+01
4.655879512918566832e+01
4.866082468465234712e+01
4.351916378829695731e+01
3.934759302726759955e+01
4.229443537383285445e+01
4.300208061341707122e+01
4.460875758405923364e+01
4.415782536695351013e+01
4.228350384880722146e+01
4.174284660509611200e+01
4.666573089783744166e+01
4.512368800213729969e+01
4.543798819310133297e+01
4.486128228714628108e+01
4.332017141118990367e+01
4.082280948691715849e+01
4.388558420698920770e+01
3.980297923064864563e+01
4.448674649588186014e+01
4.534443909410622808e+01
4.293358650137570010e+01
4.385749366011548744e+01
4.341221346732814368e+01
4.430220361368267845e+01
4.387344338684036416e+01
4.344339420482403114e+01
4.313302641174742291e+01
4.476841575289567032e+01
4.703405015551162904e+01
4.342487149947098857e+01
4.696204042664156475e+01
4.663482242636706587e+01
4.449382813641864942e+01
4.744958641149284517e+01
4.272194789733612197e+01
4.523720417513504799e+01
4.399359571186793261e+01
4.104038837753145685e+01
4.608924610306917202e+01
4.467581065588876754e+01
4.453012422078145249e+01
4.193966601935053262e+01
4.557772081796915842e+01
4.638677734911245665e+01
5.748629565154401888e+01
4.546746063482132882e+01
4.490082647098054736e+01
4.356479810584961143e+01
4.554064319906927949e+01
5.777518943785926098e+01
4.581849830400858536e+01
4.004782816805309409e+01
4.404742433208974006e+01
4.536075354032829665e+01
4.110071176534955839e+01
4.368986847978609944e+01
4.626468355216619699e+01
3.346193845419323765e+01
4.934885140610036558e+01
4.438513104045868118e+01
3.402382786152657701e+01
4.225842234595992863e+01
4.206628378565399373e+01
4.055246817441279461e+01
4.035406676990724861e+01
4.372705885184660701e+01
4.547338559517871914e+01
4.488280594467425288e+01
5.074196713905683964e+01
4.149213420736460023e+01
4.240688589640679140e+01
4.452105470092832462e+01
4.774189701150825016e+01
4.697422835260294960e+01
4.549175117179008510e+01
4.702618462391978227e+01
4.415121174869012322e+01
4.390872024647033101e+01
4.344907431357297156e+01
4.359416460158112017e+01
3.902207276578261030e+01
4.159136322362436289e+01
4.507102302317478859e+01
4.500846648345984136e+01
4.141800597563410236e+01
4.302492998170284721e+01
4.429351995406352671e+01
4.306444790184477256e+01
4.590300895318662810e+01
4.544747652823127737e+01
4.154872159377246277e+01
4.315775769154105745e+01
4.464042598458035371e+01
4.193745853311866512e+01
4.339028982836924797e+01
5.022964523382363922e+01
4.529207563909051970e+01
4.636918769793757633e+01
4.783791235969059130e+01
5.748663754502970136e+01
4.099168198776574457e+01
4.198999046331751828e+01
4.464471523783110740e+01
4.924163973538972527e+01
4.846718750261251785e+01
4.766033574446319676e+01
3.606795069120656194e+01
4.634057703307583154e+01
4.287254621080263917e+01
4.350076556169819497e+01
3.813849522418377802e+01
4.483227246862261239e+01
4.355845175094688670e+01
4.491994425176842753e+01
4.207535612949929771e+01
3.982061862767844929e+01
4.112244273260510141e+01
4.405618880860065190e+01
4.451530368207048838e+01
4.228703853059297302e+01
4.123174823102391429e+01
4.545578884064133973e+01
4.508218899568552018e+01
4.580749701785419603e+01
4.289733679633476271e+01
4.833393504459440493e+01
4.207188000061798050e+01
4.622489763002011642e+01
5.199369029598261704e+01
4.754301489523167845e+01
4.107527690973036982e+01
5.311686874899818633e+01
5.538736120014495157e+01
5.737156258344685256e+01
5.982910948431986498e+01
5.689636474827478452e+01
5.580921347566059154e+01
5.994829000678718245e+01
5.837194737735192263e+01
5.427399176992970808e+01
4.682484622866216029e+01
4.406736027280616241e+01
4.501873106700146820e+01
4.592633886771093898e+01
4.500874306921094359e+01
4.714895678763986098e+01
5.758089468981474113e+01
5.020892727945254563e+01
5.379055083517751257e+01
5.346596595471795155e+01
5.647418945485887321e+01
5.646791179272750583e+01
5.628160721318499071e+01
5.479645012817140071e+01
4.982226974781426065e+01
4.598666687034241818e+01
4.588435007728532611e+01
4.581269244636032312e+01
5.112436573849470278e+01
3.945726128107455111e+01
4.759451267169430366e+01
4.509250313348586303e+01
4.469649683960531661e+01
4.350412702969459389e+01
4.544435810661043007e+01
4.360388942125190681e+01
4.466285869684722343e+01
4.503186601173407411e+01
4.499573450284407272e+01
4.312832159730236725e+01
3.571037841405627233e+01
4.547525363725707592e+01
4.477897218556696401e+01
4.093636038172198255e+01
4.158582671201200043e+01
4.600238343281912279e+01
4.643139127755458162e+01
4.549578909257496662e+01
4.724145650846798361e+01
4.410470171145404095e+01
4.434936701996028319e+01
4.803246262219852269e+01
4.325087933640529059e+01
4.674811359944126821e+01
4.592255462970605606e+01
4.459580870554972876e+01
4.349790761653936499e+01
4.523858172810082579e+01
4.285687708316710598e+01
4.340595792546764642e+01
3.755360292079151918e+01
5.353147767014478120e+01
4.883674216894714704e+01
4.298096418636227156e+01
4.851124479643222998e+01
4.475167179257127259e+01
4.374167450321392181e+01
4.369441825433693793e+01
4.170707287835163868e+01
4.822102020996353389e+01
5.788315910711715162e+01
3.959863002719601610e+01
4.576213285013918153e+01
4.377469781251258496e+01
5.260734223132980958e+01
4.430169820819897808e+01
4.615459537205789076e+01
3.764114182383160312e+01
4.352194234397462935e+01
3.922775339043646170e+01
4.781881989377415465e+01
4.662112020414850377e+01
4.444406716825589143e+01
4.586916292459159905e+01
4.434189633361534533e+01
4.320198466596887954e+01
4.272384658709842853e+01
4.381710853384260673e+01
4.602981342384632057e+01
4.219980800674876065e+01
4.066092569803091550e+01
4.500081333575823095e+01
4.454098385305456986e+01
4.757588788446679473e+01
4.671947239217299597e+01
4.257886581711074570e+01
4.329427605666271717e+01
4.728898960668167462e+01
4.300202670154173035e+01
4.955996851842163409e+01
4.223935111168974998e+01
4.918039672281296504e+01
5.037044648134217084e+01
4.948976224341434005e+01
4.337813798117534247e+01
4.852131238479124420e+01
4.266262999786378174e+01
4.665745953107494870e+01
4.236559136224324362e+01
4.403346892389833300e+01
4.659069308758538597e+01
4.709287928398557455e+01
4.235638289400193912e+01
4.412680027374855740e+01
4.603038161252950999e+01
4.630423727724680560e+01
4.912597811121784019e+01
4.334725377139607616e+01
4.453765273320785667e+01
4.633950198198980530e+01
4.384348525192569923e+01
4.825487090079062824e+01
4.697348187248753248e+01
4.623715546395762743e+01
4.757297953139134705e+01
4.491449949709686962e+01
4.136912444396904931e+01
4.120429677265423152e+01
4.203049060843277829e+01
4.308675537783849308e+01
4.718886370711962286e+01
5.047960914190958448e+01
4.733462566563363083e+01
5.218194255213935406e+01
4.698534199339606232e+01
4.307179169248415462e+01
4.245145138404478757e+01
4.748623066474169008e+01
4.572653831683938108e+01
4.573753240302953316e+01
4.296972393287445868e+01
4.963500051195111951e+01
4.554170886337040969e+01
4.756306952084403861e+01
4.920227593023819423e+01
4.966430265397970345e+01
4.409149541864850619e+01
4.435227681799426591e+01
4.391742492317233371e+01
4.146788148786066586e+01
4.662577090766016141e+01
4.818918189608624658e+01
4.553454443331153811e+01
4.728816190608093706e+01
4.701729743441140386e+01
4.392699378185684367e+01
4.467687010698659833e+01
4.824301047525474928e+01
4.476367755443796170e+01
5.042433190142246247e+01
4.229961898728498682e+01
4.147719268551583838e+01
4.131149523558901393e+01
4.488425426859610923e+01
4.623930744774640544e+01
4.433972090285116252e+01
4.827412466891619403e+01
4.628149010283402021e+01
4.859587521848938252e+01
4.183281608115783001e+01
3.617980300736599730e+01
4.194514625388289630e+01
4.378107896954045231e+01
4.394166728954539991e+01
4.877108099176875555e+01
3.926387069481049252e+01
4.197517935004710665e+01
4.587533478734008696e+01
4.405308103155032029e+01
4.372300463016649275e+01
3.591777174485382318e+01
4.203097031964850316e+01
4.306816720326740011e+01
4.512252241501583683e+01
4.712919435301381554e+01
4.487814544450526455e+01
4.429802705926841355e+01
4.001949353713339264e+01
4.031493096613912286e+01
4.346030501331716778e+01
4.330232282361699703e+01
4.476126613450127678e+01
4.605162556754413572e+01
4.423339939227189177e+01
4.866383031819569993e+01
4.851058935197531952e+01
4.834767370648125961e+01
4.803909631464830454e+01
4.910435777994128870e+01
4.387652176675241122e+01
4.301657109150792024e+01
4.124527712583106620e+01
4.508524881506643567e+01
4.490688690993808763e+01
4.950254780394732990e+01
5.264296548627590511e+01
4.639920973041792962e+01
4.409474394989324253e+01
4.307671797614273856e+01
3.919711508575122139e+01
4.473185542163866302e+01
4.379511954693651177e+01
4.535983477717955736e+01
4.578441724201383778e+01
4.287599874539426281e+01
4.076829945231212804e+01
4.226871668225205525e+01
4.887458882877826483e+01
4.688206025425832735e+01
5.201058781866174030e+01
4.422615128675219154e+01
4.614951611815948951e+01
4.690897443187631666e+01
4.592559656735570428e+01
4.147944310533164014e+01
5.001379060287408862e+01
4.559544868154579689e+01
3.995832018707055511e+01
4.160080736905375431e+01
4.084970643941607449e+01
4.730858879598039124e+01
4.497818029874156309e+01
4.670424051570984147e+01
4.334869611029461822e+01
4.947644220411113025e+01
5.087319792140748831e+01
4.918396346835502442e+01
5.012822321208825826e+01
5.027610042567661708e+01
4.870116259377753209e+01
5.029437802346813413e+01
4.777142655731322662e+01
5.265756176547429135e+01
4.650924909539983076e+01
4.249997282583211700e+01
3.976211862087066606e+01
4.156917207694098693e+01
4.563028193496423057e+01
4.628307399603531991e+01
4.767363492834803651e+01
4.684640247221311427e+01
5.077230713954924823e+01
5.006105389728823951e+01
4.699129330762808365e+01
4.829477528715879942e+01
4.912393050085255197e+01
4.876337840382562661e+01
4.873711745665304562e+01
4.947500391765414207e+01
4.869099105502404967e+01
4.990969334131444413e+01
5.173500334609741458e+01
4.236487214085773445e+01
4.378731472534636993e+01
4.915638733466148835e+01
4.965236362792885672e+01
5.234746545128216155e+01
5.242330729316922344e+01
5.140259734611735354e+01
4.988104968298309672e+01
4.944086659957569907e+01
4.978696371758951500e+01
5.146499497701530856e+01
4.905461285482778067e+01
5.138311255154521717e+01
4.761659260147032313e+01
4.680513576158367783e+01
4.392553368349918941e+01
4.899377241671022176e+01
4.492998424080386144e+01
4.286217945469261537e+01
5.008242815265302994e+01
4.818565648048044636e+01
4.715819557974403864e+01
4.835444578578869823e+01
5.223178874967756968e+01
4.327671621617344044e+01
5.007488872087747467e+01
5.371381589868854434e+01
4.863477947034137117e+01
5.136809960149292209e+01
4.929714915908916595e+01
4.494574656833999171e+01
4.612618937349031256e+01
4.787470613257386276e+01
4.647268793393167385e+01
4.772501222705056279e+01
4.263172355607853348e+01
4.986973337742772827e+01
4.975883690270728721e+01
4.874068217147111426e+01
4.496278570287454102e+01
4.693032279501296244e+01
4.999768716565123583e+01
4.865264820900823395e+01
4.672080438458726093e+01
4.647584536106182185e+01
4.540515218277721488e+01
4.580807686646711829e+01
4.600194802750137058e+01
4.433129582735424634e+01
4.845666985571573093e+01
4.907249637838830125e+01
4.797471833225392857e+01
5.072389477243498845e+01
4.612593672080002705e+01
4.468968006593807019e+01
5.339559768038056831e+01
4.622701837471255004e+01
5.629705331306079330e+01
4.974154816676190194e+01
4.529926323531019960e+01
4.521648958031848053e+01
4.863163024686886615e+01
4.817764108931963563e+01
4.918355398010853463e+01
4.553766314043458863e+01
4.796025375669582047e+01
4.935608433450784815e+01
4.130127746000584210e+01
4.925559977706417669e+01
4.316036005833944955e+01
4.887346852747467096e+01
4.306081629804378252e+01
5.062801367189176460e+01
4.904958625002815609e+01
4.644303580964157163e+01
4.171704558434377219e+01
4.495673979417986743e+01
4.768159658809076973e+01
4.508441951081218946e+01
4.375776242484005962e+01
4.871465092837121347e+01
4.562000324344257507e+01
4.459738931551675023e+01
5.199173582983163300e+01
4.839620848352718241e+01
3.801296196379787062e+01
4.821834061466168464e+01
5.298575991230618598e+01
4.505677783477936060e+01
4.737264078101137699e+01
4.820431384078190007e+01
4.461476482313968006e+01
5.100663197508890789e+01
4.743298170935688773e+01
4.816546047784654405e+01
4.746070910092451811e+01
4.616064095295831748e+01
4.378107340731884989e+01
5.536040830453347894e+01
4.688286604365965360e+01
5.198466030939631821e+01
4.528154428295605527e+01
4.824751795907109653e+01
4.673392338672234558e+01
4.768190128166799013e+01
4.096132392329446503e+01
4.480305279531833662e+01
4.682090402492042358e+01
3.770059751155138628e+01
3.946662570381609925e+01
4.041427990389300362e+01
3.463939206761544654e+01
4.600186754378541565e+01
4.088417639682348437e+01
5.106357870689411271e+01
3.943463088312520171e+01
4.083908325549834473e+01
4.288833458042869751e+01
2.819467673556459886e+01
2.659787836426442453e+01
3.613370689123054547e+01
4.763793829255371293e+01
4.940402392829362554e+01
4.606414824612760839e+01
3.307447161330846797e+01
