4.700889384069393600e+03
4.702139715046972015e+03
4.703390046030423036e+03
4.704640377019741209e+03
4.705890708014922893e+03
4.707141039015959905e+03
4.708391370022849514e+03
4.709641701035584447e+03
4.710892032054161064e+03
4.712142363078571179e+03
4.713392694108811156e+03
4.714643025144876447e+03
4.715893356186760684e+03
4.717143687234458412e+03
4.718394018287962353e+03
4.719644349347270690e+03
4.720894680412376147e+03
4.722145011483272356e+03
4.723395342559957498e+03
4.724645673642423390e+03
4.725896004730663662e+03
4.727146335824675589e+03
4.728396666924451893e+03
4.729646998029988936e+03
4.730897329141280352e+03
4.732147660258320684e+03
4.733397991381104475e+03
4.734648322509628088e+03
4.735898653643885154e+03
4.737148984783870219e+03
4.738399315929576915e+03
4.739649647081002513e+03
4.740899978238139738e+03
4.742150309400984042e+03
4.743400640569529060e+03
4.744650971743772971e+03
4.745901302923704861e+03
4.747151634109326551e+03
4.748401965300626216e+03
4.749652296497602038e+03
4.750902627700247649e+03
4.752152958908559413e+03
4.753403290122530962e+03
4.754653621342156839e+03
4.755903952567432498e+03
4.757154283798353390e+03
4.758404615034911330e+03
4.759654946277105410e+03
4.760905277524926532e+03
4.762155608778372880e+03
4.763405940037438086e+03
4.764656271302113964e+03
4.765906602572401425e+03
4.767156933848289555e+03
4.768407265129777443e+03
4.769657596416856904e+03
4.770907927709524301e+03
4.772158259007775996e+03
4.773408590311603803e+03
4.774658921621003174e+03
4.775909252935971381e+03
4.777159584256502058e+03
4.778409915582589747e+03
4.779660246914228992e+03
4.780910578251415245e+03
4.782160909594144869e+03
4.783411240942410586e+03
4.784661572296207851e+03
4.785911903655532114e+03
4.787162235020380649e+03
4.788412566390742541e+03
4.789662897766619608e+03
4.790913229148000937e+03
4.792163560534885619e+03
4.793413891927266377e+03
4.794664223325139574e+03
4.795914554728498842e+03
4.797164886137339636e+03
4.798415217551659225e+03
4.799665548971450335e+03
4.800915880396707507e+03
4.802166211827427105e+03
4.803416543263604581e+03
4.804666874705233568e+03
4.805917206152310428e+03
4.807167537604827885e+03
4.808417869062785030e+03
4.809668200526172768e+03
4.810918531994989280e+03
4.812168863469226380e+03
4.813419194948884069e+03
4.814669526433952342e+03
4.815919857924428470e+03
4.817170189420309725e+03
4.818420520921588832e+03
4.819670852428259423e+03
4.820921183940321498e+03
4.822171515457763235e+03
4.823421846980587361e+03
4.824672178508782963e+03
4.825922510042349131e+03
4.827172841581279499e+03
4.828423173125568610e+03
4.829673504675214645e+03
4.830923836230206689e+03
4.832174167790544743e+03
4.833424499356223350e+03
4.834674830927237963e+03
4.835925162503584033e+03
4.837175494085254286e+03
4.838425825672245992e+03
4.839676157264556423e+03
4.840926488862173755e+03
4.842176820465100718e+03
4.843427152073329125e+03
4.844677483686854430e+03
4.845927815305672084e+03
4.847178146929777540e+03
4.848428478559166251e+03
4.849678810193834579e+03
4.850929141833773429e+03
4.852179473478983709e+03
4.853429805129457236e+03
4.854680136785191280e+03
4.855930468446177656e+03
4.857180800112415454e+03
4.858431131783897399e+03
4.859681463460623490e+03
4.860931795142582814e+03
4.862182126829774461e+03
4.863432458522191155e+03
4.864682790219831077e+03
4.865933121922688770e+03
4.867183453630759686e+03
4.868433785344038370e+03
4.869684117062517544e+03
4.870934448786199027e+03
4.872184780515073726e+03
4.873435112249136182e+03
4.874685443988386396e+03
4.875935775732815273e+03
4.877186107482420994e+03
4.878436439237197192e+03
4.879686770997139320e+03
4.880937102762246468e+03
4.882187434532506813e+03
4.883437766307922175e+03
4.884688098088485276e+03
4.885938429874191570e+03
4.887188761665037418e+03
4.888439093461019183e+03
4.889689425262129589e+03
4.890939757068365907e+03
4.892190088879724499e+03
4.893440420696198089e+03
4.894690752517783039e+03
4.895941084344475712e+03
4.897191416176271559e+03
4.898441748013166034e+03
4.899692079855154589e+03
4.900942411702231766e+03
4.902192743554394838e+03
4.903443075411636528e+03
4.904693407273955927e+03
4.905943739141346668e+03
4.907194071013801477e+03
4.908444402891323080e+03
4.909694734773900564e+03
4.910945066661533019e+03
4.912195398554213170e+03
4.913445730451939198e+03
4.914696062354705646e+03
4.915946394262504327e+03
4.917196726175338881e+03
4.918447058093198393e+03
4.919697390016080135e+03
4.920947721943980468e+03
4.922198053876894846e+03
4.923448385814818721e+03
4.924698717757747545e+03
4.925949049705677680e+03
4.927199381658602761e+03
4.928449713616520967e+03
4.929700045579425023e+03
4.930950377547314019e+03
4.932200709520179771e+03
4.933451041498021368e+03
4.934701373480831535e+03
4.935951705468609362e+03
4.937202037461348482e+03
4.938452369459041620e+03
4.939702701461689685e+03
4.940953033469286311e+03
4.942203365481826040e+03
4.943453697499306145e+03
4.944704029521722077e+03
4.945954361549068381e+03
4.947204693581340507e+03
4.948455025618535728e+03
4.949705357660650407e+03
4.950955689707678175e+03
4.952206021759614487e+03
4.953456353816458432e+03
4.954706685878201824e+03
4.955957017944842846e+03
4.957207350016375131e+03
4.958457682092796858e+03
4.959708014174102573e+03
4.960958346260287726e+03
4.962208678351348681e+03
4.963459010447281798e+03
4.964709342548080713e+03
4.965959674653743605e+03
4.967210006764264108e+03
4.968460338879639494e+03
4.969710670999865215e+03
4.970961003124936724e+03
4.972211335254849473e+03
4.973461667389601644e+03
4.974711999529185960e+03
4.975962331673601511e+03
4.977212663822840113e+03
4.978462995976899037e+03
4.979713328135775555e+03
4.980963660299465118e+03
4.982213992467963180e+03
4.983464324641265193e+03
4.984714656819368429e+03
4.985964989002266520e+03
4.987215321189957649e+03
4.988465653382433629e+03
4.989715985579694461e+03
4.990966317781737416e+03
4.992216649988552490e+03
4.993466982200139682e+03
4.994717314416494446e+03
4.995967646637611324e+03
4.997217978863488497e+03
4.998468311094121418e+03
4.999718643329501901e+03
5.000968975569629947e+03
5.002219307814501008e+03
5.003469640064110536e+03
5.004719972318454893e+03
5.005970304577529532e+03
5.007220636841329906e+03
5.008470969109852376e+03
5.009721301383094215e+03
5.010971633661049054e+03
5.012221965943714167e+03
5.013472298231085006e+03
5.014722630523158841e+03
5.015972962819929307e+03
5.017223295121395495e+03
5.018473627427551037e+03
5.019723959738391386e+03
5.020974292053913814e+03
5.022224624374114683e+03
5.023474956698989445e+03
5.024725289028535371e+03
5.025975621362744278e+03
5.027225953701617982e+03
5.028476286045147390e+03
5.029726618393331592e+03
5.030976950746166040e+03
5.032227283103646187e+03
5.033477615465769304e+03
5.034727947832530845e+03
5.035978280203923532e+03
5.037228612579948276e+03
5.038478944960601439e+03
5.039729277345873015e+03
5.040979609735767554e+03
5.042229942130272320e+03
5.043480274529388225e+03
5.044730606933112540e+03
5.045980939341438898e+03
5.047231271754362751e+03
5.048481604171883191e+03
5.049731936593992941e+03
5.050982269020692002e+03
5.052232601451972187e+03
5.053482933887833497e+03
5.054733266328267746e+03
5.055983598773274935e+03
5.057233931222849606e+03
5.058484263676989031e+03
5.059734596135686843e+03
5.060984928598942133e+03
5.062235261066747626e+03
5.063485593539102410e+03
5.064735926016001031e+03
5.065986258497441668e+03
5.067236590983418864e+03
5.068486923473928073e+03
5.069737255968967474e+03
5.070987588468530703e+03
5.072237920972616848e+03
5.073488253481220454e+03
5.074738585994336972e+03
5.075988918511963675e+03
5.077239251034096924e+03
5.078489583560733081e+03
5.079739916091866689e+03
5.080990248627495930e+03
5.082240581167616256e+03
5.083490913712223119e+03
5.084741246261313790e+03
5.085991578814885543e+03
5.087241911372931099e+03
5.088492243935449551e+03
5.089742576502437259e+03
5.090992909073887859e+03
5.092243241649801348e+03
5.093493574230170452e+03
5.094743906814994261e+03
5.095994239404267319e+03
5.097244571997985076e+03
5.098494904596146625e+03
5.099745237198745599e+03
5.100995569805779269e+03
5.102245902417244906e+03
5.103496235033137964e+03
5.104746567653452985e+03
5.105996900278189059e+03
5.107247232907341640e+03
5.108497565540906180e+03
5.109747898178879041e+03
5.110998230821257494e+03
5.112248563468036991e+03
5.113498896119215715e+03
5.114749228774788207e+03
5.115999561434749012e+03
5.117249894099098128e+03
5.118500226767829190e+03
5.119750559440940378e+03
5.121000892118428965e+03
5.122251224800288583e+03
5.123501557486516504e+03
5.124751890177108180e+03
5.126002222872060884e+03
5.127252555571373705e+03
5.128502888275039368e+03
5.129753220983051506e+03
5.131003553695414666e+03
5.132253886412120664e+03
5.133504219133165861e+03
5.134754551858544801e+03
5.136004884588258392e+03
5.137255217322297540e+03
5.138505550060664063e+03
5.139755882803353416e+03
5.141006215550357410e+03
5.142256548301677867e+03
5.143506881057307510e+03
5.144757213817244519e+03
5.146007546581486167e+03
5.147257879350026997e+03
5.148508212122865189e+03
5.149758544899993467e+03
5.151008877681414560e+03
5.152259210467119374e+03
5.153509543257105179e+03
5.154759876051371066e+03
5.156010208849912487e+03
5.157260541652724896e+03
5.158510874459805564e+03
5.159761207271150852e+03
5.161011540086754394e+03
5.162261872906620738e+03
5.163512205730736241e+03
5.164762538559105451e+03
5.166012871391716544e+03
5.167263204228575887e+03
5.168513537069674385e+03
5.169763869915007490e+03
5.171014202764576112e+03
5.172264535618372975e+03
5.173514868476394440e+03
5.174765201338640509e+03
5.176015534205102995e+03
5.177265867075782808e+03
5.178516199950673581e+03
5.179766532829774405e+03
5.181016865713078914e+03
5.182267198600584379e+03
5.183517531492291710e+03
5.184767864388189082e+03
5.186018197288281044e+03
5.187268530192559410e+03
5.188518863101023271e+03
5.189769196013665351e+03
5.191019528930489287e+03
5.192269861851484166e+03
5.193520194776650897e+03
5.194770527705984932e+03
5.196020860639482635e+03
5.197271193577139456e+03
5.198521526518955397e+03
5.199771859464923182e+03
5.201022192415043719e+03
5.202272525369308823e+03
5.203522858327719405e+03
5.204773191290266368e+03
5.206023524256953351e+03
5.207273857227773078e+03
5.208524190202721911e+03
5.209774523181798031e+03
5.211024856164996891e+03
5.212275189152316671e+03
5.213525522143750095e+03
5.214775855139298983e+03
5.216026188138956059e+03
5.217276521142721322e+03
5.218526854150589315e+03
5.219777187162556402e+03
5.221027520178620762e+03
5.222277853198775119e+03
5.223528186223021294e+03
5.224778519251354737e+03
5.226028852283770902e+03
5.227279185320266151e+03
5.228529518360837756e+03
5.229779851405482987e+03
5.231030184454196387e+03
5.232280517506977958e+03
5.233530850563820422e+03
5.234781183624727419e+03
5.236031516689686214e+03
5.237281849758699536e+03
5.238532182831765567e+03
5.239782515908875212e+03
5.241032848990029379e+03
5.242283182075222612e+03
5.243533515164454002e+03
5.244783848257719001e+03
5.246034181355013970e+03
5.247284514456337092e+03
5.248534847561682909e+03
5.249785180671046874e+03
5.251035513784431714e+03
5.252285846901829245e+03
5.253536180023237648e+03
5.254786513148653285e+03
5.256036846278073426e+03
5.257287179411496254e+03
5.258537512548916311e+03
5.259787845690329959e+03
5.261038178835734470e+03
5.262288511985128935e+03
5.263538845138507895e+03
5.264789178295869533e+03
5.266039511457208391e+03
5.267289844622521741e+03
5.268540177791808674e+03
5.269790510965063731e+03
5.271040844142285096e+03
5.272291177323469128e+03
5.273541510508613101e+03
5.274791843697711556e+03
5.276042176890764495e+03
5.277292510087766459e+03
5.278542843288717449e+03
5.279793176493607461e+03
5.281043509702441042e+03
5.282293842915210007e+03
5.283544176131915265e+03
5.284794509352550449e+03
5.286044842577111922e+03
5.287295175805598774e+03
5.288545509038007367e+03
5.289795842274334063e+03
5.291046175514576134e+03
5.292296508758729942e+03
5.293546842006791849e+03
5.294797175258760944e+03
5.296047508514631772e+03
5.297297841774401604e+03
5.298548175038070440e+03
5.299798508305628275e+03
5.301048841577081475e+03
5.302299174852415490e+03
5.303549508131638504e+03
5.304799841414739603e+03
5.306050174701720607e+03
5.307300507992573330e+03
5.308550841287299590e+03
5.309801174585893932e+03
5.311051507888353626e+03
5.312301841194675035e+03
5.313552174504856339e+03
5.314802507818893901e+03
5.316052841136783172e+03
5.317303174458523245e+03
5.318553507784110479e+03
5.319803841113541239e+03
5.321054174446815523e+03
5.322304507783922418e+03
5.323554841124865561e+03
5.324805174469643134e+03
5.326055507818247861e+03
5.327305841170677922e+03
5.328556174526931500e+03
5.329806507887002226e+03
5.331056841250890102e+03
5.332307174618591489e+03
5.333557507990104568e+03
5.334807841365423883e+03
5.336058174744548523e+03
5.337308508127474852e+03
5.338558841514196502e+03
5.339809174904717111e+03
5.341059508299027584e+03
5.342309841697128832e+03
5.343560175099016305e+03
5.344810508504686368e+03
5.346060841914135381e+03
5.347311175327364253e+03
5.348561508744368439e+03
5.349811842165139751e+03
5.351062175589683648e+03
5.352312509017990124e+03
5.353562842450060089e+03
5.354813175885889905e+03
5.356063509325475025e+03
5.357313842768814538e+03
5.358564176215903899e+03
5.359814509666742197e+03
5.361064843121323975e+03
5.362315176579647414e+03
5.363565510041711605e+03
5.364815843507509271e+03
5.366066176977042232e+03
5.367316510450302303e+03
5.368566843927290392e+03
5.369817177408003772e+03
5.371067510892436985e+03
5.372317844380589122e+03
5.373568177872457454e+03
5.374818511368037434e+03
5.376068844867324515e+03
5.377319178370321424e+03
5.378569511877019977e+03
5.379819845387420173e+03
5.381070178901518375e+03
5.382320512419310944e+03
5.383570845940795152e+03
5.384821179465969180e+03
5.386071512994829391e+03
5.387321846527373964e+03
5.388572180063596534e+03
5.389822513603498919e+03
5.391072847147075663e+03
5.392323180694324037e+03
5.393573514245241313e+03
5.394823847799824762e+03
5.396074181358071655e+03
5.397324514919976536e+03
5.398574848485542134e+03
5.399825182054761171e+03
5.401075515627631830e+03
5.402325849204152291e+03
5.403576182784318917e+03
5.404826516368127159e+03
5.406076849955576108e+03
5.407327183546663946e+03
5.408577517141385215e+03
5.409827850739739915e+03
5.411078184341721681e+03
5.412328517947332330e+03
5.413578851556563677e+03
5.414829185169417542e+03
5.416079518785888467e+03
5.417329852405974634e+03
5.418580186029672404e+03
5.419830519656979959e+03
5.421080853287894570e+03
5.422331186922410780e+03
5.423581520560529498e+03
5.424831854202246177e+03
5.426082187847558089e+03
5.427332521496463414e+03
5.428582855148958515e+03
5.429833188805039754e+03
5.431083522464704402e+03
5.432333856127952458e+03
5.433584189794777558e+03
5.434834523465178791e+03
5.436084857139152518e+03
5.437335190816697832e+03
5.438585524497811093e+03
5.439835858182487755e+03
5.441086191870727816e+03
5.442336525562525821e+03
5.443586859257881770e+03
5.444837192956789295e+03
5.446087526659250216e+03
5.447337860365259075e+03
5.448588194074812236e+03
5.449838527787908788e+03
5.451088861504546003e+03
5.452339195224720243e+03
5.453589528948428779e+03
5.454839862675669792e+03
5.456090196406439645e+03
5.457340530140736519e+03
5.458590863878554956e+03
5.459841197619895866e+03
5.461091531364757429e+03
5.462341865113131462e+03
5.463592198865017963e+03
5.464842532620415113e+03
5.466092866379321094e+03
5.467343200141731359e+03
5.468593533907643177e+03
5.469843867677056551e+03
5.471094201449962384e+03
5.472344535226366133e+03
5.473594869006258705e+03
5.474845202789641917e+03
5.476095536576510312e+03
5.477345870366862073e+03
5.478596204160695379e+03
5.479846537958003864e+03
5.481096871758789348e+03
5.482347205563047282e+03
5.483597539370774939e+03
5.484847873181970499e+03
5.486098206996629415e+03
5.487348540814752596e+03
5.488598874636334585e+03
5.489849208461370836e+03
5.491099542289863166e+03
5.492349876121806119e+03
5.493600209957198786e+03
5.494850543796035709e+03
5.496100877638316888e+03
5.497351211484041414e+03
5.498601545333201102e+03
5.499851879185798680e+03
5.501102213041827781e+03
5.502352546901286587e+03
5.503602880764175097e+03
5.504853214630486036e+03
5.506103548500221223e+03
5.507353882373376109e+03
5.508604216249948877e+03
5.509854550129934978e+03
5.511104884013335322e+03
5.512355217900144453e+03
5.513605551790357822e+03
5.514855885683978158e+03
5.516106219580998186e+03
5.517356553481420633e+03
5.518606887385236405e+03
5.519857221292447321e+03
5.521107555203050651e+03
5.522357889117040941e+03
5.523608223034417279e+03
5.524858556955179665e+03
5.526108890879322644e+03
5.527359224806843486e+03
5.528609558737739462e+03
5.529859892672009664e+03
5.531110226609649544e+03
5.532360560550659102e+03
5.533610894495033790e+03
5.534861228442770880e+03
5.536111562393869463e+03
5.537361896348326809e+03
5.538612230306137462e+03
5.539862564267303242e+03
5.541112898231820509e+03
5.542363232199682898e+03
5.543613566170891318e+03
5.544863900145443040e+03
5.546114234123333517e+03
5.547364568104565478e+03
5.548614902089129828e+03
5.549865236077027475e+03
5.551115570068255693e+03
5.552365904062812660e+03
5.553616238060694741e+03
5.554866572061897386e+03
5.556116906066422416e+03
5.557367240074262554e+03
5.558617574085419619e+03
5.559867908099889064e+03
5.561118242117668160e+03
5.562368576138755998e+03
5.563618910163149849e+03
5.564869244190845166e+03
5.566119578221839220e+03
5.567369912256133830e+03
5.568620246293723540e+03
5.569870580334604711e+03
5.571120914378775524e+03
5.586124923164585198e+03
5.587375257251308540e+03
5.588625591341285144e+03
5.589875925434516830e+03
5.591126259530999960e+03
5.592376593630730895e+03
5.593626927733708726e+03
5.594877261839928906e+03
5.596127595949390525e+03
5.597377930062093583e+03
5.598628264178029895e+03
5.599878598297202188e+03
5.601128932419604098e+03
5.602379266545238352e+03
5.603629600674097674e+03
5.604879934806180245e+03
5.606130268941487884e+03
5.607380603080013316e+03
5.608630937221756540e+03
5.609881271366714827e+03
5.611131605514885450e+03
5.612381939666264770e+03
5.613632273820853698e+03
5.614882607978645865e+03
5.616132942139641273e+03
5.617383276303839011e+03
5.618633610471232714e+03
5.619883944641822382e+03
5.621134278815605285e+03
5.622384612992580514e+03
5.623634947172744432e+03
5.624885281356093401e+03
5.626135615542625601e+03
5.627385949732341032e+03
5.628636283925235148e+03
5.629886618121307038e+03
5.631136952320550336e+03
5.632387286522968679e+03
5.633637620728554793e+03
5.634887954937309587e+03
5.636138289149228513e+03
5.637388623364310661e+03
5.638638957582552393e+03
5.639889291803952801e+03
5.641139626028508246e+03
5.642389960256217819e+03
5.643640294487077881e+03
5.644890628721087523e+03
5.646140962958242199e+03
5.647391297198540997e+03
5.648641631441981190e+03
5.649891965688560958e+03
5.651142299938278484e+03
5.652392634191129218e+03
5.653642968447115891e+03
5.654893302706229406e+03
5.656143636968470673e+03
5.657393971233840603e+03
5.658644305502329189e+03
5.659894639773940071e+03
5.661144974048670520e+03
5.662395308326518716e+03
5.663645642607476475e+03
5.664895976891549253e+03
5.666146311178730684e+03
5.667396645469018949e+03
5.668646979762411320e+03
5.669897314058907796e+03
5.671147648358503830e+03
5.672397982661197602e+03
5.673648316966986386e+03
5.674898651275869270e+03
5.676148985587842617e+03
5.677399319902906427e+03
5.678649654221054334e+03
5.679899988542289066e+03
5.681150322866604256e+03
5.682400657193999905e+03
5.683650991524472374e+03
5.684901325858021664e+03
5.686151660194642318e+03
5.687401994534334335e+03
5.688652328877094988e+03
5.689902663222922456e+03
5.691152997571813103e+03
5.692403331923763290e+03
5.693653666278776655e+03
5.694904000636846831e+03
5.696154334997971091e+03
5.697404669362148525e+03
5.698655003729376403e+03
5.699905338099651999e+03
5.701155672472973492e+03
5.702406006849340883e+03
5.703656341228748715e+03
5.704906675611194260e+03
5.706157009996678426e+03
5.707407344385199394e+03
5.708657678776751709e+03
5.709908013171335369e+03
5.711158347568946738e+03
5.712408681969582176e+03
5.713659016373243503e+03
5.714909350779927081e+03
5.716159685189629272e+03
5.717410019602350076e+03
5.718660354018084945e+03
5.719910688436832061e+03
5.721161022858591423e+03
5.722411357283360303e+03
5.723661691711133244e+03
5.724912026141910246e+03
5.726162360575689490e+03
5.727412695012470977e+03
5.728663029452247429e+03
5.729913363895020666e+03
5.731163698340787050e+03
5.732414032789544763e+03
5.733664367241291075e+03
5.734914701696024167e+03
5.736165036153741312e+03
5.737415370614442509e+03
5.738665705078122301e+03
5.739916039544781597e+03
5.741166374014416760e+03
5.742416708487024152e+03
5.743667042962603773e+03
5.744917377441151984e+03
5.746167711922668786e+03
5.747418046407150541e+03
5.748668380894596339e+03
5.749918715385002542e+03
5.751169049878365513e+03
5.752419384374687070e+03
5.753669718873964484e+03
5.754920053376191390e+03
5.756170387881370516e+03
5.757420722389498223e+03
5.758671056900569965e+03
5.759921391414584832e+03
5.761171725931545552e+03
5.762422060451440302e+03
5.763672394974276358e+03
5.764922729500046444e+03
5.766173064028751469e+03
5.767423398560384157e+03
5.768673733094947238e+03
5.769924067632441620e+03
5.771174402172855480e+03
5.772424736716192456e+03
5.773675071262452548e+03
5.774925405811628480e+03
5.776175740363722070e+03
5.777426074918729682e+03
5.778676409476649496e+03
5.779926744037479693e+03
5.781177078601218454e+03
5.782427413167860323e+03
5.783677747737408026e+03
5.784928082309858837e+03
5.786178416885207298e+03
5.787428751463453409e+03
5.788679086044596261e+03
5.789929420628631306e+03
5.791179755215559453e+03
5.792430089805373427e+03
5.793680424398077776e+03
5.794930758993664313e+03
5.796181093592137586e+03
5.797431428193488500e+03
5.798681762797720694e+03
5.799932097404828710e+03
5.801182432014810729e+03
5.802432766627668570e+03
5.803683101243393139e+03
5.804933435861988073e+03
5.968727294937862098e+03
5.969977629917842933e+03
5.971227964900439474e+03
5.972478299885644446e+03
5.973728634873457850e+03
5.974978969863879684e+03
5.976229304856905401e+03
5.977479639852534092e+03
5.978729974850765757e+03
5.979980309851596758e+03
5.981230644855025275e+03
5.982480979861051310e+03
5.983731314869670314e+03
5.984981649880882287e+03
5.986231984894686320e+03
5.987482319911077866e+03
5.988732654930058743e+03
5.989982989951623495e+03
5.991233324975771211e+03
5.992483660002502802e+03
5.993733995031812810e+03
5.994984330063702146e+03
5.996234665098168989e+03
5.997485000135208793e+03
5.998735335174823376e+03
5.999985670217007282e+03
6.001236005261761420e+03
6.002486340309084881e+03
6.003736675358973116e+03
6.004987010411424308e+03
6.006237345466439365e+03
6.007487680524016469e+03
6.008738015584150162e+03
6.009988350646843173e+03
6.011238685712090046e+03
6.012489020779892599e+03
6.013739355850245374e+03
6.014989690923148373e+03
6.016240025998598867e+03
6.017490361076596855e+03
6.018740696157141429e+03
6.019991031240228040e+03
6.021241366325855779e+03
6.022491701414023737e+03
6.023742036504729185e+03
6.024992371597971214e+03
6.026242706693748914e+03
6.027493041792057738e+03
6.028743376892899505e+03
6.029993711996268758e+03
6.031244047102164586e+03
6.032494382210588810e+03
6.033744717321534154e+03
6.034995052435005164e+03
6.036245387550996384e+03
6.037495722669504175e+03
6.038746057790532177e+03
6.039996392914073112e+03
6.041246728040130620e+03
6.042497063168698332e+03
6.043747398299775341e+03
6.044997733433364374e+03
6.046248068569459065e+03
6.047498403708059413e+03
6.048748738849162692e+03
6.049999073992768899e+03
6.051249409138871670e+03
6.052499744287475551e+03
6.053750079438575085e+03
6.055000414592171182e+03
6.056250749748259295e+03
6.057501084906841243e+03
6.058751420067912477e+03
6.060001755231469360e+03
6.061252090397517350e+03
6.062502425566046441e+03
6.063752760737060271e+03
6.065003095910554293e+03
6.066253431086529417e+03
6.067503766264982914e+03
6.068754101445912966e+03
6.070004436629316842e+03
6.071254771815194545e+03
6.072505107003543344e+03
6.073755442194363241e+03
6.075005777387650596e+03
6.076256112583403592e+03
6.077506447781621318e+03
6.078756782982301957e+03
6.080007118185445506e+03
6.081257453391047420e+03
6.082507788599106789e+03
6.083758123809623612e+03
6.085008459022596071e+03
6.086258794238021437e+03
6.087509129455896982e+03
6.088759464676224525e+03
6.090009799898997699e+03
6.091260135124217413e+03
6.092510470351883669e+03
6.093760805581993736e+03
6.095011140814542159e+03
6.096261476049533485e+03
6.097511811286960437e+03
6.098762146526825745e+03
6.100012481769127589e+03
6.101262817013859603e+03
6.102513152261024516e+03
6.103763487510618688e+03
6.105013822762641212e+03
6.106264158017093905e+03
6.107514493273968583e+03
6.108764828533266154e+03
6.110015163794987529e+03
6.111265499059128160e+03
6.112515834325688047e+03
6.113766169594664461e+03
6.115016504866055584e+03
6.116266840139860506e+03
6.117517175416079226e+03
6.118767510694708108e+03
6.120017845975744422e+03
6.121268181259189078e+03
6.122518516545037528e+03
6.123768851833293411e+03
6.125019187123950360e+03
6.126269522417008375e+03
6.127519857712463818e+03
6.128770193010318508e+03
6.130020528310566078e+03
6.131270863613210167e+03
6.132521198918249866e+03
6.133771534225677897e+03
6.135021869535495171e+03
6.136272204847701687e+03
6.137522540162292898e+03
6.138772875479271534e+03
6.140023210798629407e+03
6.141273546120373794e+03
6.142523881444493782e+03
6.143774216770995736e+03
6.145024552099871471e+03
6.146274887431124625e+03
6.147525222764748833e+03
6.148775558100748640e+03
6.150025893439115862e+03
6.151276228779853227e+03
6.152526564122956188e+03
6.153776899468427473e+03
6.155027234816263444e+03
6.156277570166459554e+03
6.157527905519017622e+03
6.158778240873934010e+03
6.160028576231209627e+03
6.161278911590842654e+03
6.162529246952826725e+03
6.163779582317166387e+03
6.165029917683856183e+03
6.166280253052897024e+03
6.167530588424287089e+03
6.168780923798022741e+03
6.170031259174106708e+03
6.171281594552528986e+03
6.172531929933298670e+03
6.173782265316406665e+03
6.175032600701853880e+03
6.176282936089638497e+03
6.177533271479759605e+03
6.178783606872213568e+03
6.180033942267000384e+03
6.181284277664120054e+03
6.182534613063570760e+03
6.183784948465347952e+03
6.185035283869450723e+03
6.186285619275879071e+03
6.187535954684632998e+03
6.188786290095707045e+03
6.190036625509101214e+03
6.191286960924818231e+03
6.192537296342849913e+03
6.193787631763195350e+03
6.195037967185859088e+03
6.196288302610832943e+03
6.197538638038121462e+03
6.198788973467717369e+03
6.200039308899620664e+03
6.201289644333831347e+03
6.202539979770349419e+03
6.203790315209168512e+03
6.205040650650289535e+03
6.206290986093712490e+03
6.207541321539434648e+03
6.208791656987455099e+03
6.210041992437768386e+03
6.211292327890379966e+03
6.212542663345283472e+03
6.213792998802477996e+03
6.215043334261964446e+03
6.216293669723736457e+03
6.217544005187796756e+03
6.218794340654142616e+03
6.220044676122773126e+03
6.221295011593686468e+03
6.222545347066877184e+03
6.223795682542352552e+03
6.225046018020102565e+03
6.226296353500129044e+03
6.227546688982432897e+03
6.228797024467006850e+03
6.230047359953856358e+03
6.231297695442975055e+03
6.232548030934361122e+03
6.233798366428017289e+03
6.235048701923938097e+03
6.236299037422124456e+03
6.237549372922573639e+03
6.238799708425282915e+03
6.240050043930254105e+03
6.241300379437482661e+03
6.242550714946968583e+03
6.243801050458710051e+03
6.245051385972706157e+03
6.246301721488954172e+03
6.247552057007453186e+03
6.248802392528205928e+03
6.250052728051202394e+03
6.251303063576448039e+03
6.252553399103936499e+03
6.253803734633670501e+03
6.255054070165645498e+03
6.256304405699864219e+03
6.257554741236321206e+03
6.258805076775015550e+03
6.260055412315944523e+03
6.261305747859112671e+03
6.262556083404511810e+03
6.263806418952143758e+03
6.265056754502005788e+03
6.266307090054097898e+03
6.267557425608416452e+03
6.268807761164963267e+03
6.270058096723732888e+03
6.271308432284728042e+03
6.272558767847943272e+03
6.273809103413380399e+03
6.275059438981037601e+03
6.276309774550909424e+03
6.277560110123000413e+03
6.278810445697303294e+03
6.280060781273820794e+03
6.281311116852550185e+03
6.282561452433491468e+03
6.283811788016637365e+03
6.285062123601993335e+03
6.286312459189558467e+03
6.287562794779324577e+03
6.288813130371294392e+03
6.290063465965466094e+03
6.291313801561839682e+03
6.292564137160410610e+03
6.293814472761177967e+03
6.295064808364144483e+03
6.296315143969301971e+03
6.297565479576654980e+03
6.298815815186199870e+03
6.300066150797934824e+03
6.301316486411858023e+03
6.302566822027968556e+03
6.303817157646265514e+03
6.305067493266747078e+03
6.306317828889413249e+03
6.307568164514260388e+03
6.308818500141287586e+03
6.310068835770495753e+03
6.311319171401878521e+03
6.312569507035439528e+03
6.313819842671175138e+03
6.315070178309083531e+03
6.316320513949162887e+03
6.317570849591413207e+03
6.318821185235833582e+03
6.320071520882423101e+03
6.321321856531178128e+03
6.322572192182098661e+03
6.323822527835181063e+03
6.325072863490424425e+03
6.326323199147832383e+03
6.327573534807397664e+03
6.328823870469122085e+03
6.330074206133000189e+03
6.331324541799035615e+03
6.332574877467226543e+03
6.333825213137565697e+03
6.335075548810058535e+03
6.336325884484700509e+03
6.337576220161491619e+03
6.338826555840428227e+03
6.340076891521512152e+03
6.341327227204738847e+03
6.342577562890107401e+03
6.343827898577618726e+03
6.345078234267270091e+03
6.346328569959061497e+03
6.347578905652984758e+03
6.348829241349048971e+03
6.350079577047245039e+03
6.351329912747574781e+03
6.352580248450036379e+03
6.353830584154629832e+03
6.355080919861352413e+03
6.356331255570201392e+03
6.357581591281175861e+03
6.358831926994274909e+03
6.360082262709499446e+03
6.361332598426844925e+03
6.362582934146311345e+03
6.363833269867899617e+03
6.365083605591601554e+03
6.366333941317423523e+03
6.367584277045357339e+03
6.368834612775409369e+03
6.370084948507570516e+03
6.371335284241844420e+03
6.372585619978231080e+03
6.373835955716722310e+03
6.375086291457321749e+03
6.376336627200029397e+03
6.377586962944837978e+03
6.378837298691752039e+03
6.380087634440767033e+03
6.381337970191883869e+03
6.382588305945098909e+03
6.383838641700411245e+03
6.385088977457822693e+03
6.386339313217325071e+03
6.387589648978924743e+03
6.388839984742614433e+03
6.390090320508398690e+03
6.391340656276271147e+03
6.392590992046230895e+03
6.393841327818278842e+03
6.395091663592409532e+03
6.396341999368629331e+03
6.397592335146929145e+03
6.398842670927313520e+03
6.400093006709777001e+03
6.401343342494320495e+03
6.402593678280938548e+03
6.403844014069637524e+03
6.405094349860406510e+03
6.406344685653254601e+03
6.407595021448172702e+03
6.408845357245163541e+03
6.410095693044222571e+03
6.411346028845351611e+03
6.412596364648546114e+03
6.413846700453808808e+03
6.415097036261132416e+03
6.416347372070522397e+03
6.417597707881975111e+03
6.418848043695486922e+03
6.420098379511059647e+03
6.421348715328691469e+03
6.422599051148376020e+03
6.423849386970118758e+03
6.425099722793916044e+03
6.426350058619764241e+03
6.427600394447665167e+03
6.428850730277617004e+03
6.430101066109617022e+03
6.431351401943664314e+03
6.432601737779759787e+03
6.433852073617898895e+03
6.435102409458083457e+03
6.436352745300308015e+03
6.437603081144575299e+03
6.438853416990882579e+03
6.440103752839228946e+03
6.441354088689610762e+03
6.442604424542032575e+03
6.443854760396485290e+03
6.445105096252972544e+03
6.446355432111491609e+03
6.447605767972042486e+03
6.448856103834622445e+03
6.450106439699230577e+03
6.451356775565865064e+03
6.452607111434528633e+03
6.453857447305214009e+03
6.455107783177923920e+03
6.456358119052654729e+03
6.457608454929405525e+03
6.458858790808177218e+03
6.460109126688967081e+03
6.461359462571773292e+03
6.462609798456595854e+03
6.463860134343431127e+03
6.465110470232282751e+03
6.466360806123143448e+03
6.467611142016014128e+03
6.468861477910895701e+03
6.470111813807784529e+03
6.471362149706679702e+03
6.472612485607579401e+03
6.473862821510487265e+03
6.475113157415395108e+03
6.476363493322304748e+03
6.477613829231216187e+03
6.478864165142124875e+03
6.480114501055032633e+03
6.481364836969936732e+03
6.482615172886836262e+03
6.483865508805731224e+03
6.485115844726617070e+03
6.486366180649497437e+03
6.487616516574365050e+03
6.488866852501223548e+03
6.490117188430068381e+03
6.491367524360900461e+03
6.492617860293719787e+03
6.493868196228524539e+03
6.495118532165307442e+03
6.496368868104073044e+03
6.497619204044821345e+03
6.498869539987547796e+03
6.500119875932252398e+03
6.501370211878935152e+03
6.502620547827591508e+03
6.503870883778221469e+03
6.505121219730826851e+03
6.506371555685403109e+03
6.507621891641949333e+03
6.508872227600466431e+03
6.510122563560948038e+03
6.511372899523398701e+03
6.512623235487817510e+03
6.513873571454195371e+03
6.515123907422541379e+03
6.516374243392845528e+03
6.517624579365116006e+03
6.518874915339341896e+03
6.520125251315527748e+03
6.521375587293668104e+03
6.522625923273765693e+03
6.523876259255817786e+03
6.525126595239824383e+03
6.526376931225782755e+03
6.527627267213690175e+03
6.528877603203549370e+03
6.530127939195356703e+03
6.531378275189112173e+03
6.532628611184812144e+03
6.533878947182458433e+03
6.535129283182047402e+03
6.536379619183579052e+03
6.537629955187053383e+03
6.538880291192465847e+03
6.540130627199818264e+03
6.541380963209107904e+03
6.542631299220334768e+03
6.543881635233497036e+03
6.545131971248593800e+03
6.546382307265622330e+03
6.547632643284582628e+03
6.548882979305473782e+03
6.550133315328293065e+03
6.551383651353042296e+03
6.552633987379716928e+03
6.553884323408316959e+03
6.555134659438842391e+03
6.556384995471291404e+03
6.557635331505663089e+03
6.558885667541954717e+03
6.560136003580166289e+03
6.561386339620295075e+03
6.562636675662343805e+03
6.563887011706307021e+03
6.565137347752186542e+03
6.566387683799979641e+03
6.567638019849681768e+03
6.568888355901298382e+03
6.570138691954825845e+03
6.571389028010262336e+03
6.572639364067605129e+03
6.573889700126855132e+03
6.575140036188012346e+03
6.576390372251072222e+03
6.577640708316037490e+03
6.578891044382903601e+03
6.580141380451668738e+03
6.581391716522336537e+03
6.582642052594898814e+03
6.583892388669361935e+03
6.585142724745720443e+03
6.586393060823973428e+03
6.587643396904120891e+03
6.588893732986160103e+03
6.590144069070091973e+03
6.591394405155911954e+03
6.592644741243622775e+03
6.593895077333221707e+03
6.595145413424707840e+03
6.596395749518077537e+03
6.597646085613333526e+03
6.598896421710472168e+03
6.600146757809493465e+03
6.601397093910396507e+03
6.602647430013178564e+03
6.603897766117839637e+03
6.605148102224376998e+03
6.606398438332794285e+03
6.607648774443083312e+03
6.608899110555248626e+03
6.610149446669284771e+03
6.611399782785194475e+03
6.612650118902973190e+03
6.613900455022624556e+03
6.615150791144140385e+03
6.616401127267525226e+03
6.617651463392777259e+03
6.618901799519892847e+03
6.620152135648871990e+03
6.621402471779715597e+03
6.622652807912419121e+03
6.623903144046983471e+03
6.625153480183409556e+03
6.626403816321689192e+03
6.627654152461827834e+03
6.628904488603823665e+03
6.630154824747672137e+03
6.631405160893375069e+03
6.632655497040929731e+03
6.633905833190337944e+03
6.635156169341593341e+03
6.636406505494698649e+03
6.637656841649652051e+03
6.638907177806452637e+03
6.640157513965100406e+03
6.641407850125589903e+03
6.642658186287923854e+03
6.643908522452099533e+03
6.645158858618117847e+03
6.646409194785975160e+03
6.647659530955672381e+03
6.648909867127204961e+03
6.650160203300577450e+03
6.651410539475783480e+03
6.652660875652823051e+03
6.653911211831697983e+03
6.655161548012403728e+03
6.656411884194941194e+03
6.657662220379310384e+03
6.658912556565504019e+03
6.660162892753529377e+03
6.661413228943379181e+03
6.662663565135056160e+03
6.663913901328555767e+03
6.665164237523879819e+03
6.666414573721025590e+03
6.667664909919991260e+03
6.668915246120781376e+03
6.670165582323385934e+03
6.671415918527810391e+03
6.672666254734051108e+03
6.673916590942104449e+03
6.675166927151977688e+03
6.676417263363660823e+03
6.677667599577154760e+03
6.678917935792462231e+03
6.680168272009581415e+03
6.681418608228505946e+03
6.682668944449239461e+03
6.683919280671781053e+03
6.685169616896127081e+03
6.686419953122279367e+03
6.687670289350231542e+03
6.688920625579991793e+03
6.690170961811548295e+03
6.691421298044907417e+03
6.692671634280063699e+03
6.693921970517018963e+03
6.695172306755771388e+03
6.696422642996319155e+03
6.697672979238663174e+03
6.698923315482800717e+03
6.700173651728729055e+03
6.701423987976451826e+03
6.702674324225961755e+03
6.703924660477263387e+03
6.705174996730351268e+03
6.706425332985228124e+03
6.707675669241889409e+03
6.708926005500337851e+03
6.710176341760569812e+03
6.711426678022584383e+03
6.712677014286379745e+03
6.713927350551957716e+03
6.715177686819311930e+03
6.716428023088448754e+03
6.717678359359361821e+03
6.718928695632051131e+03
6.720179031906513956e+03
6.721429368182753024e+03
6.722679704460766516e+03
6.723930040740550794e+03
6.725180377022105858e+03
6.726430713305430800e+03
6.727681049590524708e+03
6.728931385877386674e+03
6.730181722166016698e+03
6.731432058456411141e+03
6.732682394748570914e+03
6.733932731042494197e+03
6.735183067338180081e+03
6.736433403635628565e+03
6.737683739934835103e+03
6.738934076235803332e+03
6.740184412538528704e+03
6.741434748843013040e+03
6.742685085149252700e+03
6.743935421457248594e+03
6.745185757766996176e+03
6.746436094078498172e+03
6.747686430391751855e+03
6.748936766706756316e+03
6.750187103023513373e+03
6.751437439342017569e+03
6.752687775662267995e+03
6.753938111984267380e+03
6.755188448308011175e+03
6.756438784633501200e+03
6.757689120960734726e+03
6.758939457289710845e+03
6.760189793620426826e+03
6.761440129952884490e+03
6.762690466287081108e+03
6.763940802623017589e+03
6.765191138960691205e+03
6.766441475300101047e+03
6.767691811641245295e+03
6.768942147984125768e+03
6.770192484328737919e+03
6.771442820675081748e+03
6.772693157023158165e+03
6.773943493372966259e+03
6.775193829724502393e+03
6.776444166077763839e+03
6.777694502432754234e+03
6.778944838789471760e+03
6.780195175147912778e+03
6.781445511508080017e+03
6.782695847869968020e+03
6.783946184233579515e+03
6.785196520598910865e+03
6.786446856965962979e+03
6.787697193334732219e+03
6.788947529705222223e+03
6.790197866077427534e+03
6.791448202451347242e+03
6.792698538826984077e+03
6.793948875204333490e+03
6.795199211583397300e+03
6.796449547964170961e+03
6.797699884346655381e+03
6.798950220730850560e+03
6.800200557116755590e+03
6.801450893504366832e+03
6.802701229893681557e+03
6.803951566284707042e+03
6.805201902677436919e+03
6.806452239071866643e+03
6.807702575468000759e+03
6.808952911865837450e+03
6.810203248265373986e+03
6.811453584666610368e+03
6.812703921069544776e+03
6.813954257474176302e+03
6.815204593880506764e+03
6.816454930288531614e+03
6.817705266698249943e+03
6.818955603109660842e+03
6.820205939522766130e+03
6.821456275937563078e+03
6.822706612354051686e+03
6.823956948772226497e+03
6.825207285192093877e+03
6.826457621613646552e+03
6.827707958036884520e+03
6.828958294461810510e+03
6.830208630888419066e+03
6.831458967316711096e+03
6.832709303746689329e+03
6.833959640178345580e+03
6.835209976611683487e+03
6.836460313046700321e+03
6.837710649483396992e+03
6.838960985921771680e+03
6.840211322361821658e+03
6.841461658803548744e+03
6.842711995246949300e+03
6.843962331692022417e+03
6.845212668138770823e+03
6.846463004587187243e+03
6.847713341037275313e+03
6.848963677489035945e+03
6.850214013942464589e+03
6.851464350397558519e+03
6.852714686854322281e+03
6.853965023312750418e+03
6.855215359772842930e+03
6.856465696234599818e+03
6.857716032698018353e+03
6.858966369163100353e+03
6.860216705629842181e+03
6.861467042098244747e+03
6.862717378568305321e+03
6.863967715040024814e+03
6.865218051513402315e+03
6.866468387988434188e+03
6.867718724465122250e+03
6.868969060943461955e+03
6.870219397423456940e+03
6.871469733905102657e+03
6.872720070388401837e+03
6.873970406873349930e+03
6.875220743359946027e+03
6.876471079848191948e+03
6.877721416338083145e+03
6.878971752829621437e+03
6.880222089322807733e+03
6.881472425817637486e+03
6.882722762314108877e+03
6.883973098812223725e+03
6.885223435311978392e+03
6.886473771813376516e+03
6.887724108316412639e+03
6.888974444821086763e+03
6.890224781327399796e+03
6.891475117835349010e+03
6.892725454344934406e+03
6.893975790856153253e+03
6.895226127369007372e+03
6.896476463883494034e+03
6.897726800399613239e+03
6.898977136917364078e+03
6.900227473436741093e+03
6.901477809957750651e+03
6.902728146480387295e+03
6.903978483004651935e+03
6.905228819530539113e+03
6.906479156058055196e+03
6.907729492587197456e+03
6.908979829117960435e+03
6.910230165650344134e+03
6.911480502184352190e+03
6.912730838719979147e+03
6.913981175257226823e+03
6.915231511796092491e+03
6.916481848336574330e+03
6.917732184878675980e+03
6.918982521422391073e+03
6.920232857967720520e+03
6.921483194514667048e+03
6.922733531063225200e+03
6.923983867613394978e+03
6.925234204165175470e+03
6.926484540718565768e+03
6.927734877273569509e+03
6.928985213830176690e+03
6.930235550388393676e+03
6.931485886948216830e+03
6.932736223509643423e+03
6.933986560072676184e+03
6.935236896637313293e+03
6.936487233203552023e+03
6.937737569771392373e+03
6.938987906340833433e+03
6.940238242911877023e+03
6.941488579484517686e+03
6.942738916058754512e+03
6.943989252634591139e+03
6.945239589212023930e+03
6.946489925791051974e+03
6.947740262371673452e+03
6.948990598953889275e+03
6.950240935537696714e+03
6.951491272123094859e+03
6.952741608710085529e+03
6.953991945298665996e+03
6.955242281888834441e+03
6.956492618480589954e+03
6.957742955073933445e+03
6.958993291668864913e+03
6.960243628265377993e+03
6.961493964863476322e+03
6.962744301463158990e+03
6.963994638064425089e+03
6.965244974667269162e+03
6.966495311271696664e+03
6.967745647877703050e+03
6.968995984485289227e+03
6.970246321094453378e+03
6.971496657705191865e+03
6.972746994317507415e+03
6.973997330931399119e+03
6.975247667546864250e+03
6.976498004163904625e+03
6.977748340782514788e+03
6.978998677402697467e+03
6.980249014024449025e+03
6.981499350647772189e+03
6.982749687272665142e+03
6.984000023899123335e+03
6.985250360527149496e+03
6.986500697156742717e+03
6.987751033787900269e+03
6.989001370420622152e+03
6.990251707054908366e+03
6.991502043690754363e+03
6.992752380328165600e+03
6.994002716967134802e+03
6.995253053607663787e+03
6.996503390249753465e+03
6.997753726893398380e+03
6.999004063538603077e+03
7.000254400185362101e+03
7.001504736833678180e+03
7.002755073483548586e+03
7.004005410134970589e+03
7.005255746787946009e+03
7.006506083442475756e+03
7.007756420098550734e+03
7.009006756756179129e+03
7.010257093415356394e+03
7.011507430076081619e+03
7.012757766738354803e+03
7.014008103402171400e+03
7.015258440067536867e+03
7.016508776734446656e+03
7.017759113402898947e+03
7.019009450072895561e+03
7.020259786744433768e+03
7.021510123417510840e+03
7.022760460092130415e+03
7.024010796768288856e+03
7.025261133445985251e+03
7.026511470125219603e+03
7.027761806805990091e+03
7.029012143488298534e+03
7.030262480172137657e+03
7.031512816857513826e+03
7.032763153544422494e+03
7.034013490232863660e+03
7.035263826922834596e+03
7.036514163614338031e+03
7.037764500307370326e+03
7.039014837001929664e+03
7.040265173698021499e+03
7.041515510395637648e+03
7.042765847094778110e+03
7.044016183795446523e+03
7.045266520497636520e+03
7.046516857201353560e+03
7.047767193906594002e+03
7.049017530613352392e+03
7.050267867321634185e+03
7.051518204031433925e+03
7.052768540742755249e+03
7.054018877455594520e+03
7.055269214169950828e+03
7.056519550885822355e+03
7.057769887603210009e+03
7.059020224322115610e+03
7.060270561042534609e+03
7.061520897764462461e+03
7.062771234487906440e+03
7.064021571212862909e+03
7.065271907939326411e+03
7.066522244667302402e+03
7.067772581396784517e+03
7.069022918127778212e+03
7.070273254860276211e+03
7.071523591594281243e+03
7.072773928329791488e+03
7.074024265066806947e+03
7.075274601805324892e+03
7.076524938545346231e+03
7.077775275286870965e+03
7.079025612029896365e+03
7.080275948774422432e+03
7.081526285520446436e+03
7.082776622267970197e+03
7.084026959016991896e+03
7.085277295767508804e+03
7.086527632519523650e+03
7.087777969273034614e+03
7.089028306028038060e+03
7.090278642784533986e+03
7.091528979542524212e+03
7.092779316302006009e+03
7.094029653062979378e+03
7.095279989825443408e+03
7.096530326589394463e+03
7.097780663354835269e+03
7.099031000121764919e+03
7.100281336890179773e+03
7.101531673660080742e+03
7.102782010431468734e+03
7.104032347204337384e+03
7.105282683978691239e+03
7.106533020754528479e+03
7.107783357531847287e+03
7.109033694310648571e+03
7.110284031090925055e+03
7.111534367872685834e+03
7.112784704655922724e+03
7.114035041440638452e+03
7.115285378226827561e+03
7.116535715014494599e+03
7.117786051803636838e+03
7.119036388594257005e+03
7.120286725386346006e+03
7.121537062179907480e+03
7.122787398974941425e+03
7.124037735771446933e+03
7.125288072569422184e+03
7.126538409368866269e+03
7.127788746169781916e+03
7.129039082972161850e+03
7.130289419776010618e+03
7.131539756581323672e+03
7.132790093388101923e+03
7.134040430196345369e+03
7.135290767006052192e+03
7.136541103817220574e+03
7.137791440629851422e+03
7.139041777443943829e+03
7.140292114259495975e+03
7.141542451076508769e+03
7.142792787894979483e+03
7.144043124714904479e+03
7.145293461536291943e+03
7.146543798359130960e+03
7.147794135183430626e+03
7.149044472009178207e+03
7.150294808836384618e+03
7.151545145665041673e+03
7.152795482495149372e+03
7.154045819326711353e+03
7.155296156159721249e+03
7.156546492994184518e+03
7.157796829830091156e+03
7.159047166667448437e+03
7.160297503506254543e+03
7.161547840346504927e+03
7.162798177188202317e+03
7.164048514031343075e+03
7.165298850875929020e+03
7.166549187721956514e+03
7.167799524569427376e+03
7.169049861418337059e+03
7.170300198268691020e+03
7.171550535120483801e+03
7.172800871973717221e+03
7.174051208828384006e+03
7.175301545684492339e+03
7.176551882542038584e+03
7.177802219401015464e+03
7.179052556261430254e+03
7.180302893123278409e+03
7.181553229986563565e+03
7.182803566851279356e+03
7.184053903717425783e+03
7.185304240585003754e+03
7.186554577454013270e+03
7.187804914324451602e+03
7.189055251196318750e+03
7.190305588069612895e+03
7.191555924944333128e+03
7.192806261820482177e+03
7.194056598698055495e+03
7.195306935577053991e+03
7.196557272457476756e+03
7.197807609339321061e+03
7.199057946222588726e+03
7.200308283107278839e+03
7.201558619993387765e+03
7.202808956880916412e+03
7.204059293769866599e+03
7.205309630660234689e+03
7.206559967552017952e+03
7.207810304445220936e+03
7.209060641339839094e+03
7.210310978235870607e+03
7.211561315133319113e+03
7.212811652032180064e+03
7.214061988932452550e+03
7.215312325834138392e+03
7.216562662737237588e+03
7.217812999641741953e+03
7.219063336547661493e+03
7.220313673454986201e+03
7.221564010363720627e+03
7.222814347273863859e+03
7.224064684185412261e+03
7.225315021098365833e+03
7.226565358012724573e+03
7.227815694928488483e+03
7.229066031845655743e+03
7.230316368764224535e+03
7.231566705684196677e+03
7.232817042605568531e+03
7.234067379528343736e+03
7.235317716452516834e+03
7.236568053378086915e+03
7.237818390305058529e+03
7.239068727233424397e+03
7.240319064163187250e+03
7.241569401094345267e+03
7.242819738026900268e+03
7.244070074960849524e+03
7.245320411896191217e+03
7.246570748832924437e+03
7.247821085771051912e+03
7.249071422710569095e+03
7.250321759651476896e+03
7.251572096593773495e+03
7.252822433537460711e+03
7.254072770482533087e+03
7.255323107428996991e+03
7.256573444376844236e+03
7.257823781326077551e+03
7.259074118276695117e+03
7.260324455228699662e+03
7.261574792182087549e+03
7.262825129136855139e+03
7.264075466093005161e+03
7.265325803050538525e+03
7.266576140009450683e+03
7.267826476969742544e+03
7.269076813931413199e+03
7.270327150894464467e+03
7.271577487858889981e+03
7.272827824824693380e+03
7.274078161791872844e+03
7.275328498760427465e+03
7.276578835730353603e+03
7.277829172701656717e+03
7.279079509674332257e+03
7.280329846648377497e+03
7.281580183623797893e+03
7.282830520600586169e+03
7.284080857578745054e+03
7.285331194558273637e+03
7.286581531539168282e+03
7.287831868521431716e+03
7.289082205505063030e+03
7.290332542490061314e+03
7.291582879476421112e+03
7.292833216464148791e+03
7.294083553453238892e+03
7.295333890443691416e+03
7.296584227435506364e+03
7.297834564428686463e+03
7.299084901423222618e+03
7.300335238419120287e+03
7.301585575416379470e+03
7.302835912414994709e+03
7.304086249414970553e+03
7.305336586416298815e+03
7.306586923418986771e+03
7.307837260423028965e+03
7.309087597428429035e+03
7.310337934435179704e+03
7.311588271443284611e+03
7.312838608452742847e+03
7.314088945463553500e+03
7.315339282475715663e+03
7.316589619489227516e+03
7.317839956504087240e+03
7.319090293520296655e+03
7.320340630537856669e+03
7.321590967556761825e+03
7.322841304577015762e+03
7.324091641598612114e+03
7.325341978621556336e+03
7.326592315645845702e+03
7.327842652671478390e+03
7.329092989698453493e+03
7.330343326726772830e+03
7.331593663756431852e+03
7.332844000787430559e+03
7.334094337819770772e+03
7.335344674853452489e+03
7.336595011888468434e+03
7.337845348924825885e+03
7.339095685962521202e+03
7.340346023001551657e+03
7.341596360041915432e+03
7.342846697083616164e+03
7.344097034126652943e+03
7.345347371171023042e+03
7.346597708216722822e+03
7.347848045263758650e+03
7.349098382312124158e+03
7.350348719361817530e+03
7.351599056412845130e+03
7.352849393465200592e+03
7.354099730518885735e+03
7.355350067573896922e+03
7.356600404630234152e+03
7.357850741687900154e+03
7.359101078746891289e+03
7.360351415807205740e+03
7.361601752868846233e+03
7.362852089931811861e+03
7.364102426996096256e+03
7.365352764061706694e+03
7.366603101128634989e+03
7.367853438196884781e+03
7.369103775266456068e+03
7.370354112337345214e+03
7.371604449409552217e+03
7.372854786483077078e+03
7.374105123557920706e+03
7.375355460634079463e+03
7.376605797711555169e+03
7.377856134790343276e+03
7.379106471870445603e+03
7.380356808951866697e+03
7.381607146034594734e+03
7.382857483118636083e+03
7.384107820203990741e+03
7.385358157290653253e+03
7.386608494378625437e+03
7.387858831467909113e+03
7.389109168558503370e+03
7.390359505650400024e+03
7.391609842743608169e+03
7.392860179838120530e+03
7.394110516933938925e+03
7.395360854031063354e+03
7.396611191129491090e+03
7.397861528229222131e+03
7.399111865330257388e+03
7.400362202432591403e+03
7.401612539536230543e+03
7.402862876641172079e+03
7.404113213747408736e+03
7.405363550854947789e+03
7.406613887963783782e+03
7.407864225073918533e+03
7.409114562185351133e+03
7.410364899298080672e+03
7.411615236412104423e+03
7.412865573527425113e+03
7.414115910644037285e+03
7.415366247761945488e+03
7.416616584881147901e+03
7.417866922001640887e+03
7.419117259123426265e+03
7.420367596246501307e+03
7.421617933370868741e+03
7.422868270496523110e+03
7.424118607623468961e+03
7.425368944751702657e+03
7.426619281881223287e+03
7.427869619012030853e+03
7.429119956144123535e+03
7.430370293277502242e+03
7.431620630412167884e+03
7.432870967548116823e+03
7.434121304685345422e+03
7.435371641823860045e+03
7.436621978963656147e+03
7.437872316104733727e+03
7.439122653247090966e+03
7.440372990390728773e+03
7.441623327535644421e+03
7.442873664681843366e+03
7.444124001829316512e+03
7.445374338978066589e+03
7.446624676128094507e+03
7.447875013279396626e+03
7.449125350431974766e+03
7.450375687585826199e+03
7.451626024740954563e+03
7.452876361897353490e+03
7.454126699055026620e+03
7.455377036213968495e+03
7.456627373374185481e+03
7.457877710535670303e+03
7.459128047698423870e+03
7.460378384862447092e+03
7.461628722027740878e+03
7.462879059194301590e+03
7.464129396362126499e+03
7.465379733531221973e+03
7.466630070701580735e+03
7.467880407873202785e+03
7.469130745046092670e+03
7.470381082220244025e+03
7.471631419395657758e+03
7.472881756572333870e+03
7.474132093750273270e+03
7.475382430929471411e+03
7.476632768109933750e+03
7.477883105291650281e+03
7.479133442474630101e+03
7.480383779658866843e+03
7.481634116844358687e+03
7.482884454031111090e+03
7.484134791219118597e+03
7.485385128408378478e+03
7.486635465598898008e+03
7.487885802790668095e+03
7.489136139983694193e+03
7.490386477177972665e+03
7.491636814373502602e+03
7.492887151570284004e+03
7.494137488768315052e+03
7.495387825967597564e+03
7.496638163168131541e+03
7.497888500369912435e+03
7.499138837572942066e+03
7.500389174777217704e+03
7.501639511982742988e+03
7.502889849189513370e+03
7.504140186397527941e+03
7.505390523606789429e+03
7.506640860817293287e+03
7.507891198029041334e+03
7.509141535242033569e+03
7.510391872456265446e+03
7.511642209671741512e+03
7.512892546888458128e+03
7.514142884106414385e+03
7.515393221325609375e+03
7.516643558546045824e+03
7.517893895767718277e+03
7.519144232990628552e+03
7.520394570214776650e+03
7.521644907440162569e+03
7.522895244666782673e+03
7.524145581894637871e+03
7.525395919123725434e+03
7.526646256354049001e+03
7.527896593585604023e+03
7.529146930818393230e+03
7.530397268052412983e+03
7.531647605287665101e+03
7.532897942524146856e+03
7.534148279761856429e+03
7.535398617000799277e+03
7.536648954240970852e+03
7.537899291482366607e+03
7.539149628724989270e+03
7.540399965968841570e+03
7.541650303213918050e+03
7.542900640460220529e+03
7.544150977707746279e+03
7.545401314956498027e+03
7.546651652206473045e+03
7.547901989457668606e+03
7.549152326710085617e+03
7.550402663963727719e+03
7.551653001218588543e+03
7.552903338474670818e+03
7.554153675731969997e+03
7.555404012990490628e+03
7.556654350250228163e+03
7.557904687511182601e+03
7.559155024773356672e+03
7.560405362036744009e+03
7.561655699301346431e+03
7.562906036567165756e+03
7.564156373834198348e+03
7.565406711102446025e+03
7.566657048371906967e+03
7.567907385642578447e+03
7.569157722914460464e+03
7.570408060187558476e+03
7.571658397461864297e+03
7.572908734737378836e+03
7.574159072014103003e+03
7.575409409292037708e+03
7.576659746571179312e+03
7.577910083851526906e+03
7.579160421133082309e+03
7.580410758415844612e+03
7.581661095699811085e+03
7.582911432984982639e+03
7.584161770271357454e+03
7.585412107558936441e+03
7.586662444847719598e+03
7.587912782137704198e+03
7.589163119428891150e+03
7.590413456721279545e+03
7.591663794014868472e+03
7.592914131309654294e+03
7.594164468605640650e+03
7.595414805902824810e+03
7.596665143201207684e+03
7.597915480500786543e+03
7.599165817801564117e+03
7.600416155103537676e+03
7.601666492406704492e+03
7.602916829711065475e+03
7.604167167016623353e+03
7.605417504323373578e+03
7.606667841631317060e+03
7.607918178940452890e+03
7.609168516250779248e+03
7.610418853562295226e+03
7.611669190875004460e+03
7.612919528188902405e+03
7.614169865503990877e+03
7.615420202820266240e+03
7.616670540137729404e+03
7.617920877456379458e+03
7.619171214776217312e+03
7.620421552097238418e+03
7.621671889419449144e+03
7.622922226742842213e+03
7.624172564067420353e+03
7.625422901393182656e+03
7.626673238720124573e+03
7.627923576048250652e+03
7.629173913377558165e+03
7.630424250708048930e+03
7.631674588039718401e+03
7.632924925372568396e+03
7.634175262706595277e+03
7.635425600041804501e+03
7.636675937378190611e+03
7.637926274715750878e+03
7.639176612054490761e+03
7.640426949394406620e+03
7.641677286735498456e+03
7.642927624077763539e+03
7.644177961421204600e+03
7.645428298765817999e+03
7.646678636111606465e+03
7.647928973458564542e+03
7.649179310806696776e+03
7.650429648155999530e+03
7.651679985506473713e+03
7.652930322858116597e+03
7.654180660210928181e+03
7.655430997564912104e+03
7.656681334920060181e+03
7.657931672276379686e+03
7.659182009633863345e+03
7.660432346992514795e+03
7.661682684352329488e+03
7.662933021713313792e+03
7.664183359075458611e+03
7.665433696438770312e+03
7.666684033803243437e+03
7.667934371168880716e+03
7.669184708535678510e+03
7.670435045903640457e+03
7.671685383272762010e+03
7.672935720643044078e+03
7.674186058014487571e+03
7.675436395387087032e+03
7.676686732760846098e+03
7.677937070135763861e+03
7.679187407511839410e+03
7.680437744889071837e+03
7.681688082267458412e+03
7.682938419647002775e+03
7.684188757027698557e+03
7.685439094409552126e+03
7.686689431792558935e+03
7.687939769176718983e+03
7.689190106562028632e+03
7.690440443948495158e+03
7.691690781336109467e+03
7.692941118724875196e+03
7.694191456114792345e+03
7.695441793505859096e+03
7.696692130898073628e+03
7.697942468291439582e+03
7.699192805685950589e+03
7.700443143081607559e+03
7.701693480478413221e+03
7.702943817876365756e+03
7.704194155275461526e+03
7.705444492675704169e+03
7.706694830077090955e+03
7.707945167479621887e+03
7.709195504883293324e+03
7.710445842288108906e+03
7.711696179694065904e+03
7.712946517101164318e+03
7.714196854509404147e+03
7.715447191918785393e+03
7.716697529329305326e+03
7.717947866740963036e+03
7.719198204153758525e+03
7.720448541567694519e+03
7.721698878982764654e+03
7.722949216398973476e+03
7.724199553816317348e+03
7.725449891234798997e+03
7.726700228654410239e+03
7.727950566075163806e+03
7.729200903497043328e+03
7.730451240920059718e+03
7.731701578344207519e+03
7.732951915769489460e+03
7.734202253195903722e+03
7.735452590623443939e+03
7.736702928052116476e+03
7.737953265481918606e+03
7.739203602912851238e+03
7.740453940344912553e+03
7.741704277778098913e+03
7.742954615212414865e+03
7.744204952647858590e+03
7.745455290084427361e+03
7.746705627522121176e+03
7.747955964960937308e+03
7.749206302400883942e+03
7.750456639841951073e+03
7.751706977284141431e+03
7.819225200814749769e+03
7.820475538317848077e+03
7.821725875822035050e+03
7.822976213327315236e+03
7.824226550833686815e+03
7.825476888341147060e+03
7.826727225849698698e+03
7.827977563359339911e+03
7.829227900870063422e+03
7.830478238381877418e+03
7.831728575894782807e+03
7.832978913408772314e+03
7.834229250923847758e+03
7.835479588440008229e+03
7.836729925957253727e+03
7.837980263475586980e+03
7.839230600995001623e+03
7.840480938515499474e+03
7.841731276037079624e+03
7.842981613559743892e+03
7.844231951083491367e+03
7.845482288608316594e+03
7.846732626134222301e+03
7.847982963661209396e+03
7.849233301189276972e+03
7.850483638718420480e+03
7.851733976248647195e+03
7.852984313779947115e+03
7.854234651312327514e+03
7.855484988845787484e+03
7.856735326380317019e+03
7.857985663915927944e+03
7.859236001452610253e+03
7.860486338990371223e+03
7.861736676529204487e+03
7.862987014069109136e+03
7.864237351610090627e+03
7.865487689152140774e+03
7.866738026695265944e+03
7.867988364239460680e+03
7.869238701784726800e+03
7.870489039331063395e+03
7.871739376878469557e+03
7.872989714426946193e+03
7.874240051976490577e+03
7.875490389527104526e+03
7.876740727078785312e+03
7.877991064631531117e+03
7.879241402185345578e+03
7.880491739740226876e+03
7.881742077296173193e+03
7.882992414853183618e+03
7.884242752411258152e+03
7.885493089970399524e+03
7.886743427530600457e+03
7.887993765091866408e+03
7.889244102654194648e+03
7.890494440217584270e+03
7.891744777782035271e+03
7.892995115347547653e+03
7.894245452914117777e+03
7.895495790481749282e+03
7.896746128050439438e+03
7.897996465620190065e+03
7.899246803190998435e+03
7.900497140762862728e+03
7.901747478335782034e+03
7.902997815909763631e+03
7.904248153484797513e+03
7.905498491060887318e+03
7.906748828638029408e+03
7.907999166216229241e+03
7.909249503795482269e+03
7.910499841375791220e+03
7.911750178957148819e+03
7.913000516539559612e+03
7.914250854123022691e+03
7.915501191707535327e+03
7.916751529293098429e+03
7.918001866879715635e+03
7.919252204467381489e+03
7.920502542056092352e+03
7.921752879645854591e+03
7.923003217236666387e+03
7.924253554828524102e+03
7.925503892421429555e+03
7.926754230015378198e+03
7.928004567610376398e+03
7.929254905206418698e+03
7.930505242803504188e+03
7.931755580401638326e+03
7.933005918000815655e+03
7.934256255601031626e+03
7.935506593202292606e+03
7.936756930804598596e+03
7.938007268407945958e+03
7.939257606012331962e+03
7.940507943617758428e+03
7.941758281224228085e+03
7.943008618831734566e+03
7.944258956440282418e+03
7.945509294049868004e+03
7.946759631660490413e+03
7.948009969272152375e+03
7.949260306884852071e+03
7.950510644498586771e+03
7.951760982113357386e+03
7.953011319729164825e+03
7.954261657346005450e+03
7.955511994963882898e+03
7.956762332582794443e+03
7.958012670202736444e+03
7.959263007823714361e+03
7.960513345445722734e+03
7.961763683068764294e+03
7.963014020692838130e+03
7.964264358317940605e+03
7.965514695944073537e+03
7.966765033571240565e+03
7.968015371199433503e+03
7.969265708828655988e+03
7.970516046458905294e+03
7.971766384090184147e+03
7.973016721722491639e+03
7.974267059355822312e+03
7.975517396990181624e+03
7.976767734625567755e+03
7.978018072261977977e+03
7.979268409899411381e+03
7.980518747537872514e+03
7.981769085177355919e+03
7.983019422817862505e+03
7.984269760459390454e+03
7.985520098101943404e+03
7.986770435745517716e+03
7.988020773390110662e+03
7.989271111035725880e+03
7.990521448682362461e+03
7.991771786330016766e+03
7.993022123978691525e+03
7.994272461628384008e+03
7.995522799279096944e+03
7.996773136930826695e+03
7.998023474583571442e+03
7.999273812237336642e+03
8.000524149892115929e+03
8.001774487547909303e+03
8.003024825204719491e+03
8.004275162862543766e+03
8.005525500521383947e+03
8.006775838181236395e+03
8.008026175842102020e+03
8.009276513503981732e+03
8.010526851166872802e+03
8.011777188830775231e+03
8.013027526495690836e+03
8.014277864161614161e+03
8.015528201828549754e+03
8.016778539496493067e+03
8.018028877165445920e+03
8.019279214835409221e+03
8.020529552506379332e+03
8.021779890178358983e+03
8.023030227851346353e+03
8.024280565525336897e+03
8.025530903200334251e+03
8.026781240876340235e+03
8.028031578553349391e+03
8.029281916231363539e+03
8.030532253910383588e+03
8.031782591590404081e+03
8.033032929271429566e+03
8.034283266953458224e+03
8.035533604636486416e+03
8.036783942320519600e+03
8.038034280005555047e+03
8.039284617691588210e+03
8.040534955378624545e+03
8.041785293066658596e+03
8.043035630755692182e+03
8.044285968445725302e+03
8.045536306136754320e+03
8.046786643828783781e+03
8.048036981521809139e+03
8.049287319215834032e+03
8.050537656910852093e+03
8.051787994606868779e+03
8.053038332303877723e+03
8.054288670001884384e+03
8.055539007700882394e+03
8.056789345400878119e+03
8.058039683101865194e+03
8.059290020803845437e+03
8.060540358506819757e+03
8.061790696210782698e+03
8.063041033915738808e+03
8.064291371621685357e+03
8.065541709328624165e+03
8.066792047036551594e+03
8.068042384745468553e+03
8.069292722455376861e+03
8.070543060166271061e+03
8.071793397878153883e+03
8.073043735591024415e+03
8.074294073304881749e+03
8.075544411019726795e+03
8.076794748735557732e+03
8.078045086452372743e+03
8.079295424170174556e+03
8.080545761888961351e+03
8.081796099608730401e+03
8.083046437329486253e+03
8.084296775051223449e+03
8.085547112773943809e+03
8.086797450497645514e+03
8.088047788222329473e+03
8.089298125947995686e+03
8.090548463674641425e+03
8.091798801402269419e+03
8.093049139130875119e+03
8.094299476860461255e+03
8.095549814591026916e+03
8.096800152322571194e+03
8.098050490055093178e+03
8.099300827788592869e+03
8.100551165523067539e+03
8.101801503258520825e+03
8.103051840994949998e+03
8.104302178732353241e+03
8.105552516470733281e+03
8.106802854210089208e+03
8.108053191950416476e+03
8.109303529691718722e+03
8.110553867433995038e+03
8.111804205177243603e+03
8.113054542921462598e+03
8.114304880666656572e+03
8.115555218412820068e+03
8.116805556159953994e+03
8.118055893908059261e+03
8.119306231657134049e+03
8.120556569407179268e+03
8.121806907158192189e+03
8.123057244910173722e+03
8.124307582663123867e+03
8.125557920417040805e+03
8.126808258171925445e+03
8.128058595927776878e+03
8.129308933684593285e+03
8.130559271442375575e+03
8.131809609201125568e+03
8.133059946960841444e+03
8.134310284721515927e+03
8.135560622483155385e+03
8.136810960245760725e+03
8.138061298009327402e+03
8.139311635773857233e+03
8.140561973539348401e+03
8.141812311305801813e+03
8.143062649073217472e+03
8.144312986841590828e+03
8.145563324610927339e+03
8.146813662381220638e+03
8.148064000152474364e+03
8.149314337924687607e+03
8.150564675697857638e+03
8.151815013471984457e+03
8.153065351247069884e+03
8.154315689023113009e+03
8.155566026800112013e+03
8.156816364578065986e+03
8.158066702356977657e+03
8.159317040136842479e+03
8.160567377917659542e+03
8.161817715699433393e+03
8.163068053482160394e+03
8.164318391265842365e+03
8.165568729050475667e+03
8.166819066836059392e+03
8.168069404622596267e+03
8.169319742410084473e+03
8.170570080198525829e+03
8.171820417987912151e+03
8.173070755778253442e+03
8.174321093569540608e+03
8.175571431361780924e+03
8.176821769154964386e+03
8.178072106949101908e+03
8.179322444744182576e+03
8.180572782540212756e+03
8.181823120337188811e+03
8.183073458135108922e+03
8.184323795933978545e+03
8.185574133733790404e+03
8.186824471534550867e+03
8.188074809336250837e+03
8.189325147138897592e+03
8.190575484942489311e+03
8.191825822747021448e+03
8.193076160552496731e+03
8.194326498358914250e+03
8.195576836166274006e+03
8.196827173974574180e+03
8.198077511783816590e+03
8.199327849593997598e+03
8.200578187405119024e+03
8.201828525217182687e+03
8.203078863030181310e+03
8.204329200844120351e+03
8.205579538658996171e+03
8.206829876474808771e+03
8.208080214291563607e+03
8.209330552109251585e+03
8.210580889927874523e+03
8.211831227747437879e+03
8.213081565567932557e+03
8.214331903389362196e+03
8.215582241211728615e+03
8.216832579035026356e+03
8.218082916859259058e+03
8.219333254684424901e+03
8.220583592510522067e+03
8.221833930337556012e+03
8.223084268165519461e+03
8.224334605994408776e+03
8.225584943824236689e+03
8.226835281654992286e+03
8.228085619486675569e+03
8.229335957319291992e+03
8.230586295152836101e+03
8.231836632987307894e+03
8.233086970822709191e+03
8.234337308659036353e+03
8.235587646496291200e+03
8.236837984334475550e+03
8.238088322173585766e+03
8.239338660013620029e+03
8.240588997854581976e+03
8.241839335696466151e+03
8.243089673539278010e+03
8.244340011383008459e+03
8.245590349227670231e+03
8.246840687073252411e+03
8.248091024919756819e+03
8.249341362767185274e+03
8.250591700615534137e+03
8.251842038464803409e+03
8.253092376314998546e+03
8.254342714166108635e+03
8.255593052018142771e+03
8.256843389871093677e+03
8.258093727724966811e+03
8.259344065579756716e+03
8.260594403435468848e+03
8.261844741292095932e+03
8.263095079149641606e+03
8.264345417008102231e+03
8.265595754867479627e+03
8.266846092727777432e+03
8.268096430588988369e+03
8.269346768451114258e+03
8.270597106314156918e+03
8.271847444178114529e+03
8.273097782042983454e+03
8.274348119908767330e+03
8.275598457775466159e+03
8.276848795643076301e+03
8.278099133511597756e+03
8.279349471381032345e+03
8.280599809251378247e+03
8.281850147122635462e+03
8.283100484994803992e+03
8.284350822867882016e+03
8.285601160741869535e+03
8.286851498616768367e+03
8.288101836492571238e+03
8.289352174369287241e+03
8.290602512246910919e+03
8.291852850125440455e+03
8.293103188004877666e+03
8.294353525885222552e+03
8.295603863766469658e+03
8.296854201648628077e+03
8.298104539531688715e+03
8.299354877415655210e+03
8.300605215300529380e+03
8.301855553186303950e+03
8.303105891072982558e+03
8.304356228960565204e+03
8.305606566849050068e+03
8.306856904738438971e+03
8.308107242628728272e+03
8.309357580519919793e+03
8.310607918412013532e+03
8.311858256305007671e+03
8.313108594198898572e+03
8.314358932093693511e+03
8.315609269989387030e+03
8.316859607885980950e+03
8.318109945783471630e+03
8.319360283681859073e+03
8.320610621581146916e+03
8.321860959481331520e+03
8.323111297382411067e+03
8.324361635284391014e+03
8.325611973187264084e+03
8.326862311091032097e+03
8.328112648995696873e+03
8.329362986901254772e+03
8.330613324807709432e+03
8.331863662715057217e+03
8.333114000623298125e+03
8.334364338532433976e+03
8.335614676442459313e+03
8.336865014353377774e+03
8.338115352265191177e+03
8.339365690177890428e+03
8.340616028091486442e+03
8.341866366005968302e+03
8.343116703921343287e+03
8.344367041837607758e+03
8.345617379754759895e+03
8.346867717672803337e+03
8.348118055591732627e+03
8.349368393511551403e+03
8.350618731432257846e+03
8.351869069353851955e+03
8.353119407276331913e+03
8.354369745199697718e+03
8.355620083123951190e+03
8.356870421049088691e+03
8.358120758975110220e+03
8.359371096902019417e+03
8.360621434829812642e+03
8.361871772758488078e+03
8.363122110688047542e+03
8.364372448618491035e+03
8.365622786549814919e+03
8.366873124482022831e+03
8.368123462415111135e+03
8.369373800349081648e+03
8.370624138283934371e+03
8.371874476219663848e+03
8.373124814156277353e+03
8.374375152093771248e+03
8.375625490032141897e+03
8.376875827971391118e+03
8.378126165911518910e+03
8.379376503852525275e+03
8.380626841794408392e+03
8.381877179737173719e+03
8.383127517680808523e+03
8.384377855625325537e+03
8.385628193570715666e+03
8.386878531516982548e+03
8.388128869464126183e+03
8.389379207412141113e+03
8.390629545361032797e+03
8.391879883310795776e+03
8.393130221261433690e+03
8.394380559212944718e+03
8.395630897165328861e+03
8.396881235118587938e+03
8.398131573072714673e+03
8.399381911027714523e+03
8.400632248983583850e+03
8.401882586940328110e+03
8.403132924897940029e+03
8.404383262856421425e+03
8.405633600815772297e+03
8.406883938775990828e+03
8.408134276737080654e+03
8.409384614699038138e+03
8.410634952661861462e+03
8.411885290625554262e+03
8.413135628590112901e+03
8.414385966555541017e+03
8.415636304521833154e+03
8.416886642488991129e+03
8.418136980457013124e+03
8.419387318425902777e+03
8.420637656395654631e+03
8.421887994366272324e+03
8.423138332337752217e+03
8.424388670310097950e+03
8.425639008283302246e+03
8.426889346257376019e+03
8.428139684232306536e+03
8.429390022208101072e+03
8.430640360184754172e+03
8.431890698162271292e+03
8.433141036140646975e+03
8.434391374119884858e+03
8.435641712099981305e+03
8.436892050080936315e+03
8.438142388062751706e+03
8.439392726045423842e+03
8.440643064028956360e+03
8.441893402013345622e+03
8.443143739998591627e+03
8.444394077984696196e+03
8.445644415971655690e+03
8.446894753959470108e+03
8.448145091948144909e+03
8.449395429937670997e+03
8.450645767928053829e+03
8.451896105919291585e+03
8.453146443911382448e+03
8.454396781904326417e+03
8.455647119898125311e+03
8.456897457892775492e+03
8.458147795888278779e+03
8.459398133884635172e+03
8.460648471881841033e+03
8.461898809879901819e+03
8.463149147878812073e+03
8.464399485878571795e+03
8.465649823879180985e+03
8.466900161880643282e+03
8.468150499882953227e+03
8.469400837886112640e+03
8.470651175890121522e+03
8.471901513894976233e+03
8.473151851900678594e+03
8.474402189907230422e+03
8.475652527914628081e+03
8.476902865922873389e+03
8.478153203931964526e+03
8.479403541941901494e+03
8.480653879952684292e+03
8.481904217964311101e+03
8.483154555976783740e+03
8.484404893990098572e+03
8.485655232004259233e+03
8.486905570019262086e+03
8.488155908035110770e+03
8.489406246051799826e+03
8.490656584069331075e+03
8.491906922087706334e+03
8.493157260106920148e+03
8.494407598126977973e+03
8.495657936147876171e+03
8.496908274169612923e+03
8.498158612192191868e+03
8.499408950215609366e+03
8.500659288239863599e+03
8.501909626264961844e+03
8.503159964290895005e+03
8.504410302317666719e+03
8.505660640345276988e+03
8.506910978373722173e+03
8.508161316403007731e+03
8.509411654433128206e+03
8.510661992464083596e+03
8.511912330495877541e+03
8.513162668528504582e+03
8.514413006561966540e+03
8.515663344596263414e+03
8.516913682631395204e+03
8.518164020667360091e+03
8.519414358704158076e+03
8.520664696741790976e+03
8.521915034780253336e+03
8.523165372819552431e+03
8.524415710859680985e+03
8.525666048900640817e+03
8.526916386942430108e+03
8.528166724985052497e+03
8.529417063028506163e+03
8.530667401072785651e+03
8.531917739117900055e+03
8.533168077163838461e+03
8.534418415210609965e+03
8.535668753258209108e+03
8.536919091306634073e+03
8.538169429355886678e+03
8.539419767405968742e+03
8.540670105456876627e+03
8.541920443508612152e+03
8.543170781561173499e+03
8.544421119614558847e+03
8.545671457668771836e+03
8.546921795723807008e+03
8.548172133779669821e+03
8.549422471836356635e+03
8.550672809893865633e+03
8.551923147952198633e+03
8.553173486011353816e+03
8.554423824071333001e+03
8.555674162132134370e+03
8.556924500193759741e+03
8.558174838256205476e+03
8.559425176319471575e+03
8.560675514383559857e+03
8.561925852448466685e+03
8.563176190514192058e+03
8.564426528580741433e+03
8.565676866648107534e+03
8.566927204716294000e+03
8.568177542785297192e+03
8.569427880855120748e+03
8.570678218925762849e+03
8.571928556997218038e+03
8.573178895069493592e+03
8.574429233142585872e+03
8.575679571216494878e+03
8.576929909291218792e+03
8.578180247366757612e+03
8.579430585443113159e+03
8.580680923520283613e+03
8.581931261598267156e+03
8.583181599677065606e+03
8.584431937756677144e+03
8.585682275837101770e+03
8.586932613918341303e+03
8.588182952000392106e+03
8.589433290083255997e+03
8.590683628166929338e+03
8.591933966251417587e+03
8.593184304336715286e+03
8.594434642422826073e+03
8.595684980509742672e+03
8.596935318597474179e+03
8.598185656686009679e+03
8.599435994775358267e+03
8.600686332865516306e+03
8.601936670956481976e+03
8.603187009048255277e+03
8.604437347140836209e+03
8.605687685234224773e+03
8.606938023328420968e+03
8.608188361423424794e+03
8.609438699519232614e+03
8.610689037615848065e+03
8.611939375713267509e+03
8.613189713811494585e+03
8.614440051910523835e+03
8.615690390010358897e+03
8.616940728110997952e+03
8.618191066212442820e+03
8.619441404314688043e+03
8.620691742417739079e+03
8.621942080521590469e+03
8.623192418626244034e+03
8.624442756731699774e+03
8.625693094837955869e+03
8.626943432945015957e+03
8.628193771052876400e+03
8.629444109161537199e+03
8.630694447270998353e+03
8.631944785381256224e+03
8.633195123492316270e+03
8.634445461604174852e+03
8.635695799716833790e+03
8.636946137830287626e+03
8.638196475944541817e+03
8.639446814059590906e+03
8.640697152175440351e+03
8.641947490292084694e+03
8.643197828409527574e+03
8.644448166527763533e+03
8.645698504646799847e+03
8.646948842766627422e+03
8.648199180887251714e+03
8.649449519008669085e+03
8.650699857130883174e+03
8.651950195253888523e+03
8.653200533377688771e+03
8.654450871502283917e+03
8.655701209627668504e+03
8.656951547753847990e+03
8.658201885880818736e+03
8.659452224008578924e+03
8.660702562137135828e+03
8.661952900266480356e+03
8.663203238396616143e+03
8.664453576527541372e+03
8.665703914659259681e+03
8.666954252791765612e+03
8.668204590925060984e+03
8.669454929059145798e+03
8.670705267194018234e+03
8.671955605329680111e+03
8.673205943466127792e+03
8.674456281603364914e+03
8.675706619741387840e+03
8.676956957880196569e+03
8.678207296019792921e+03
8.679457634160176895e+03
8.680707972301344853e+03
8.681958310443300434e+03
8.683208648586038180e+03
8.684458986729561730e+03
8.685709324873871083e+03
8.686959663018960782e+03
8.688210001164836285e+03
8.689460339311495773e+03
8.690710677458935606e+03
8.691961015607161244e+03
8.693211353756167227e+03
8.694461691905955377e+03
8.695712030056523872e+03
8.696962368207874533e+03
8.698212706360007360e+03
8.699463044512916895e+03
8.700713382666608595e+03
8.701963720821078823e+03
8.703214058976331216e+03
8.704464397132362137e+03
8.705714735289169766e+03
8.706965073446755923e+03
8.708215411605120607e+03
8.709465749764263819e+03
8.710716087924183739e+03
8.711966426084878549e+03
8.713216764246350067e+03
8.714467102408601932e+03
8.715717440571625048e+03
8.716967778735428510e+03
8.718218116900005043e+03
8.719468455065352828e+03
8.720718793231477321e+03
8.721969131398376703e+03
8.723219469566049156e+03
8.724469807734494680e+03
8.725720145903713274e+03
8.726970484073708576e+03
8.728220822244471492e+03
8.729471160416007478e+03
8.730721498588316535e+03
8.731971836761395025e+03
8.733222174935244766e+03
8.734472513109865758e+03
8.735722851285256183e+03
8.736973189461421498e+03
8.738223527638348969e+03
8.739473865816049511e+03
8.740724203994517666e+03
8.741974542173755253e+03
8.743224880353760454e+03
8.744475218534533269e+03
8.745725556716075516e+03
8.746975894898383558e+03
8.748226233081459213e+03
8.749476571265300663e+03
8.750726909449907907e+03
8.751977247635280946e+03
8.753227585821421599e+03
8.754477924008326227e+03
8.755728262195993011e+03
8.756978600384427409e+03
8.758228938573623964e+03
8.759479276763586313e+03
8.760729614954309000e+03
8.761979953145797481e+03
8.763230291338049938e+03
8.764480629531060913e+03
8.765730967724835864e+03
8.766981305919371152e+03
8.768231644114668597e+03
8.769481982310730018e+03
8.770732320507548138e+03
8.771982658705128415e+03
8.773232996903469029e+03
8.774483335102566343e+03
8.775733673302425814e+03
8.776984011503045622e+03
8.778234349704420310e+03
8.779484687906555337e+03
8.780735026109448881e+03
8.781985364313100945e+03
8.783235702517506070e+03
8.784486040722671532e+03
8.785736378928591876e+03
8.786986717135268918e+03
8.788237055342700842e+03
8.789487393550891284e+03
8.790737731759836606e+03
8.791988069969533171e+03
8.793238408179990074e+03
8.794488746391196401e+03
8.795739084603157607e+03
8.796989422815873695e+03
8.798239761029342844e+03
8.799490099243566874e+03
8.800740437458540327e+03
8.801990775674266843e+03
8.803241113890744600e+03
8.804491452107971782e+03
8.805741790325953843e+03
8.806992128544687148e+03
8.808242466764168057e+03
8.809492804984403847e+03
8.810743143205385422e+03
8.811993481427114602e+03
8.813243819649600482e+03
8.814494157872830328e+03
8.815744496096807779e+03
8.816994834321536473e+03
8.818245172547010952e+03
8.819495510773234855e+03
8.820745849000202725e+03
8.821996187227920018e+03
8.823246525456384916e+03
8.824496863685593780e+03
8.825747201915548430e+03
8.826997540146250685e+03
8.828247878377695088e+03
8.829498216609887095e+03
8.830748554842823069e+03
8.831998893076503009e+03
8.833249231310926916e+03
8.834499569546094790e+03
8.835749907782004811e+03
8.837000246018658800e+03
8.838250584256054935e+03
8.839500922494193219e+03
8.840751260733073650e+03
8.842001598972696229e+03
8.843251937213059136e+03
8.844502275454164192e+03
8.845752613696009576e+03
8.847002951938591650e+03
8.848253290181919510e+03
8.849503628425984061e+03
8.850753966670790760e+03
8.852004304916332330e+03
8.853254643162614229e+03
8.854504981409634638e+03
8.855755319657391738e+03
8.857005657905890985e+03
8.858255996155121466e+03
8.859506334405092275e+03
8.860756672655799775e+03
8.862007010907242147e+03
8.863257349159423029e+03
8.864507687412338782e+03
8.865758025665987589e+03
8.867008363920374904e+03
8.868258702175495273e+03
8.869509040431350513e+03
8.870759378687938806e+03
8.872009716945258333e+03
8.873260055203318188e+03
8.874510393462107459e+03
8.875760731721629782e+03
8.877011069981883338e+03
8.878261408242869948e+03
8.879511746504591429e+03
8.880762084767036868e+03
8.882012423030218997e+03
8.883262761294132360e+03
8.884513099558773320e+03
8.885763437824147331e+03
8.887013776090248939e+03
8.888264114357083599e+03
8.889514452624645855e+03
8.890764790892935707e+03
8.892015129161954974e+03
8.893265467431701836e+03
8.894515805702178113e+03
8.895766143973380167e+03
8.897016482245311636e+03
8.898266820517968881e+03
8.899517158791353722e+03
8.900767497065462521e+03
8.902017835340300735e+03
8.903268173615862906e+03
8.904518511892149036e+03
8.905768850169162761e+03
8.907019188446898625e+03
8.908269526725363903e+03
8.909519865004549501e+03
8.910770203284459058e+03
8.912020541565092572e+03
8.913270879846450043e+03
8.914521218128529654e+03
8.915771556411331403e+03
8.917021894694857110e+03
8.918272232979101318e+03
8.919522571264071303e+03
8.920772909549759788e+03
8.922023247836168593e+03
8.923273586123301357e+03
8.924523924411154439e+03
8.925774262699724204e+03
8.927024600989014289e+03
8.928274939279024693e+03
8.929525277569753598e+03
8.930775615861202823e+03
8.932025954153368730e+03
8.933276292446253137e+03
8.934526630739856046e+03
8.935776969034175636e+03
8.937027307329213727e+03
8.938277645624968500e+03
8.939527983921436316e+03
8.940778322218624453e+03
8.942028660516529271e+03
8.943278998815147133e+03
8.944529337114479858e+03
8.945779675414529265e+03
8.947030013715291716e+03
8.948280352016769029e+03
8.949530690318961206e+03
8.950781028621868245e+03
8.952031366925486509e+03
8.953281705229817817e+03
8.954532043534860350e+03
8.955782381840621383e+03
8.957032720147088185e+03
8.958283058454271668e+03
8.959533396762166376e+03
8.960783735070768671e+03
8.962034073380084010e+03
8.963284411690108755e+03
8.964534750000844724e+03
8.965785088312290100e+03
8.967035426624446700e+03
8.968285764937309068e+03
8.969536103250884480e+03
8.970786441565171117e+03
8.972036779880158065e+03
8.973287118195859875e+03
8.974537456512265635e+03
8.975787794829378981e+03
8.977038133147205372e+03
8.978288471465732073e+03
8.979538809784968180e+03
8.980789148104910055e+03
8.982039486425557698e+03
8.983289824746911108e+03
8.984540163068970287e+03
8.985790501391735233e+03
8.987040839715202310e+03
8.988291178039375154e+03
8.989541516364253766e+03
8.990791854689836327e+03
8.992042193016121018e+03
8.993292531343107839e+03
8.994542869670800428e+03
8.995793207999191509e+03
8.997043546328286538e+03
8.998293884658083698e+03
8.999544222988586625e+03
9.000794561319786226e+03
9.002044899651687956e+03
9.003295237984289997e+03
9.004545576317594168e+03
9.005795914651596831e+03
9.007046252986299805e+03
9.008296591321704909e+03
9.009546929657808505e+03
9.010797267994605136e+03
9.012047606332107534e+03
9.013297944670308425e+03
9.014548283009200532e+03
9.015798621348791130e+03
9.017048959689087496e+03
9.018299298030075079e+03
9.019549636371759334e+03
9.020799974714143900e+03
9.022050313057219682e+03
9.023300651400993956e+03
9.024550989745463085e+03
9.025801328090627067e+03
9.027051666436487722e+03
9.028302004783045049e+03
9.029552343130293593e+03
9.030802681478236991e+03
9.032053019826873424e+03
9.033303358176202892e+03
9.034553696526227213e+03
9.035804034876944570e+03
9.037054373228351324e+03
9.038304711580456569e+03
9.039555049933249393e+03
9.040805388286731613e+03
9.042055726640912326e+03
9.043306064995780616e+03
9.044556403351334666e+03
9.045806741707587207e+03
9.047057080064525508e+03
9.048307418422155024e+03
9.049557756780473937e+03
9.050808095139484067e+03
9.052058433499181774e+03
9.053308771859567059e+03
9.054559110220641742e+03
9.055809448582404002e+03
9.057059786944853840e+03
9.058310125307991257e+03
9.059560463671818070e+03
9.060810802036328823e+03
9.062061140401528974e+03
9.063311478767414883e+03
9.064561817133988370e+03
9.065812155501243979e+03
9.067062493869188984e+03
9.068312832237814291e+03
9.069563170607127176e+03
9.070813508977125821e+03
9.072063847347804767e+03
9.073314185719173111e+03
9.074564524091221756e+03
9.075814862463956160e+03
9.077065200837370867e+03
9.078315539211469513e+03
9.079565877586250281e+03
9.080816215961711350e+03
9.082066554337858179e+03
9.083316892714683490e+03
9.084567231092196380e+03
9.085817569470384115e+03
9.087067907849253970e+03
9.088318246228804128e+03
9.089568584609036407e+03
9.090818922989943530e+03
9.092069261371536413e+03
9.093319599753805960e+03
9.094569938136753990e+03
9.095820276520382322e+03
9.097070614904687318e+03
9.098320953289670797e+03
9.099571291675332759e+03
9.100821630061673204e+03
9.102071968448690313e+03
9.103322306836382268e+03
9.104572645224756343e+03
9.105822983613799806e+03
9.107073322003523572e+03
9.108323660393920363e+03
9.109573998784995638e+03
9.110824337176743938e+03
9.112074675569167084e+03
9.113325013962268713e+03
9.114575352356043368e+03
9.115825690750491049e+03
9.117076029145609937e+03
9.118326367541403670e+03
9.119576705937870429e+03
9.120827044335013852e+03
9.122077382732828482e+03
9.123327721131310682e+03
9.124578059530467726e+03
9.125828397930299616e+03
9.127078736330799074e+03
9.128329074731971559e+03
9.129579413133815251e+03
9.130829751536330150e+03
9.132080089939512618e+03
9.133330428343364474e+03
9.134580766747891175e+03
9.135831105153083627e+03
9.137081443558947285e+03
9.138331781965476694e+03
9.139582120372675490e+03
9.140832458780543675e+03
9.142082797189084886e+03
9.143333135598284571e+03
9.144583474008155463e+03
9.145833812418693924e+03
9.147084150829901773e+03
9.148334489241773554e+03
9.149584827654311084e+03
9.150835166067516184e+03
9.152085504481387034e+03
9.153335842895921814e+03
9.154586181311122346e+03
9.155836519726990446e+03
9.157086858143520658e+03
9.158337196560716620e+03
9.159587534978571057e+03
9.160837873397096701e+03
9.162088211816284456e+03
9.163338550236128867e+03
9.164588888656644485e+03
9.165839227077820397e+03
9.167089565499656601e+03
9.168339903922154917e+03
9.169590242345315346e+03
9.170840580769141525e+03
9.172090919193624359e+03
9.173341257618767486e+03
9.174591596044570906e+03
9.175841934471038257e+03
9.177092272898165902e+03
9.178342611325948383e+03
9.179592949754396614e+03
9.180843288183499681e+03
9.182093626613264860e+03
9.183343965043688513e+03
9.184594303474768822e+03
9.185844641906503966e+03
9.187094980338903042e+03
9.188345318771955135e+03
9.189595657205667521e+03
9.190845995640034744e+03
9.192096334075060440e+03
9.193346672510742792e+03
9.194597010947083618e+03
9.195847349384075642e+03
9.197097687821724321e+03
9.198348026260029656e+03
9.199598364698989826e+03
9.200848703138603014e+03
9.202099041578872857e+03
9.203349380019795717e+03
9.204599718461375232e+03
9.205850056903604127e+03
9.207100395346489677e+03
9.208350733790026425e+03
9.209601072234218009e+03
9.210851410679064429e+03
9.212101749124554772e+03
9.213352087570701769e+03
9.214602426017501784e+03
9.215852764464952998e+03
9.217103102913053590e+03
9.218353441361803561e+03
9.219603779811210188e+03
9.220854118261262556e+03
9.222104456711966122e+03
9.223354795163320887e+03
9.224605133615323211e+03
9.225855472067976734e+03
9.227105810521277817e+03
9.228356148975228280e+03
9.229606487429824483e+03
9.230856825885075523e+03
9.232107164340968666e+03
9.233357502797509369e+03
9.234607841254699451e+03
9.235858179712535275e+03
9.237108518171020478e+03
9.238358856630147784e+03
9.239609195089926288e+03
9.240859533550348715e+03
9.242109872011416883e+03
9.243360210473127154e+03
9.244610548935488623e+03
9.245860887398486739e+03
9.247111225862137871e+03
9.248361564326429288e+03
9.249611902791366447e+03
9.250862241256945708e+03
9.252112579723170711e+03
9.253362918190035998e+03
9.254613256657543388e+03
9.255863595125700158e+03
9.257113933594493574e+03
9.258364272063932731e+03
9.259614610534006715e+03
9.260864949004730079e+03
9.262115287476091908e+03
9.263365625948097659e+03
9.264615964420741875e+03
9.265866302894022738e+03
9.267116641367951161e+03
9.268366979842512592e+03
9.269617318317719764e+03
9.270867656793563583e+03
9.272117995270044048e+03
9.273368333747164797e+03
9.274618672224927650e+03
9.275869010703327149e+03
9.277119349182365113e+03
9.278369687662041542e+03
9.279620026142352799e+03
9.280870364623304340e+03
9.282120703104887070e+03
9.283371041587111904e+03
9.284621380069971565e+03
9.285871718553469691e+03
9.287122057037600825e+03
9.288372395522370425e+03
9.289622734007773033e+03
9.290873072493812288e+03
9.292123410980482731e+03
9.293373749467795278e+03
9.294624087955740833e+03
9.295874426444313940e+03
9.297124764933525512e+03
9.298375103423368273e+03
9.299625441913847681e+03
9.300875780404958277e+03
9.302126118896701882e+03
9.303376457389076677e+03
9.304626795882086299e+03
9.305877134375727110e+03
9.307127472869999110e+03
9.308377811364902300e+03
9.309628149860436679e+03
9.310878488356602247e+03
9.312128826853399005e+03
9.313379165350823314e+03
9.314629503848878812e+03
9.315879842347569138e+03
9.317130180846881558e+03
9.318380519346826986e+03
9.319630857847403604e+03
9.320881196348607773e+03
9.322131534850441312e+03
9.323381873352900584e+03
9.324632211855987407e+03
9.325882550359705419e+03
9.327132888864047345e+03
9.328383227369020460e+03
9.329633565874615670e+03
9.330883904380840249e+03
9.332134242887690561e+03
9.333384581395168425e+03
9.334634919903272021e+03
9.335885258411999530e+03
9.337135596921352771e+03
9.338385935431333564e+03
9.339636273941938271e+03
9.340886612453163252e+03
9.342136950965021242e+03
9.343387289477497688e+03
9.344637627990598048e+03
9.345887966504320502e+03
9.347138305018670508e+03
9.348388643533640789e+03
9.349638982049234983e+03
9.350889320565451271e+03
9.352139659082287835e+03
