4.172185780077202644e+00
4.091057041030872199e+00
4.172199040141381765e+00
3.996513798069381451e+00
4.074442788576174479e+00
4.066509431581960321e+00
4.004946813013030571e+00
3.992086350561581565e+00
4.031214953858765604e+00
4.114473954485881713e+00
4.101047268843268867e+00
4.151868409648070468e+00
4.184430194508960810e+00
4.212203543150951468e+00
4.302573153644009274e+00
4.280483196547606006e+00
4.271136839653466133e+00
4.356229179164099463e+00
4.381577267994582137e+00
4.424675876305632194e+00
4.554439118007942433e+00
4.528188332474270439e+00
4.557247673267590393e+00
4.715798199009043401e+00
4.804527180551017018e+00
4.805582106207864079e+00
4.878135029737695305e+00
5.006656738050589972e+00
5.017160261934193954e+00
5.099442974302778708e+00
5.165666790741805237e+00
5.320725413660158054e+00
5.473178741546183446e+00
5.559980205436282574e+00
5.562185398718311191e+00
5.618664193036621235e+00
5.756150260237178351e+00
5.842197397169091033e+00
5.835600704740826039e+00
5.922549084680228226e+00
5.947389466940633973e+00
5.911476671057763532e+00
5.978969731677958421e+00
5.952999542745498474e+00
6.040343377161804028e+00
6.075702516064279024e+00
6.131290039730580510e+00
6.117795224758099337e+00
6.119628265815152623e+00
6.169422635416993650e+00
6.141119455774303404e+00
6.057985944713177417e+00
5.923800404198698466e+00
5.823138904086902379e+00
5.675608787846480929e+00
5.650655580183926219e+00
5.707335086777900912e+00
5.613466255394243376e+00
5.842149858198433243e+00
5.914878295520881402e+00
5.871304657531605464e+00
5.855218586622370047e+00
5.814167361211908691e+00
5.793996460997725251e+00
5.649384812456471394e+00
5.716988594907202348e+00
5.753002693827909297e+00
5.741493538587038259e+00
5.723070924618168576e+00
5.716436849438015777e+00
5.739408183823358378e+00
5.689782791669314221e+00
5.595637561267170490e+00
5.705240068362414263e+00
5.477306188260226527e+00
5.562199629742306861e+00
5.712478721472399101e+00
5.866982462384634722e+00
5.897266346828111239e+00
5.876799842567782761e+00
5.907861632767509974e+00
5.906000981342909739e+00
5.641464801093777126e+00
5.440901121850227007e+00
5.468860064923465103e+00
5.554524129284822642e+00
5.570169984259644380e+00
5.523966306682021710e+00
5.517528048043196520e+00
5.433746893103866604e+00
5.242656893116180328e+00
5.159735788915559063e+00
5.008888839046021779e+00
4.917959263719009044e+00
5.095430248339237522e+00
5.062794235517308117e+00
4.968527287710237772e+00
5.047202995984840790e+00
5.287201363231307738e+00
5.317755153296316095e+00
5.315846972747841015e+00
5.452760174334572163e+00
5.398925502135609733e+00
5.019032929149719102e+00
4.788302105778619477e+00
4.649230092553577443e+00
4.477711657274926260e+00
4.483381598011727753e+00
4.580831903542702754e+00
4.590068275936807218e+00
4.515705470115823239e+00
4.475717867510192960e+00
4.429154600549194853e+00
4.303830873860506223e+00
4.210665364714782477e+00
4.226628696349330916e+00
4.205890144112374607e+00
4.278590620666068212e+00
4.283173900612466056e+00
4.278711183813697083e+00
4.342852672333038733e+00
4.249993594375926165e+00
4.139592263396143501e+00
4.150411036181736790e+00
4.058388361159557256e+00
3.967474485354204106e+00
3.949948711995954209e+00
4.013105857872953486e+00
3.940781732124837511e+00
3.940472988252786912e+00
3.902325144019361591e+00
3.814660493200665581e+00
3.783461978544382820e+00
3.748226925836055656e+00
3.713318123328966713e+00
3.675019757720534130e+00
3.669099857691095146e+00
3.626915582224153667e+00
3.675019804083236696e+00
3.646651802486586824e+00
3.655100644865372672e+00
3.588295019671294384e+00
3.613974917368510731e+00
3.533143041779305271e+00
3.524806830468183438e+00
3.512705056643755430e+00
3.518695361374032160e+00
3.502615166717438111e+00
3.463226355554393177e+00
3.498798571855052941e+00
3.465884664309219154e+00
3.485678922376199029e+00
3.529164648739620880e+00
3.601515189019380614e+00
3.631588037522651025e+00
3.686848399521832409e+00
3.658446512209530432e+00
3.627919985271256920e+00
3.518565087326808616e+00
3.480343865545489468e+00
3.384456743428052583e+00
3.400995304994120616e+00
3.288071292507984911e+00
3.405382584475389329e+00
3.553574513823831715e+00
3.574639199885337071e+00
3.638628343057959125e+00
3.667458824201020651e+00
3.637839575221196942e+00
3.463406726853775819e+00
3.367066540432600785e+00
3.392206953601313746e+00
3.426882084708247511e+00
3.427652641249913756e+00
3.463270347626366874e+00
3.568670190243623086e+00
3.597046394087177745e+00
3.586182370841409561e+00
3.557644112443969941e+00
3.591213305900994079e+00
3.502113396859577232e+00
3.501280292033612351e+00
3.589361821220928395e+00
3.600378110168090728e+00
3.539348999864103007e+00
3.462098384820600394e+00
3.389306716505964712e+00
3.282063662513855284e+00
3.344312119908360970e+00
3.425598434838378115e+00
3.463175665652249879e+00
3.484211197626012169e+00
3.426562758444269718e+00
3.437979994113567361e+00
3.339902462243733439e+00
3.253631257138417610e+00
3.295285850601531674e+00
3.282541626289372072e+00
3.321222029911755413e+00
3.310340291053034179e+00
3.264824916787093301e+00
3.224928727298157938e+00
3.202361416781699166e+00
3.139860491743770243e+00
3.097023259006135731e+00
3.093399419369335934e+00
3.046398203039310193e+00
3.011160848328716000e+00
3.050626266710876333e+00
3.017521883714892272e+00
2.989823836757959707e+00
3.000903803659249025e+00
2.931659655383916707e+00
2.897344712903114239e+00
2.896134809939630461e+00
2.843020619591305476e+00
2.839544873512562795e+00
2.855518482531809621e+00
2.864244127751288893e+00
2.859838197675654392e+00
2.845071121331561148e+00
2.838557502217802675e+00
2.834533732624265667e+00
2.795768388891420209e+00
2.785916460305828402e+00
2.789584777331621801e+00
2.826851532064203365e+00
2.815762397300537234e+00
2.822020769110461735e+00
2.825298474551362293e+00
2.773734466523748221e+00
2.786687454887855075e+00
2.799168744353044413e+00
2.811342066753755198e+00
2.778351839187659156e+00
2.781422348565552927e+00
2.788770772935539100e+00
2.744139823002807343e+00
2.809291373863632924e+00
2.774875292032606744e+00
2.740384190082279403e+00
2.758439026995625820e+00
2.769507871634196761e+00
2.762231902457839006e+00
2.729604321448482196e+00
2.720337668389641195e+00
2.713952318955623166e+00
2.708184644630565963e+00
2.712086007654836983e+00
2.737164498581726946e+00
2.741415339436341636e+00
2.714610670202052933e+00
2.727194725677207998e+00
2.729970646646142196e+00
2.703033639701405644e+00
2.704159359173755384e+00
2.705812935378391515e+00
2.713084644757458808e+00
2.678451613336719994e+00
2.704443041143172799e+00
2.682093236409314407e+00
2.711447935738616977e+00
2.700144168987803628e+00
2.667119971810205659e+00
2.662398361715621053e+00
2.685013270544617026e+00
2.691117518206681769e+00
2.693874307600015783e+00
2.676901892352869794e+00
2.693334788346682274e+00
2.781846447431182590e+00
3.004446414581165126e+00
3.212828343445039536e+00
3.307902505186145703e+00
3.307372422133788792e+00
3.303108722126409269e+00
3.093226159293823940e+00
2.890212732386697514e+00
2.729591541930891374e+00
2.726788793966450353e+00
2.607834271342859722e+00
2.666325335995772150e+00
3.077934490427944425e+00
3.119948073019954915e+00
3.051587961678075001e+00
3.022084597017683283e+00
2.906312451399834185e+00
2.519707558824914706e+00
2.400487390141817112e+00
2.419707851254644826e+00
2.536999455883079957e+00
2.588911743161889767e+00
2.585937023645104471e+00
2.537202438040318420e+00
2.583828886753714471e+00
2.527573842687761640e+00
2.482563825129953994e+00
2.535169592860875731e+00
2.648308861565468408e+00
2.626319349064196729e+00
2.660999373587022987e+00
2.837258208206173027e+00
2.940386407290982440e+00
2.795720600031876391e+00
2.779625910952479462e+00
2.743694281801880575e+00
2.691245082758802365e+00
2.616686490591928482e+00
2.634405361159416259e+00
2.825554202389029435e+00
2.974382609269102584e+00
2.915222000692169857e+00
2.885646391454879112e+00
2.858262307835647498e+00
2.751129048010243494e+00
2.571193944169361867e+00
2.629798646752159019e+00
2.638591512538810857e+00
2.714178312962335138e+00
2.819008824809999147e+00
2.847031110946975918e+00
2.804932056692970743e+00
2.770311973676186312e+00
2.695773367943659959e+00
2.580658744381089775e+00
2.546904288434759245e+00
2.540846227091371645e+00
2.551054555263387869e+00
2.581670995581151651e+00
2.627608348914906689e+00
2.679434055545151239e+00
2.638388175614611253e+00
2.591654235539913920e+00
2.582149514164489013e+00
2.586477456370578576e+00
2.488219936628837559e+00
2.495787272189869732e+00
2.508439226994763516e+00
2.486899958186458814e+00
2.537481222448017881e+00
2.572633852569814472e+00
2.605895802408588757e+00
2.662453048041556691e+00
2.704049512939380673e+00
2.672514497047164372e+00
2.677738266313365312e+00
2.641113022726957915e+00
2.648818875065824141e+00
2.611312363467039432e+00
2.610891265698067176e+00
2.640775558064240691e+00
2.626620743810205827e+00
2.645081475213690414e+00
2.640069701397540491e+00
2.632110923878358655e+00
2.677751068817698421e+00
2.620178351979142839e+00
2.592500417121081924e+00
2.629292719840925496e+00
2.599854701363723652e+00
2.570427263055362399e+00
2.575421048679354730e+00
2.599229166056739260e+00
2.591591694273969626e+00
2.592935388085131354e+00
2.577440724493699875e+00
2.593801669777449082e+00
2.613396735211773514e+00
2.647203636955756334e+00
2.653714027883153026e+00
2.652357423569430939e+00
2.624085940101156034e+00
2.678057961032119572e+00
2.689860889330881744e+00
2.703763543737789377e+00
2.725307123666008913e+00
2.697461966033972036e+00
2.799961491393513580e+00
2.678838720706279819e+00
2.677217552850015725e+00
2.687624286153950770e+00
2.651785941701737759e+00
2.600801645858162647e+00
2.581587377453530507e+00
2.570810725686524911e+00
2.537508710148196567e+00
2.544604487646743074e+00
2.550463675866636581e+00
2.502733759473676045e+00
2.522775103297937083e+00
2.551942067161810268e+00
2.568824678253185834e+00
2.622001236288933779e+00
2.633723469588001631e+00
2.683672061491138905e+00
2.740491944798921331e+00
2.813199764035174688e+00
2.859911476420948784e+00
2.892680435400793115e+00
2.897591186175138667e+00
2.922359981445357580e+00
2.971623126803590864e+00
3.540833800762309025e+00
3.973550923478434083e+00
4.525756631402309438e+00
4.627628241477978577e+00
4.639074571348118958e+00
4.296811320890681074e+00
3.866620070056447922e+00
3.243736814794258905e+00
3.037726417802864898e+00
2.988259562976383954e+00
2.849824725570162531e+00
3.223957287282336992e+00
4.004504171946157598e+00
4.086791250825921651e+00
4.321129835112093254e+00
4.426024608943485816e+00
4.198013052870450679e+00
3.388310929296314278e+00
3.355750494716267518e+00
3.162619873006573545e+00
2.907210364214894760e+00
3.072783562481700148e+00
3.078252562578903451e+00
2.993768469987475367e+00
3.430225004046561388e+00
3.721343233616058122e+00
3.567176428784181841e+00
3.580585251688234383e+00
3.715507391290176820e+00
3.509597480014345461e+00
3.050676471862677541e+00
3.108396920381606865e+00
3.877506374860088201e+00
3.973081338775055649e+00
3.786133756449305832e+00
3.811300849366782373e+00
3.779033028466471489e+00
3.138977123738409869e+00
3.009122011578732714e+00
3.010639312022809655e+00
3.021485230537214406e+00
3.559695361405772918e+00
3.710315210523928542e+00
3.459629703752708174e+00
3.423290360686138900e+00
3.392259956719470892e+00
2.892702617356961881e+00
2.594545878302829678e+00
2.728678237029642073e+00
2.832037048036282645e+00
2.823040493215585922e+00
3.082306743286388873e+00
3.313982743166684397e+00
3.196139256694277453e+00
3.076201397434534801e+00
3.085802964395741643e+00
2.860874397938294678e+00
2.539270570365971480e+00
2.496939121404124329e+00
2.477648711446168051e+00
2.578582856585349692e+00
2.612741362988916460e+00
2.662630712534222344e+00
2.839384490360029378e+00
2.896026605025549205e+00
2.818988522900025107e+00
2.723829827007813620e+00
2.700975187464476956e+00
2.503283355414788414e+00
2.438100673554691067e+00
2.459533837300562631e+00
2.529135575633423727e+00
2.559541097524661080e+00
2.696290026410796514e+00
2.831303792820017318e+00
2.882391258787599497e+00
2.964782774623317962e+00
3.071593699472512817e+00
3.085549221279906718e+00
2.919111362623040051e+00
2.876170622390534337e+00
2.730933542506163381e+00
2.545295030684247450e+00
2.455140760277569001e+00
2.431386290449347509e+00
2.401400841799768315e+00
2.346718795102871624e+00
2.334518599020534602e+00
2.370930732814312325e+00
2.517009541883295398e+00
3.021946675266963478e+00
3.152179947846547314e+00
3.239696537645975205e+00
3.203459550410640233e+00
3.127112710411949603e+00
2.670048641362723796e+00
2.562882330725257063e+00
2.414263557282968264e+00
2.355082247663113915e+00
2.341897054789487509e+00
2.371225249227873366e+00
2.416375116904862619e+00
2.421850973446511457e+00
2.395833792002049378e+00
2.500872425581842862e+00
2.756157033271319001e+00
2.806265035240201655e+00
2.795111190725058314e+00
2.697597503176852207e+00
2.904494596736589607e+00
3.093963970755472026e+00
3.175505414905973378e+00
3.493554091613072288e+00
3.651282829709660671e+00
3.645726597881377096e+00
3.579116529286990200e+00
3.597844131247952326e+00
3.399959980050602404e+00
3.317259767231818479e+00
3.248146493780936783e+00
3.278156763802016815e+00
3.224218482396302043e+00
3.226896884988727177e+00
3.127098729822389345e+00
3.081513247288745649e+00
3.027642724993548473e+00
2.929831982151359426e+00
2.916119418209770497e+00
3.699481682937427074e+00
4.313651634557006176e+00
4.609686520407254129e+00
4.583152618042112714e+00
4.645060453899619191e+00
4.071395118591096818e+00
3.281846934401603022e+00
2.767547696445499472e+00
2.671857489414428244e+00
2.437618573318681925e+00
2.330877780622647943e+00
2.546974055342629217e+00
3.552876968013381376e+00
3.646819974605933101e+00
3.914119401410447008e+00
4.217673072543552060e+00
4.112989069078433424e+00
3.042369849243085067e+00
2.964839445256129302e+00
2.787725373883396252e+00
2.447575534072307324e+00
2.610708614035028408e+00
2.698967209450475746e+00
2.706834108980408882e+00
2.614664240481109569e+00
3.132294412702684827e+00
3.383536714580042570e+00
3.340794964196139638e+00
3.328836484901404269e+00
3.381248697727206043e+00
3.260703846925262717e+00
2.739942059699741694e+00
2.750486400775647322e+00
2.862895152395373621e+00
3.749048584317655308e+00
3.638379146034764311e+00
3.606300743927129293e+00
3.575285502573015251e+00
3.514180436199209279e+00
2.567079350193414378e+00
2.587529493196290886e+00
2.690596156065805378e+00
2.734287108594045890e+00
2.997892460468941422e+00
3.978075348302741787e+00
3.974213682587970808e+00
4.244316280898607019e+00
4.339262855179086387e+00
4.234644240891931588e+00
3.758892820757856246e+00
3.785269225421106665e+00
3.436099395130507439e+00
3.546502151446590201e+00
3.658545727762664512e+00
3.296064671939010537e+00
3.417821070733569222e+00
3.603208311240338357e+00
3.445023819497309958e+00
3.239733933641797403e+00
3.205854506493925449e+00
2.796234128070121727e+00
2.445804862894572551e+00
3.034805328430306925e+00
4.270520186610790248e+00
4.436617373481598570e+00
4.943938399001654105e+00
5.064101503969944851e+00
4.720417518470996221e+00
3.840459335884939929e+00
3.805744342723307749e+00
3.241949491065868827e+00
3.057810904541195196e+00
3.069849813758098289e+00
2.794251618058665176e+00
2.925819914206262862e+00
2.992609515539920828e+00
2.969464453058879183e+00
2.944873621647985829e+00
3.439211807416472144e+00
3.950194819686816849e+00
4.018124495689189501e+00
4.071194421352003268e+00
4.188440952908048409e+00
4.170939907262518176e+00
3.453611132737615996e+00
3.339687397494985888e+00
3.397165858621674861e+00
4.119002519482576119e+00
4.488698318108427010e+00
4.306853617592373951e+00
4.356799864131284394e+00
4.400949505665856520e+00
3.681517822531295892e+00
2.747905340265531571e+00
3.067566947245940590e+00
3.125590007734303288e+00
3.172188769644458173e+00
3.744434310606015170e+00
4.386118079659734548e+00
4.150910707221891371e+00
4.077904791704776599e+00
4.058351827130152856e+00
3.633864531423147692e+00
2.766097561588471088e+00
2.692147436871319854e+00
2.763364090618741997e+00
3.006915379080128847e+00
2.982526779703090991e+00
3.193991456184064326e+00
3.665778556935687327e+00
3.627246618436577030e+00
3.388886592928765484e+00
3.457097154663880900e+00
3.367927309988878459e+00
2.806938066420982647e+00
2.731382507006971494e+00
2.792328362022416410e+00
2.823590265530860677e+00
2.854840708150925277e+00
2.919424877790981032e+00
2.969311962394823201e+00
3.118378803888493422e+00
3.258386329428874628e+00
3.201046090757301954e+00
3.102501645338453073e+00
3.129576413390392275e+00
2.932981033972667628e+00
2.796102855447300861e+00
2.781253080574750403e+00
2.772283892247433545e+00
2.757068029594144765e+00
2.750164739512547030e+00
2.814715496608904299e+00
2.868395641928214612e+00
2.850052286621018727e+00
2.969885458510554077e+00
2.965722887678241992e+00
2.902528860293060564e+00
2.798689240142314016e+00
2.772059390702995785e+00
2.657840406854581339e+00
2.616231135186551260e+00
2.626364639581338256e+00
2.650568813241281685e+00
2.610676050550140737e+00
2.635923299088116067e+00
2.615357875009644228e+00
2.637425855126276808e+00
2.654251543249421808e+00
2.657489078574111652e+00
2.796594887435142951e+00
2.788973646822663355e+00
2.756886337703047474e+00
2.748002362463432657e+00
2.790787253786058297e+00
2.742258267506264779e+00
2.815274030678264428e+00
2.822944106052945212e+00
2.778836152438446394e+00
2.696918433763416001e+00
2.663516649854250851e+00
2.622157588406508477e+00
2.562691628606640126e+00
2.589832515263318591e+00
2.583788450208068355e+00
2.677257839262015437e+00
2.765822345849534791e+00
2.806127680122866952e+00
2.816806797354440395e+00
2.817932052390556219e+00
2.746284390740604930e+00
2.732563725601975690e+00
2.722996339393062293e+00
2.694101224818100881e+00
2.804292182327137173e+00
2.890986910184174974e+00
3.550057597699877387e+00
4.241256724069272011e+00
4.660572662811775402e+00
5.613640604180763383e+00
5.647400005679346968e+00
5.590511771656629492e+00
6.209530659372072492e+00
5.985632317939228564e+00
5.082254560027188894e+00
5.131686560661779417e+00
5.018387044592318880e+00
3.636249016265192591e+00
3.398417151733316821e+00
3.364010039670138230e+00
3.140594235757092179e+00
2.698842413354868519e+00
2.562290631684989606e+00
2.560006377100978892e+00
2.608244587896225486e+00
3.030952444106409072e+00
6.135995053895023865e+00
6.648965226509961468e+00
7.039787454330402205e+00
7.647223905850258241e+00
7.451114556305934222e+00
4.857945505558856958e+00
4.521475551180277108e+00
4.150082519996524333e+00
3.299207908484191432e+00
3.237783924639890287e+00
3.174768941213583329e+00
3.213539674082648290e+00
3.649577509802771402e+00
3.657328648459626130e+00
3.645743066172037583e+00
3.692252180103741122e+00
3.829825962204986389e+00
5.374534948713527882e+00
5.506081151395993523e+00
5.412660397251873867e+00
5.460761859916646976e+00
5.223236704565060506e+00
3.897669375885538745e+00
3.718583389275841533e+00
3.777007735609505534e+00
3.815261437714214665e+00
5.346543596041771984e+00
5.806202366494696676e+00
5.829481351684031587e+00
5.763528920011940393e+00
5.709100026771460890e+00
4.170706117299023852e+00
2.589235079974595344e+00
3.304816228247676957e+00
3.524529037108561358e+00
3.539016106198265899e+00
3.637275506095943634e+00
5.163726240126846001e+00
5.082122373558961570e+00
4.857243812650200887e+00
4.952890613253949859e+00
4.961287650092760515e+00
3.396975936342872426e+00
2.581767544051247754e+00
2.531665925836573905e+00
2.540910113589384345e+00
3.086904321116522798e+00
3.137449040391140809e+00
3.215580085588343184e+00
4.014676639376862255e+00
4.302131984711619950e+00
3.853967161841440170e+00
3.870119547010521188e+00
3.806726994917891904e+00
3.040993659183729658e+00
2.487296414985810333e+00
2.407718365675012961e+00
2.411649646154620630e+00
2.426785648440290988e+00
2.496839271711650099e+00
2.679328651448551923e+00
2.643367922891175059e+00
2.809523066080847453e+00
3.271641899540509435e+00
3.279920533753873713e+00
3.069772355555731913e+00
3.097978834009150084e+00
3.007936797162836129e+00
2.430027433031156203e+00
2.453059338443238868e+00
2.483105115301562638e+00
2.488405289100138695e+00
2.532513008042311053e+00
2.564781686942923411e+00
2.585724228394367330e+00
2.733109610199847328e+00
2.732828506727811746e+00
2.840559712843746087e+00
3.007364580957509137e+00
3.035786083090507237e+00
2.859464628303170386e+00
2.894382097396395626e+00
2.866625521392349718e+00
2.783243068840448586e+00
3.026559110659543084e+00
3.392563831181862000e+00
3.843752716787536716e+00
4.306570903782903414e+00
4.701819395578378469e+00
4.943013087996937394e+00
4.986064725930014596e+00
4.832708011974185425e+00
4.470014647867969870e+00
4.172051711537769769e+00
4.218285986345355454e+00
4.362235230467875091e+00
4.560160978858290193e+00
5.051208063701965401e+00
5.224893757360983493e+00
5.127446821079990613e+00
5.076847329746763116e+00
4.864940625943950714e+00
4.557429781016047343e+00
4.354559131096571889e+00
4.141893722866310412e+00
3.801371802346747764e+00
3.616937221952385428e+00
3.440514587602169438e+00
3.265485227920007283e+00
3.232239505348343922e+00
3.167337548480436027e+00
3.178362174793827766e+00
3.194549230933287021e+00
3.079669244282581264e+00
3.122248927754852410e+00
3.121752330271554410e+00
3.031854458098030225e+00
2.965186441036135712e+00
2.983622292855907965e+00
3.044884686064784241e+00
3.012911281946481168e+00
3.039144601963422954e+00
3.066091533881475151e+00
3.038249284023149865e+00
3.113113174894230006e+00
3.116459106743961982e+00
3.146261397713213448e+00
4.252980031866693267e+00
6.048745788811701551e+00
6.982340551869051559e+00
8.900168654887663067e+00
9.086740878360869189e+00
9.088753153518073447e+00
9.728769708515073944e+00
9.357242594898886878e+00
7.411439815399872622e+00
7.251668895381225610e+00
7.391435338622319051e+00
4.976628356267934095e+00
4.439054749265924471e+00
4.450388751272781107e+00
4.352377053217834302e+00
3.213712884546519710e+00
3.140009536462580186e+00
3.093667017856879031e+00
3.076247364318309252e+00
3.123917860187304552e+00
4.326204751893804712e+00
9.257523535543999316e+00
9.823873655728602827e+00
1.031460683048810090e+01
1.162025816647026311e+01
1.105511484389939270e+01
6.637627090218678916e+00
6.023579812839557235e+00
5.846489552505805598e+00
4.084502484929732447e+00
3.896742149703383618e+00
3.831406473449541217e+00
3.738003473659470721e+00
4.163799748858864724e+00
4.658778656261858941e+00
4.621040195817592178e+00
4.527291263433117052e+00
4.468222451456231425e+00
5.480195036077446957e+00
6.829121067429822389e+00
7.061421199240288438e+00
6.967785735472267206e+00
6.990023942598501350e+00
6.507449390780265297e+00
4.631178687131646043e+00
4.626990884585559627e+00
4.639367668765826735e+00
4.616083537237667400e+00
4.713515181891104966e+00
6.613388817074645765e+00
7.154797016746719862e+00
7.203778526453540998e+00
7.310473225115821982e+00
7.133435073851424946e+00
4.140258187648102606e+00
2.792091008451079492e+00
3.632644898345143147e+00
4.195552476236160011e+00
4.229869482481284138e+00
4.240654142951677308e+00
4.617602209880042885e+00
6.398189210113303993e+00
6.130611926976426318e+00
6.162984363073922722e+00
6.202338306130433132e+00
5.853605848476850504e+00
3.045467278712321146e+00
2.699895765696222139e+00
2.761013003083288009e+00
2.867697924260188547e+00
3.783091413092437350e+00
4.073700028919099658e+00
4.082645419026878386e+00
4.426705582691605301e+00
6.240928461272519989e+00
