2.293060860485834684e+00
1.634779774735627633e+00
1.740780170488646528e+00
1.622036332703899131e+00
1.501479804134068674e+00
1.396207853284313627e+00
1.341809661588314606e+00
1.257775260270197704e+00
1.218986900568865384e+00
1.167399704871056265e+00
9.215787463506721622e-01
1.085118986970040611e+00
8.441405377723264492e-01
1.006647833893972388e+00
9.583412288854706862e-01
9.113638635762072449e-01
9.199378618050155776e-01
9.118384782020709789e-01
9.049734059292109389e-01
8.817598295047218704e-01
8.944824906524619923e-01
8.906593616089990562e-01
7.244834527047664396e-01
8.674003959109641837e-01
6.916814660076199273e-01
8.481312185211679067e-01
8.830192788394104486e-01
8.837764661573084268e-01
8.678095644632145556e-01
8.518558727106938511e-01
8.538119183223815689e-01
8.737681499777256722e-01
8.937995871574554441e-01
7.241635924824798565e-01
9.019556823100886023e-01
8.701103276090934591e-01
7.128847774605637788e-01
8.797508368306677928e-01
8.839287574718146523e-01
8.882459732851897272e-01
8.738886305200450622e-01
8.972250478173842136e-01
9.018517594004088478e-01
9.435644878825154569e-01
9.300874310113462773e-01
9.160812809895541031e-01
7.542235783508953739e-01
8.886788759893001766e-01
7.047588084225536731e-01
8.581374146619962229e-01
8.405931412746601161e-01
9.089706945738350585e-01
9.133450173912308623e-01
9.382652997332943112e-01
9.218480839357328094e-01
9.259549207739468102e-01
8.642238578058465404e-01
8.678305363595838484e-01
7.219132732835183974e-01
8.991476309153781932e-01
9.023966272593676452e-01
7.364326284815960744e-01
9.098360865655243934e-01
8.657412679256347721e-01
9.598154309694884034e-01
9.175670402265522219e-01
8.965329372052673884e-01
8.985730044307655984e-01
9.238442559189712355e-01
9.256073618574387485e-01
9.272035885185880844e-01
1.098777038630492253e+00
9.391649714137406679e-01
1.196558977405575375e+00
1.005108541709300640e+00
1.123932440159261859e+00
1.044082324544416407e+00
1.001804372525431308e+00
1.105566937680548589e+00
1.105622409910632653e+00
1.163234594714648962e+00
1.181568916133826974e+00
1.162528995132680487e+00
1.022376872233550227e+00
1.000225288995364892e+00
7.882483709650173198e-01
9.537545548968477949e-01
1.039572966704555457e+00
9.584973529899122324e-01
7.475213234874649171e-01
9.964596311016447050e-01
1.035188868914415528e+00
8.203036856877693461e-01
9.690261277350793456e-01
9.459072022530804480e-01
8.299028093185951693e-01
8.756857463172499356e-01
8.507083770955927715e-01
9.171348546218790476e-01
9.369622580794284561e-01
1.092114220047350148e+00
1.364471772435028374e+00
1.376439428516471164e+00
1.315521191249132915e+00
1.009431230401508506e+00
1.081629523809616966e+00
7.886317025956814941e-01
6.772774889709577417e-01
8.561202934045544222e-01
8.320814177392374944e-01
8.075135477811007378e-01
8.064377557375186356e-01
7.565521127638483723e-01
7.556356627190982111e-01
7.291753884901028826e-01
7.283859885133547873e-01
7.531854485888934692e-01
7.524719852714599755e-01
7.518117468310019369e-01
6.385376359673972102e-01
7.503902899981843566e-01
7.499234869266537817e-01
7.495132352487320349e-01
5.982489190763807807e-01
7.487425905057429887e-01
7.231514506648749618e-01
6.967054957325736764e-01
7.482893728392038257e-01
7.228839994528036828e-01
7.966070157329089296e-01
9.063180700343270724e-01
9.268670230476698801e-01
1.004510155613909328e+00
8.648506313746678886e-01
9.074564509673654911e-01
7.543086441833350975e-01
9.491737025534828787e-01
8.670884786121078047e-01
8.892011601666933718e-01
6.685127895619807914e-01
8.018831206377629028e-01
7.284672883938014820e-01
8.496017659176628989e-01
9.153245428710808929e-01
9.572540902596401446e-01
9.585544157916661145e-01
9.599265616008074709e-01
8.325709670570382581e-01
8.103878189632357509e-01
7.624792378758895595e-01
7.888352332241435061e-01
7.651481447806515179e-01
6.777015554339417269e-01
9.310802986312659568e-01
9.329535267830546541e-01
9.133959307025530938e-01
7.629814190675311414e-01
8.962177136033454561e-01
8.521694298101311071e-01
9.863039732186127395e-01
9.886677913809085450e-01
9.702228923665253690e-01
1.034141719939131621e+00
1.036782659719418076e+00
9.561838876517645414e-01
9.366759572303271497e-01
9.829092174821558725e-01
9.639390628612034551e-01
9.666226442074951075e-01
9.470663611932335080e-01
7.606409372164454341e-01
8.327030983270441444e-01
8.086441638416921318e-01
8.110612142362723098e-01
6.803249800511796952e-01
8.699729241257156964e-01
8.726613493414718814e-01
8.222771497955131403e-01
8.248563652934419732e-01
7.703252059618399539e-01
7.424568879352406725e-01
7.448295477292292688e-01
7.472212641248844323e-01
7.802403494468208578e-01
7.827652942515560541e-01
7.853063097777309709e-01
7.878641704958465608e-01
7.904318898283213546e-01
6.151463397465054550e-01
7.330800692380393668e-01
7.354726336581308699e-01
7.378707462202200862e-01
6.029874718029158975e-01
7.438365305275000949e-01
7.462427624461110964e-01
7.486480596163702650e-01
7.510509313139259735e-01
7.534499400352669962e-01
7.206685259501439678e-01
6.858451027184485627e-01
6.879963887613637086e-01
7.274700557846329740e-01
7.297174188690382923e-01
6.943911364918958773e-01
7.700080218257510101e-01
7.723218714564471510e-01
7.746180383532670355e-01
7.768959751988122608e-01
6.384634065422394311e-01
7.825386155590127180e-01
7.847382007105683233e-01
7.869123609819688170e-01
6.426582491084770199e-01
7.553230786469727898e-01
7.573011551211926706e-01
7.592496866248952259e-01
7.611664166237993578e-01
8.002930948247740650e-01
7.649008674095791882e-01
8.041385513849008682e-01
7.684956392634847422e-01
7.702372339295660009e-01
7.323290500172987549e-01
7.736077777960436164e-01
7.354505001676829856e-01
7.369530531790682293e-01
7.384161443479680953e-01
7.398384373244347723e-01
7.412193481425359831e-01
6.102544891680325989e-01
7.445088254534725225e-01
8.244447912347389051e-01
1.167794682785218807e+00
1.169578349731012601e+00
8.429907798490796633e-01
7.507000115108929394e-01
7.516815891085867340e-01
7.526166615834123386e-01
7.535050505426414968e-01
7.543464451061946408e-01
7.551403656924066121e-01
7.967748350754092490e-01
7.975130021093909116e-01
8.371615771814642226e-01
1.041559936341064363e+00
1.185744553007933133e+00
1.314482169190005934e+00
1.339423457387797001e+00
1.387199869429406096e+00
1.241358128627606527e+00
1.133687571720357834e+00
9.488621503457254081e-01
6.888721872420563441e-01
8.024733652278248641e-01
9.496559029210526193e-01
1.163212031257574219e+00
1.243591152304917902e+00
1.013634006450108371e+00
1.243460207448120691e+00
1.076722968365857236e+00
8.415560254468001933e-01
8.413564403727421537e-01
8.411152371181824794e-01
9.140822047697108044e-01
9.137325167065702969e-01
8.401512395501995467e-01
9.129079311392456209e-01
9.468787569270372684e-01
8.388477780807149786e-01
8.383431625953016164e-01
9.451714059659029887e-01
9.445277574433844636e-01
9.095159719497161177e-01
1.008255417064248816e+00
1.126373314084669230e+00
1.037609520568787413e+00
8.110187149931342709e-01
9.725072684283946334e-01
9.045118093946917792e-01
8.681931683551420420e-01
9.027535794567880245e-01
1.031295355540248870e+00
9.080286004282672740e-01
1.058430783977682310e+00
1.057281257599442137e+00
1.026357264891602616e+00
7.862966054589956011e-01
8.237360871492589443e-01
8.227864689872814719e-01
8.218266500916187045e-01
9.585559211466354590e-01
1.019247469514656057e+00
9.876305121452786384e-01
9.227295127149411913e-01
9.216101727233120267e-01
8.159247806143580251e-01
7.371295808806405114e-01
7.362264308528575496e-01
7.750989645367101222e-01
8.119326081174713661e-01
8.109368772286082994e-01
8.459590592397924214e-01
8.794269345654844861e-01
6.612515050942705530e-01
8.064878582218463210e-01
7.680329748107009857e-01
6.861308288970282554e-01
6.853194532242067316e-01
6.845167173968919050e-01
5.650776518404291293e-01
7.239687162010939314e-01
7.622703101895285105e-01
7.985875852637353001e-01
8.672057687340302135e-01
8.322862205945635861e-01
7.960086530392255222e-01
7.951796100577771531e-01
7.573997797609062221e-01
7.178136936966027504e-01
7.171109341002018800e-01
7.920377289463057524e-01
7.544734694947110576e-01
7.905788472685203461e-01
7.531204434024053596e-01
7.892006673605010958e-01
7.885431425228521807e-01
7.879072815931822404e-01
7.506550604547481687e-01
7.115993757725954660e-01
7.110856630238857612e-01
7.105931513553693790e-01
6.695097813665932263e-01
6.690867178147036354e-01
5.612737080615050056e-01
6.681147041658033192e-01
7.082737422028252405e-01
6.674411083223464880e-01
7.076064376568648173e-01
7.073084228156603093e-01
7.070345287158933401e-01
5.733097934784363581e-01
7.064614416981084277e-01
7.808149212423969310e-01
7.806351656362183755e-01
7.804834207522330924e-01
7.440439293522239650e-01
7.057760158882736556e-01
7.057157280381360920e-01
7.056814057682622154e-01
7.056731497412415122e-01
7.056910829730056456e-01
7.057353044729044456e-01
7.058059074258518084e-01
7.059029844744616478e-01
7.060265604432820474e-01
7.061767438055622792e-01
7.063535671438163632e-01
6.661483554799164652e-01
6.233277614337897621e-01
6.235543587054528381e-01
6.238045232390018180e-01
6.671676451872581293e-01
6.674855963172083850e-01
6.678286299899780509e-01
6.681967678203295513e-01
6.685900178570931551e-01
7.095906164607740374e-01
5.833559903484556441e-01
7.108254457131212289e-01
7.113621467739258408e-01
8.879265358746444292e-01
1.211041069717564644e+00
1.503407382081616506e+00
1.715688866407485191e+00
1.766134147869810933e+00
1.421254818765770089e+00
1.471654898839390269e+00
1.120942283424744224e+00
9.265950711710388976e-01
8.635807755406931241e-01
7.952961967185456782e-01
8.316462472506780390e-01
1.380810222007248456e+00
1.502979685127607379e+00
1.543013067838952201e+00
1.723189557763584290e+00
1.673987030197506387e+00
1.280285093342568903e+00
1.136443810225813866e+00
1.111907731231762897e+00
8.761231466380108301e-01
1.003376521305034297e+00
1.034031686939921313e+00
9.763988560047391907e-01
1.065675812556492463e+00
1.448686258728626663e+00
1.343395250047134226e+00
1.322985396975623340e+00
1.347845364656196088e+00
1.437316748303859137e+00
1.047591255682345235e+00
1.019841589470597443e+00
1.287520720510880956e+00
1.608672794143767959e+00
1.449979107480602991e+00
1.473817534683080410e+00
1.476518589931161696e+00
9.885770822902221200e-01
1.033867010325978830e+00
1.065852988061900986e+00
1.153446269880262554e+00
1.491951471742982260e+00
1.473325649609200427e+00
1.363333589574363236e+00
1.342242796781673908e+00
1.295962198090237827e+00
7.295309970181196313e-01
8.076844392610363910e-01
9.575761512929326091e-01
9.931736422306929324e-01
1.059440667501718281e+00
1.312845250866947922e+00
1.340556622264743813e+00
1.156103570970571592e+00
1.158447555593335565e+00
1.131406027815002213e+00
7.802661597804549931e-01
7.818521929816272253e-01
7.386335606941525356e-01
7.850278688964585916e-01
8.696397482811742963e-01
8.713968893586574449e-01
1.019625281433564901e+00
1.119191057398872369e+00
1.089840068325653499e+00
1.025773090267478649e+00
9.929641598510086098e-01
8.819135573700710440e-01
7.049115443939634185e-01
7.550608822787785446e-01
8.024256326058286648e-01
8.474711204660325681e-01
8.905459913144171402e-01
1.041921466048208345e+00
1.111314133454481379e+00
1.177078466055493822e+00
1.268963105385423340e+00
1.271307288091467758e+00
1.214361108737637585e+00
1.121612169323723762e+00
1.090071019661576157e+00
9.457011532183933200e-01
8.648126162697684638e-01
8.218498897547310555e-01
8.232501220911626616e-01
7.272580370067039945e-01
7.787591486914969829e-01
6.551747698525851593e-01
1.034387093702916038e+00
1.298701960223584528e+00
1.386549378275613531e+00
1.416142496251199034e+00
1.418239231141249723e+00
1.306483725945631669e+00
1.080326782359218418e+00
9.676176695157677754e-01
8.845110732115825103e-01
8.402354718999539562e-01
8.413245359024805747e-01
7.342069292972250860e-01
9.329814413295729469e-01
9.340830946572167282e-01
9.351533829702777245e-01
1.163840659968492064e+00
1.231723577680367221e+00
1.265037474257858507e+00
1.234246177500640584e+00
1.202491565413126962e+00
1.134778212070194803e+00
9.417519974455011988e-01
9.425615991766106427e-01
1.025515709461533254e+00
1.026321218316954109e+00
8.545896381083065707e-01
8.551967481421561823e-01
8.068295514824819215e-01
8.563152991735437647e-01
6.995958621578811654e-01
9.899310425063769792e-01
1.107353133063578632e+00
1.179436549240043819e+00
1.372483905673040683e+00
1.459844897852359269e+00
1.343357685534676271e+00
1.312906509127331756e+00
1.344197286705242966e+00
1.216183542719110333e+00
1.182176311340429775e+00
1.250009872602350969e+00
1.434066936558711980e+00
1.434221458572302987e+00
1.544813635350615222e+00
1.768414868756957192e+00
1.744989599232311894e+00
1.622748019150249466e+00
1.622631588782433854e+00
1.570938756855222218e+00
1.345081809836769393e+00
1.344846126154689570e+00
1.374783910013546162e+00
1.404012437866782870e+00
1.460940869877313641e+00
1.403195379768795714e+00
1.431645204188588982e+00
1.402200709530456058e+00
1.341966948618089406e+00
1.213331534318686344e+00
1.762118102911577111e+00
2.303494579403190023e+00
2.753892860471191195e+00
2.737552074063676955e+00
2.794828814916276549e+00
2.533802932329344948e+00
2.014525075634706841e+00
1.365428916518714564e+00
1.334514901678245602e+00
1.137282830161287839e+00
9.842041651220113652e-01
9.834720897715699683e-01
1.494266843149536728e+00
1.963075911026367137e+00
2.080458357863641083e+00
2.209346946196903971e+00
1.978454525265908481e+00
1.439912324729159643e+00
1.323350490353267794e+00
1.291755705702013257e+00
1.090729307324499020e+00
1.226429844086387888e+00
1.288142797691193220e+00
1.286907024353056928e+00
1.285656789904193742e+00
1.634285378930348198e+00
1.770871404641918279e+00
1.701462520889296837e+00
1.699742696028943900e+00
1.720803248295418530e+00
1.527404860787884289e+00
1.276599468443705421e+00
1.275275167584847713e+00
1.339736560900112172e+00
1.962691809030763235e+00
1.860016931599531631e+00
1.837298480868261974e+00
1.793165062844404467e+00
1.381999427006682879e+00
9.955250975746653408e-01
1.202263800401412785e+00
1.168969113886516809e+00
1.261308730326399230e+00
1.844440110087209650e+00
2.073691610132648133e+00
2.089639596154342804e+00
2.243612682790378177e+00
2.190566514500560835e+00
1.875316355519791145e+00
1.770976882913278150e+00
1.637969492710571240e+00
1.590246416289305964e+00
1.723176644299433402e+00
1.655694492094996528e+00
1.489444905828710253e+00
1.822466590022720601e+00
1.737962915496308991e+00
1.557781599768825798e+00
1.508473320853722655e+00
1.353443959536596575e+00
9.368735130825766033e-01
9.742913878248240511e-01
1.811163079307205770e+00
1.982392398663747057e+00
2.189846997586223143e+00
2.363437288462357788e+00
2.330742345939542215e+00
1.783868627722236644e+00
1.741578445858664947e+00
1.519091871724928211e+00
1.258694740596255857e+00
1.257850928189640172e+00
1.198535456848885961e+00
1.104302487508995068e+00
1.135631022557612058e+00
1.134970701630335643e+00
1.102377397386312241e+00
1.164797438302567212e+00
1.602518590467952642e+00
1.667143215565649372e+00
1.666373958540359412e+00
1.686866217458137696e+00
1.827768120294830823e+00
1.459706175809106776e+00
1.305131982993975148e+00
1.304697484584308009e+00
1.433739219752279359e+00
1.900793204945276926e+00
1.744915261954250063e+00
1.764690900492100534e+00
1.764342015314957157e+00
1.660790563168437206e+00
9.211099812655162422e-01
1.029714650099125661e+00
1.096120583844707008e+00
1.188841123712080838e+00
1.246830630605307855e+00
1.743130934878270644e+00
1.681271476160022038e+00
1.617086611031271604e+00
1.595220283912506920e+00
1.550452111445666414e+00
9.950501138946760138e-01
7.979519811915970484e-01
7.981119727055231428e-01
9.594311367106682642e-01
9.959056215670248902e-01
9.961911455885578137e-01
1.277260960722979677e+00
1.332094855326102945e+00
1.221339784261158856e+00
1.192383530975360761e+00
1.192895344128834578e+00
9.244354791024769202e-01
8.009731268659748826e-01
8.447330455907186009e-01
8.451899246290476286e-01
1.018548455980166079e+00
9.825711472913182254e-01
8.627301707126057151e-01
7.226284392161643755e-01
7.234589376550230044e-01
7.743125259374273872e-01
7.251603858731581198e-01
7.260305756391393084e-01
7.771029391299855149e-01
7.780594820165941394e-01
7.790285322034363746e-01
8.273252764358705047e-01
8.283785996659108752e-01
8.294429393478922607e-01
8.305192767095480599e-01
8.316063666030411028e-01
8.327037538246019333e-01
7.861246013599511029e-01
8.349270246011382124e-01
8.360533767443908415e-01
7.893077114028398400e-01
7.903836897997711386e-01
7.914666130169488723e-01
7.413680373737248086e-01
7.936507787133595393e-01
7.434210389658605367e-01
7.958550362896315011e-01
8.453075675156573876e-01
8.464869656177271828e-01
8.476695442802905101e-01
8.488545119906492076e-01
8.500413184813149226e-01
8.512293455514252649e-01
8.036673244001032446e-01
8.536065682742279837e-01
8.059078498626242038e-01
8.559811689652079281e-01
1.178061780563662619e+00
1.692685119208830358e+00
1.834552994958464245e+00
2.365844060961281858e+00
2.471370567655608141e+00
2.406899699399471348e+00
2.560388216568629360e+00
2.674981614446680922e+00
2.218567101298388522e+00
2.085541147572646192e+00
2.205447369995199747e+00
1.665712958868636351e+00
1.298414058022490547e+00
1.300057597147824540e+00
1.234886995074238270e+00
9.215693413784850074e-01
8.753462901029502863e-01
8.764028816844093850e-01
8.272643797786227715e-01
9.259952653348246798e-01
2.905481205406660106e+00
2.996455297221988001e+00
3.379527600462072012e+00
3.434061584337310347e+00
2.586693947323979170e+00
1.889486576867634549e+00
1.936999015079172715e+00
1.418055307031415246e+00
1.290122118905543180e+00
1.291356315620922679e+00
1.222641932564706213e+00
1.484023662270387511e+00
1.514758582077099458e+00
1.516070255485940432e+00
1.546252336298879593e+00
1.518591020898662602e+00
2.190263582786589058e+00
2.459738214324429517e+00
2.443410213634223727e+00
2.426861511958770645e+00
2.428558409466279766e+00
1.915408799869882106e+00
1.611947570768401672e+00
1.612956732698598072e+00
1.641518089039614381e+00
2.749893508689505772e+00
2.701771667117700115e+00
2.686399748546467237e+00
2.687694101835818472e+00
2.328678291668052402e+00
9.510924278103579654e-01
1.165325822980304293e+00
1.534820116250663169e+00
1.535383468704696996e+00
1.535913367127023754e+00
2.109203247335518228e+00
2.503664826083984440e+00
2.276204629827038861e+00
2.276799139774036362e+00
2.297238637348423484e+00
1.835225802176834842e+00
9.053119976308965366e-01
9.054799519996329371e-01
8.538380911552237995e-01
1.207692356622681817e+00
1.383772548944335545e+00
1.350585712529799309e+00
1.654297223767796421e+00
2.114417205398046562e+00
1.886509638212164219e+00
1.761549930767188465e+00
1.735546933000243319e+00
1.540583876437960020e+00
9.064316597093482475e-01
7.994185231749678655e-01
8.546301797659384691e-01
8.546402610552492618e-01
7.994476358726544385e-01
1.089465053859262289e+00
1.542040933482975218e+00
1.089460125163214332e+00
1.281956867735373651e+00
1.480266262401068289e+00
1.417237925219537287e+00
1.317061253406982324e+00
1.317057658040646784e+00
1.130556737875939355e+00
8.546254600966143311e-01
7.994383305864132261e-01
7.994535311227599639e-01
9.065200642468704828e-01
9.065538063489871901e-01
8.547482795641410114e-01
9.556954089257631013e-01
1.002416033917040483e+00
1.002505063641994987e+00
1.089952404863803626e+00
1.209341590202893668e+00
1.171105267496528324e+00
1.090415573631751567e+00
1.538454988977044469e+00
1.131893118138656007e+00
1.132138682721488543e+00
1.353491640690025921e+00
1.658125917908674918e+00
2.031380941266188067e+00
2.404341471641420647e+00
2.693353086225540149e+00
2.875864867005557546e+00
2.940309187089224174e+00
2.797275408836137789e+00
2.521520168260155792e+00
2.168958218017511985e+00
2.105385028705756945e+00
2.150096089467631089e+00
2.356830096850583089e+00
2.654346197140927899e+00
2.858309073750947338e+00
2.940666994650630084e+00
2.895224166759458484e+00
2.749037334314781589e+00
2.594195475570719722e+00
2.409640975301749144e+00
2.166126330737923933e+00
1.963612572465108563e+00
1.790158973302914402e+00
1.536860906347538247e+00
1.443485105408341740e+00
1.307370183857631485e+00
1.234266656864657419e+00
1.196760219538645087e+00
1.198521770930409236e+00
1.159657717736436888e+00
1.119258468239694881e+00
1.031277168541549161e+00
1.033055743217540456e+00
9.361069659706856561e-01
9.378454665040126814e-01
9.396503392483455119e-01
9.415230110606364056e-01
9.434645566786471482e-01
9.454761374716417199e-01
9.475591447628822772e-01
9.497138214119291710e-01
1.003434990357474410e+00
1.005862494740723090e+00
1.314753104801605899e+00
2.283063444329756386e+00
2.700891333758592694e+00
3.593441283323908220e+00
3.881052930252158362e+00
3.838113789328924774e+00
3.970355797447585378e+00
4.061200100264374946e+00
3.245269903194069272e+00
2.980890060079227410e+00
3.131374564707732233e+00
2.352010461943832009e+00
1.748661511788529799e+00
1.754732958587150282e+00
1.760957402259968552e+00
1.335980180843062470e+00
1.111830617177409275e+00
1.116022333937523481e+00
1.120311228454615726e+00
1.124696554371940271e+00
1.318590594985596942e+00
3.519481266705877687e+00
4.355388245912620526e+00
4.559854668175786330e+00
5.283925427806400954e+00
5.408307575853330107e+00
3.728281772375923175e+00
2.827757586434509030e+00
2.840505951436105292e+00
2.033184671879291194e+00
2.471955524114005431e+00
1.746142087770554463e+00
1.790549020212903741e+00
1.834698874000191049e+00
2.108143375044270407e+00
2.354440110922168206e+00
2.365975558088147856e+00
2.320356667628530545e+00
2.181278981490186730e+00
2.672052331407007486e+00
3.629786467102928960e+00
3.817013640086912574e+00
3.873096188231131887e+00
5.539736605770460010e+00
3.883916242578743017e+00
2.850905450442822175e+00
2.707621900911926893e+00
2.721467075848745587e+00
2.762593707920310671e+00
2.776681510277512643e+00
3.517115461633931517e+00
4.356031588216074724e+00
4.395737497679307104e+00
4.453223857618324288e+00
4.597979370705060020e+00
3.423215289828920316e+00
1.659993279530382448e+00
1.940131078548214649e+00
2.696183839721229436e+00
2.708785768755778811e+00
2.751976746027762211e+00
2.825145768393947154e+00
4.118334094736077589e+00
4.115142104949004676e+00
4.090041047492010584e+00
4.149294936488678864e+00
4.079806395593177371e+00
2.426551973909290005e+00
1.528622809820457062e+00
1.534018597117923655e+00
1.539193352532974401e+00
2.098057552203152376e+00
2.467650207816306729e+00
2.548570105620349580e+00
2.481265109789451806e+00
3.325905048770566808e+00
3.552220207629882331e+00
3.311789702674435176e+00
3.230881233545607856e+00
3.206481433956889227e+00
2.270410503461048890e+00
1.312290849117742297e+00
1.313436544452161403e+00
1.314251653459283631e+00
1.385844903076092871e+00
1.453630707460195515e+00
1.752849235515833826e+00
2.054492695958071380e+00
2.144312411663199303e+00
2.272124510824572230e+00
2.929559965102172203e+00
2.924995323738034170e+00
2.611375541974528591e+00
2.569373546885906912e+00
2.450865030010175971e+00
1.728350490516379789e+00
1.553272590217208649e+00
1.606651894052215201e+00
1.542730338724993100e+00
2.014548916086858377e+00
1.410746155578492145e+00
1.339413781017901872e+00
1.264980427626841264e+00
1.391856769566625074e+00
1.562386846742364721e+00
1.608759572208417588e+00
1.800694737636401976e+00
2.094447224267192542e+00
2.000384077520493520e+00
1.859740655739482218e+00
2.519168569286330150e+00
1.752335752340882902e+00
1.324552323813026344e+00
1.190020785093851785e+00
1.114223889796200684e+00
1.106385916868286357e+00
1.098467455748788124e+00
1.090485806774709854e+00
1.148123409335823464e+00
1.074411805743611614e+00
1.066359371428600156e+00
1.122520442155716003e+00
1.338899911111011809e+00
1.378930985891227978e+00
1.416547775532480458e+00
1.663485683461704667e+00
1.689917913392068760e+00
1.517292057381545156e+00
1.463787088890402099e+00
1.318835294035055394e+00
1.160801367091494951e+00
1.042774440376686096e+00
1.035812626662689695e+00
1.029121568044830903e+00
1.022721602883731151e+00
1.016637877431421089e+00
1.010893228811174049e+00
1.005512822262203843e+00
