3.271318789364186852e+00
2.959369267569279760e+00
-1.513003487071873931e-01
1.446089645177808691e+00
2.392539350827692868e+00
1.973209806848033043e+00
3.853200481732041549e+00
2.509451475528672315e+00
2.421124251934414051e+00
1.888583488983755387e+00
3.246474719871532244e+00
3.863993653803576844e+00
2.475658459524692656e+00
2.249898503746641687e+00
2.567789005114200940e+00
7.794256992465032896e-01
1.140537629964158084e+00
1.855247697350683067e+00
2.799868453339774188e+00
6.049165929926471064e-01
2.028903900992820031e+00
2.754322681871376854e+00
1.976903942696536021e+00
2.437164457896260128e+00
1.810078364842185650e+00
1.482900856304888881e+00
4.986955230757610380e+00
3.312784721545091404e+00
2.254792604110698484e+00
1.605879594628782270e+00
2.376615582084269374e+00
1.838958035105000555e+00
3.834730552487101818e+00
2.559266858974121650e+00
3.606816122838639505e+00
1.602137460861699836e+00
3.002641356751963642e+00
3.603050619384861708e+00
3.070851041596772468e+00
3.993912399631784904e+00
1.091128019979590968e+00
1.521380358968918767e+00
1.877634159608523090e+00
2.241694870746608448e+00
2.992131412678427083e+00
2.025370445616114790e+00
2.041350919619852711e+00
2.222038128341488950e+00
1.791865624522747336e+00
2.628748821291802429e+00
8.753679350410020765e-01
4.127452141482240044e+00
2.505807387390969421e+00
3.625043666675801024e+00
1.289298635090315504e+00
3.541906216293756238e+00
2.215801547841641295e+00
2.034381842936854756e+00
2.239985299858493484e+00
4.019047422414223192e+00
4.398268354515526113e+00
2.865599011239381433e+00
2.995818509224292381e+00
-3.406872305629046194e-01
4.606694580159000019e+00
3.209136169834002850e+00
4.047408465592289950e+00
6.678170210219124270e-01
8.033568360574966372e-01
3.911398087451684713e+00
2.601484993281171665e+00
2.899355355047923410e+00
1.065870029397041341e+00
-3.729915005092667712e-01
3.222821810998706127e+00
1.906970362904788718e+00
5.641688530273158086e+00
1.547886634406719031e+00
2.313485845181898704e+00
1.335399500818468033e+00
3.774432447584080030e+00
1.374240359236874154e+00
3.799018435324413190e+00
2.709223856085052784e+00
1.587306420006223462e+00
1.770769439479191520e+00
3.316057652750137752e+00
3.591133299269505752e+00
3.542052048620433879e+00
2.479927406415939561e+00
1.376952785275163127e-01
2.523068660446905920e+00
3.299826980628815853e+00
1.799507308872752454e+00
3.322783260153927110e+00
2.693017847429292733e+00
3.201319004460166262e+00
2.306071944080511749e+00
2.544589084315036498e+00
2.646103594564918282e+00
3.683799812725677914e+00
5.584632045552241131e+00
3.541529239953492780e+00
3.326940826958501241e+00
3.016515570256728118e+00
3.337542344365938884e+00
1.889876953083962752e+00
2.498189329026390570e+00
1.298644961159498568e+00
2.450884054026480907e+00
1.776621913928039254e+00
2.625322598408428298e+00
2.424242831325706504e+00
2.034644340251123396e+00
1.453824676492778689e+00
2.730248410164944683e+00
2.676626162707654188e+00
1.736779001486333573e+00
1.595682536253112405e+00
2.736700035766627792e+00
2.130188257909810368e+00
2.736311476833989786e+00
2.646848403796112414e+00
2.835867005405741104e+00
4.318483904218764380e+00
2.438663056916624772e+00
2.715467847445990568e+00
3.274872261629229175e+00
1.662095417028929933e+00
1.226539680847394287e+00
2.020339809983482393e+00
2.678836560584346493e+00
5.861250175432761722e+00
2.344521706058672716e+00
2.837566005536545699e+00
2.708196391841040995e+00
3.431646626160346880e+00
3.024854751168445599e+00
4.581704250798180666e+00
3.619676861285891167e+00
2.762042017258311777e+00
2.003573658505427790e+00
1.634911589225933159e+00
2.686744020075014561e+00
2.912152935827375888e+00
2.583691449980376920e+00
3.863372603024304297e+00
3.275790576556130151e+00
2.424436268727879540e+00
3.312823338915980909e+00
2.500949812454456911e+00
2.554182713300487961e+00
3.311193758959610989e+00
2.025008970001640929e+00
3.878967604394878421e+00
3.656063236690507257e+00
2.334850572111204503e+00
3.475519960267769992e+00
3.001340866514675021e+00
1.918532129180097856e+00
2.034811844604275777e+00
4.385312918053407394e+00
2.098217339992709096e+00
3.533546569450001229e+00
2.271972583794914069e+00
1.519427312064232760e+00
4.848966787048950344e+00
2.974400711969219291e+00
3.008194410679330133e+00
4.225980100053539523e+00
2.337408273149925275e+00
1.754091079382694929e+00
2.885371056402349588e+00
3.087928053464054745e+00
2.845430161593589080e+00
1.878440575166110627e+00
2.618441457452743037e+00
2.057315824442800700e+00
2.277324789041605069e+00
1.610490603452813252e+00
3.126239093460008167e+00
3.121029740917941719e+00
1.762038607317844452e+00
3.967303361687095631e+00
2.293005706460728099e+00
1.385801961540680249e+00
2.827024337904049389e+00
3.078500519957148907e+00
3.219274112372711993e+00
3.166143938384696987e+00
3.284662515815218065e+00
2.696690725049568638e+00
2.285068476361404421e+00
3.324366905306781028e+00
1.589334979385883528e+00
2.348717267510168405e+00
2.969276655184871938e+00
1.709550446445739613e+00
2.240061931069492474e+00
1.197114752024400319e+00
1.699325806195285615e+00
2.490176722838661316e+00
3.117620342245245979e+00
2.354373553101452465e+00
3.962046406355318240e+00
5.401847712597121820e+00
4.490352686395982396e+00
2.653192733496293254e+00
2.638331096219206362e+00
2.841681438938261195e+00
4.108391519770512090e+00
1.708463609734323763e+00
3.778975793135217032e+00
2.068813053363723675e+00
3.887297797712796488e+00
3.688881367964569336e+00
3.410820649566538521e+00
3.001293714405172341e+00
2.545073519550346219e+00
2.477628336317653446e+00
1.571399865587667088e+00
3.229202529264528110e+00
2.023238670493422653e+00
3.961070806426575608e+00
3.513969640521790616e+00
3.074195858752737820e+00
3.668972970008636647e+00
2.796937908027914421e+00
2.721917249474585798e+00
2.890664877621172302e+00
2.633429414984932215e+00
2.943780226865568395e+00
2.250273455151431623e+00
4.266174066982210356e+00
1.770409385880464814e+00
3.722056598472239131e+00
2.586866023028124406e+00
2.172158294711833193e+00
3.867261307177530583e+00
2.558079690754516466e+00
3.493678688500304386e+00
4.382191954115596921e+00
1.980029390883917051e+00
1.959453393326767268e+00
5.073747762204591893e+00
2.873886222585405825e+00
4.782600865325447259e+00
2.695242378981019815e+00
5.393543972803545472e+00
2.213701118815403213e+00
5.502510634591123662e+00
4.259197816286197202e+00
2.825386431175114677e+00
2.755435734593587149e+00
2.743620450177925996e+00
2.343562850277815635e+00
2.564008765495775499e+00
2.701948638458436136e+00
3.494673002764852932e+00
1.571700965935577621e+00
2.890067744682606854e+00
2.081228450250740991e+00
3.724276843507042578e+00
1.651498062185286386e+00
3.090414920065064575e+00
2.219925711977912108e+00
4.843072806984856982e+00
4.535186131435856360e+00
4.857737209028626602e+00
5.248742396150384515e+00
4.187777195780183703e+00
2.751205651477984127e+00
3.512189710916704399e+00
2.773706205096116761e+00
5.230566852018984747e+00
3.064513519302844546e+00
3.085334741631703181e+00
2.401826574576841011e+00
2.821588413767442738e+00
1.564398998812012831e+00
3.732690131533202393e+00
3.502886519566016599e+00
2.155120206440811703e+00
3.814555972714046117e+00
3.842297411061682322e+00
4.450455461403736379e+00
3.064337165233178784e+00
3.001067786106305313e+00
3.930157019113141192e+00
8.109181005366563610e-01
4.232807408779533098e+00
2.688071710686737781e+00
3.971508491218853187e+00
2.183117044088673797e+00
3.117135253703962938e+00
2.265367000749584747e+00
2.625071744981869681e+00
2.543604368783796588e+00
3.431597780961355593e+00
3.410586383816844425e+00
2.140087314217197001e+00
1.967302731318964382e+00
2.766564971080017088e+00
2.762022104605411421e+00
2.867221720710932065e+00
3.593047582333687373e+00
3.144496416723366661e+00
3.154113086924490439e+00
3.680350489913551737e+00
2.321799826451502291e+00
3.987803688075114650e+00
2.886469762596850064e+00
3.675698540402623227e+00
3.992163530424500895e+00
2.541373168526507076e+00
1.792839186852382305e+00
2.001953885256849475e+00
3.898662885899427444e+00
3.073994296320758934e+00
2.441536532274040994e+00
3.836534975034064487e+00
3.548269417699183137e+00
3.938124547511447027e+00
3.406285097630355807e+00
3.683795948058953940e+00
2.916590651191696359e+00
2.579061604926468743e+00
2.509619804713763003e+00
3.094584869283736328e+00
2.041992224534914246e+00
2.663416988039442934e+00
2.222914592129084266e+00
3.760067000020699712e+00
2.583614485731302590e+00
2.997013128336143417e+00
4.089036250290435603e+00
2.909198634059483535e+00
3.074123575204307013e+00
2.833102437615174107e+00
2.633423459050925342e+00
2.497477119041923377e+00
2.590007999721727572e+00
1.232445926663949809e+00
3.182618257508637249e+00
3.406922408927752777e+00
1.860518756034011290e+00
2.399268355329836400e+00
3.371543656899142150e+00
3.481580898912647992e+00
2.566669781559024255e+00
2.458670977444508576e+00
1.921389059323789450e+00
2.615906632798720377e+00
2.451069799793952786e+00
2.757929164589096871e+00
3.675667643250007277e+00
2.920567840310448471e+00
3.975455561291839857e+00
3.029252584204626952e+00
2.712094493621997948e+00
2.495097702833246611e+00
2.717755832815783368e+00
2.913072430211550934e+00
2.094914522341505325e+00
3.340863474912866948e+00
2.792005239933455840e+00
3.755350937803351830e+00
3.501304959367455449e+00
3.157283233196750860e+00
1.509393224283327006e+00
2.940497270323792378e+00
2.198019533513654533e+00
2.161075686200602419e+00
3.653127451296064088e+00
9.567131578873420139e-01
3.442739190219466394e+00
6.656761835466119770e+00
1.886784172362748979e+00
3.539004719999796045e+00
1.019857005464142263e+00
3.559244364910026270e+00
2.296840207791506661e+00
2.053184192043864265e+00
3.627106816198743644e+00
1.232412002274670820e-01
6.650438682732966456e+00
1.574070794054354128e-01
2.029191285955171065e+00
1.773429894251345562e+00
3.926406987225534717e+00
2.793853244727319662e+00
3.079366282580757730e+00
2.760308752846760250e+00
2.145235257143029983e+00
3.340944384911327170e+00
3.110802372916064318e+00
2.789107375775334852e+00
3.316787422167102761e+00
3.567003624423048080e+00
1.408724178206156585e+00
7.070096058276599926e+00
-3.065354737455919798e-01
2.826321929481852013e+00
2.000122960501096614e+00
7.131403490578536175e-01
1.456369652819659244e+00
8.425116000508674485e-01
1.035474296456894372e+00
4.410771367509755514e+00
1.512540687297144526e+00
3.355218431580810456e+00
5.673056259792768508e+00
5.880666463339408345e+00
4.133678110246806980e+00
2.025710180576375752e+00
5.044632740432296814e+00
3.557744053731751066e+00
2.623363742508389329e+00
3.534693291660591541e+00
3.615475647857796293e+00
3.709320701677484955e+00
3.439850919462595247e+00
5.427554075939700517e+00
2.620306853345269804e+00
3.113004171176779522e+00
2.387068090921053987e+00
3.831605368223832908e+00
2.733946964779418121e+00
3.716237002635011333e+00
1.960660384473101425e+00
4.547587376186144503e+00
3.006159401660136066e+00
3.695769069227775372e+00
4.632822132632180789e+00
5.361115305330177883e+00
4.925103008025748963e+00
3.090317358439963247e+00
3.895451035088149716e+00
5.333994770667247032e+00
3.665069668981889794e+00
4.205549647197429408e+00
2.365793345802956082e+00
3.802785993969806100e+00
3.002784594930234974e+00
2.655997076337467622e+00
2.367430266647251091e+00
3.762350003339888449e+00
1.242530123683204035e+00
3.083725032442004022e+00
8.539226526549286156e-01
2.458653377669627549e+00
3.076487121023609106e+00
4.798449672520415099e+00
3.469392184008563085e+00
3.930684119111057750e+00
2.507406485037586563e+00
3.853526412204776097e+00
2.401290688574246435e+00
3.739331557026295272e+00
4.221977369062089203e+00
4.076804390918462140e+00
1.190145720672327379e+00
1.402418780958961220e+00
4.191046389099707170e+00
2.252740829327755101e+00
3.946995548448293700e+00
3.755265793672451835e+00
3.160161834388852231e+00
3.543055121548237540e+00
2.656882247245783812e+00
3.669415771054252318e+00
2.734472557827948069e+00
3.054032565905213659e+00
2.212565362727406892e+00
4.734819899348724270e+00
6.730535491978229423e+00
3.608928936944013177e+00
3.971286370799943732e+00
2.060922980858007403e+00
2.160843175855892362e+00
4.332700187090932964e+00
3.575534508124141642e+00
1.974626398394794702e+00
3.278868150331936793e+00
7.535907899874301208e-01
1.181894125666216044e-01
9.682242901557449599e-01
4.190734181233330413e-01
7.009694800133984272e-01
3.568620736656701542e+00
1.437004348272356902e+00
2.840950146186292269e+00
1.862050892644683930e+00
1.735634111122023926e+00
2.397900504515122488e+00
3.656262868845236547e+00
3.113382209000816192e-01
2.179743924696885937e+00
5.271876480831668488e+00
6.250485159756397735e+00
2.830295368798345201e+00
2.530415480181457788e+00
7.124506488209759958e+00
5.698977124817853124e+00
4.642096322967303124e+00
1.273988966463673433e+00
7.886217672763591757e+00
6.059525229164628435e+00
2.688882696649843584e+00
4.022127636578898269e+00
6.131836310726553663e+00
7.426473871654943437e+00
4.282824263003951692e+00
5.242472398837151992e+00
4.941719550551578521e+00
5.196374113333968481e+00
4.390627845705273202e+00
3.757297875392310527e+00
5.703726224343964368e+00
1.825723354425461409e+00
2.842747472327059377e+00
4.271928232074259313e+00
1.753343359759047981e+00
6.712183718575109204e+00
5.595318971926760199e+00
3.026468227174329062e+00
3.673289952809919878e+00
3.557600912265752147e+00
2.765414729215931899e+00
3.223451716756913221e+00
-2.670055465387710658e-01
1.426449916220527747e+00
6.078867469755912245e-02
2.452439043028833865e+00
2.053987793534201245e+00
3.749323770503515618e+00
2.748376174032236552e+00
1.407749980799168243e+00
6.193153376970768953e+00
3.155108736698322591e+00
3.182381753794046197e+00
5.288819249027668867e+00
3.161729821666509288e+00
3.912165509277663600e-01
3.751719529140886689e+00
4.530149811645832081e+00
7.148551116690101681e-01
3.879300246201089486e+00
4.912272696421730700e+00
2.225100685864083605e+00
3.880213985760922579e+00
1.872647484054898337e+00
5.093321013465833325e+00
2.513222832227139936e+00
9.325942098113180201e-01
2.634836759034191900e+00
7.069553069878420359e+00
1.076740604931734346e-01
2.539949566374576140e+00
2.499813662529506431e-01
1.478434174872299334e+00
3.240913036781692735e+00
4.343361651056119044e+00
2.524501832848540683e+00
1.864943856854900162e+00
4.655776379149419858e-02
3.467942223012044245e+00
4.257950739961760434e+00
3.818039822256841909e+00
3.798351356701123560e+00
6.172649668806748480e+00
4.099812691920660335e+00
3.292670043184995787e+00
6.274291517340342850e+00
3.831156079131037728e+00
4.530837676851555251e+00
-2.388568020672099668e-01
5.361558946939398496e+00
1.836480076769447134e+00
2.642873739722474191e+00
4.085419537602438922e+00
3.669611314042558359e+00
3.391317973331770208e+00
8.092757215540014926e+00
3.833040394962558217e+00
3.722410484725399815e+00
4.585818199959284414e+00
2.867957455062984717e+00
3.663240827434634639e+00
6.222801061574261716e+00
2.907299460969668292e+00
3.873869025203775074e+00
5.270619831983067272e+00
2.942086963976311864e+00
7.055655174605646174e+00
-3.346469912930245538e-01
2.249289165631654708e+00
5.151553997490316839e+00
1.706137108522469692e+00
3.218604906924869891e+00
4.176098973331092701e+00
2.564233339263754630e+00
2.325906357734003116e+00
6.471147640506634602e+00
2.091897205899066581e+00
4.373164953955438250e+00
3.305613450606533998e+00
-3.155104433671969411e-02
-2.733663013211684589e-01
5.466424636398710568e+00
1.305627957209282819e+00
3.804826251231392842e+00
3.355463752251282905e+00
2.948563280215420690e+00
3.673612078495543720e+00
3.150208146702988987e+00
3.108438852275203779e+00
4.203520001618654689e+00
4.126060060995274448e+00
6.986123011611754308e+00
3.727369740457543656e+00
3.377045334367541951e+00
2.276986208273207524e+00
2.408104337825152097e+00
2.637580327012349457e+00
3.250619967204414262e+00
1.147112234565199618e+00
5.955832878485488813e+00
5.116735045196195486e+00
5.178869703577594130e+00
2.471458053018953827e+00
3.121457452584216696e+00
3.384109627094411543e+00
3.505417871119814066e+00
3.492954139367854705e+00
3.527124809504321501e+00
2.937821197745076773e+00
3.855165798594078375e+00
6.813259168509839814e-01
4.040797247618605148e+00
3.799235830024995320e+00
2.912144119357257033e+00
5.076755694865269675e+00
3.457975847194918462e+00
2.851474995514811983e+00
2.700952679829504710e+00
3.392589464876393457e+00
4.015030215791728807e+00
4.146572401993741330e+00
3.329351771393006754e+00
3.351702417195240979e+00
9.358669526066220046e-01
4.230220551970833576e+00
4.149966246202315467e+00
3.077711932593288235e+00
3.340102191974183121e+00
3.794978778103642370e+00
2.399162409289460562e+00
5.135910170795878749e+00
4.280485322971811613e+00
4.028941418636377669e+00
3.739727709081974272e+00
4.598142236053624821e+00
3.094271031691822493e+00
3.061506755632720012e+00
4.500168717013375286e+00
3.550957919642635741e+00
3.492295914369254906e+00
3.776088089795772706e+00
3.163111103147746572e+00
2.771107145353670198e+00
1.962788366746833102e+00
5.329603779234575178e+00
5.686829377957995924e+00
5.123535140598678872e+00
2.127098103427190467e-01
4.166412538915647445e+00
3.118389855767672358e+00
5.136272502651946681e+00
4.776973060762506051e+00
3.634954840755947547e+00
1.051541561838758554e+01
5.531279218527513031e+00
3.942898295854711410e+00
2.667833051390124499e+00
4.476218448710794107e+00
5.120097462829548363e+00
5.293040005097609857e+00
4.330364546752122124e+00
3.598377434643125206e+00
2.917873191125863297e+00
2.375924101463962324e-01
2.817610838538779916e+00
-2.877937359790136984e+00
1.400816335887406083e+01
2.673058289391087694e+00
5.261156401528261028e+00
2.359457597605872259e+00
5.114096336885662453e+00
1.496609393828704393e+00
3.819246021754888254e+00
3.815030695299205910e+00
3.024447992084577486e+00
1.347292412502506975e+00
-3.480631448858133581e-01
4.851202286271835362e+00
-3.888874249029924401e-01
2.865671973486175528e+00
2.568425774029079456e+00
2.977057624528181901e+00
1.174964543356713742e+00
4.049899220517871434e+00
1.111508151125889743e+00
4.624979804531616168e+00
4.798877947049316361e+00
3.374363841384762974e+00
3.506399711357838234e-01
8.579493176180065461e+00
3.624982109476250436e+00
8.428121128020565678e+00
4.886963774536952521e+00
4.691994590767563089e+00
8.505197886272389818e-01
9.702052498344664322e-01
2.877682748511657618e+00
1.427400332567125396e+00
1.280165271351552470e+01
-8.311516927804793453e-02
4.949700274604770023e+00
4.960032761299180137e+00
8.724683189603931410e+00
4.130315757331717741e+00
4.804003079368532880e+00
4.216179555604139040e+00
3.240555648655542686e+00
2.387285958035805233e+00
4.566976808892318829e+00
-5.801903607477788549e-01
4.251187571676501520e+00
6.780031664906044142e+00
5.703850880367305365e+00
2.149792050637263419e+00
3.989833170864462097e+00
4.872034083210252220e+00
4.641809647035643138e+00
4.252083030229455218e+00
3.792586482200428488e+00
2.444003644529443964e+00
2.527338480904707918e+00
3.963241523847838899e+00
5.879626588119623243e+00
6.046842666355111362e+00
3.885734937216748897e+00
6.668407906065795920e+00
1.213417060099348355e+00
2.610440949396676036e+00
3.566262693435338971e+00
5.241587839863183440e+00
2.439864998239491101e+00
4.601665078094008265e+00
3.412146879056497273e+00
2.742653794896274366e+00
3.349961122318391382e+00
2.780672416437581340e+00
4.651803180042850983e+00
5.426504378340457180e+00
2.851787528604643462e+00
2.665360741384903864e+00
4.403242822013681668e+00
4.374636236061498096e+00
5.751296366444243802e+00
7.387572808430153959e-01
2.730266800871812283e+00
3.923295296607200555e+00
1.088367651719006179e+00
1.861354043770933941e+00
1.778197957956005215e+00
5.436658218679419896e+00
3.082151521919373582e+00
7.110136206397657532e-02
3.663877972768774249e+00
6.573825230198116820e+00
6.588331312950294283e+00
3.468729561190094124e+00
4.698336389564688353e+00
7.456391626024657882e+00
3.709928174851622629e+00
1.601194141806427940e+00
4.518260887244705870e+00
1.230487404748646485e+00
-1.713719200681792232e-01
7.530120530170993476e+00
1.910641658234471185e+00
3.407742670543022268e+00
3.937920486292702638e+00
4.431688457300608341e+00
3.370568563949884577e+00
5.376998833761830632e+00
4.479043249304217156e+00
5.462996969866527053e+00
3.136300017310771349e+00
3.222867978462159222e+00
2.854904360579686884e+00
3.309117232738556069e+00
3.279374198866214840e+00
3.125683279460964137e+00
4.246178455597124035e+00
4.152921026832144591e+00
3.022252782024965168e+00
4.718261128948561201e+00
3.707035823625822957e+00
5.721139771199089452e+00
4.399374645121825189e+00
4.796367751246666700e+00
2.835739622899920764e+00
4.488939389932298241e+00
4.043563046278300988e+00
3.247179904789786464e-01
2.450256269932674424e+00
1.680240783060444221e+00
2.546823069797034655e+00
6.334670946848589779e+00
1.450322919584074111e+00
-2.984655647953987856e+00
2.585622953969906046e+00
2.783535761410208753e+00
2.505477952297165078e+00
1.192213361979843178e+01
6.081319166197097559e+00
1.336223901231313516e+00
4.563203787952811119e+00
7.269995487376450072e+00
6.446267706742450976e+00
3.580428386926076900e+00
5.462103620392352532e+00
2.974751443537976048e+00
6.165960359177588224e+00
-5.399808532948134676e+00
-3.056096077853527770e+00
-2.010520681263448850e+00
-4.388215147714019437e+00
-2.435865820078892074e+00
9.754314895124874596e+00
1.970733854880194480e+00
-9.427664992180467829e-02
8.779685916708825033e+00
4.282021101148569264e-01
7.105164562701469233e-01
4.291451579292774099e+00
5.334334958648651259e+00
6.988664026911596494e+00
4.734159365209462678e+00
1.243413416988383258e+00
2.514476872402449548e+00
1.199100110509000006e+00
4.363327329211538874e+00
8.161406944128850316e-02
1.048582889476549163e+01
3.803105927352388171e+00
-3.274565370766606698e+00
4.603202509685191401e+00
1.915005495872807773e+00
8.560887983503464582e+00
3.710937108588416411e+00
3.331621686749850486e+00
-1.242407983918937253e+00
4.719239142792210906e+00
2.807872904600183794e+00
3.199564498141341140e+00
5.912515335072054956e-01
3.275960327840772734e+00
7.096931306323232214e+00
2.157885287282206577e-01
6.165250348822395310e+00
8.661121899846094152e+00
9.692173723457004897e+00
2.063261201114544807e+00
1.067901233671920203e+01
2.301688094574142252e+00
2.334826538097381388e+00
-1.778010053402104163e+00
-2.730636432241642542e+00
7.566030745998711393e-02
-7.023015476252372213e-01
7.011775988730982734e-01
2.869727645297851737e+00
4.860062750357728056e+00
4.664620661143086267e+00
5.384627327267195618e+00
4.402155924181361257e+00
7.089097114768074803e+00
5.795690653467150226e-03
8.259974206705398281e-01
2.230373922839414824e+00
4.714287786446818451e+00
2.774698273344258670e+00
2.290935617562826376e+00
2.574785915407449277e+00
5.349563979643271239e+00
6.594537240877655471e+00
5.552565040542611463e+00
4.705422384911925882e+00
5.972387994661636945e+00
1.003244183897989394e+01
6.488743638501333066e+00
1.600560935831391873e+01
1.979850405854597284e+01
1.743461371432296758e+01
2.260942146577237111e+01
1.098297960348098989e+01
8.728795698292314498e+00
1.983285290685836033e+00
7.681805056546548549e+00
6.532703840263926587e+00
8.200717255450836518e+00
5.999846556010854925e+00
6.903050302999573340e+00
6.033605773434331354e+00
6.554601726082076141e+00
4.174131434662977647e+00
3.749709898651549356e+00
5.055016343644690657e+00
2.108362190036033645e+00
5.932981830700151171e+00
6.867419752008657063e+00
7.998056793214543880e+00
3.476422345433875183e+00
5.172926636706487002e+00
5.189718675488015798e+00
4.682215293162752978e+00
3.626653654919075098e+00
5.616188834391220297e+00
6.004450515639820019e+00
2.411963148146324620e+00
4.241755358255217878e+00
4.031105217489699299e+00
3.475328026113688740e+00
1.176195045056446009e+00
3.222931553500141710e+00
4.886435073761029813e+00
3.963867491219065453e+00
1.236802849771090340e+00
5.593885126444939182e+00
2.698014157961984516e+00
5.802469506774643015e+00
3.792706965029744470e+00
3.529028644317856678e+00
4.846091304095001995e+00
1.274993852171616204e+00
4.780975970098753081e+00
2.696234236579131416e+00
4.633889086439813454e+00
4.222166619893188866e+00
5.166248506621636594e+00
4.476601831602508241e+00
