6.001390363768696261e+03
6.004930681773124888e+03
6.008764218225500372e+03
6.011736773364344117e+03
6.014709311341722241e+03
6.017682684602727932e+03
6.020656613353525245e+03
6.023631097043221416e+03
6.026606136537353450e+03
6.029581757613374066e+03
6.033471302098375418e+03
6.037078023211624895e+03
6.040627196852716224e+03
6.044467835240273416e+03
6.047445803251360303e+03
6.050426349672713513e+03
6.053406502482884207e+03
6.056386886207340467e+03
6.059368076022353307e+03
6.062350325246648026e+03
6.065331828965081513e+03
6.068314570607753922e+03
6.072212618603120973e+03
6.075828968848415570e+03
6.079387464528737837e+03
6.083236454898191369e+03
6.086222340745388465e+03
6.089208651946550162e+03
6.092196119136631751e+03
6.095183753394965606e+03
6.098171869578206497e+03
6.101160654928985423e+03
6.104149910859272495e+03
6.108055383429444191e+03
6.111680499811827758e+03
6.114672034891129442e+03
6.118241571847976957e+03
6.122096781730947441e+03
6.125089806743448207e+03
6.128083367532414741e+03
6.131077463554463975e+03
6.134072094265865417e+03
6.137067259133981679e+03
6.140062957847746475e+03
6.143059199929495662e+03
6.146056172617563789e+03
6.149970664295355164e+03
6.153605331365428356e+03
6.157181751194842946e+03
6.161047745497881806e+03
6.164047829243428168e+03
6.167049209344807423e+03
6.170049067351033955e+03
6.173050708437112007e+03
6.176052768270013075e+03
6.179055339893129712e+03
6.182058148209723186e+03
6.185062104950561661e+03
6.188985090116711035e+03
6.192628856195527078e+03
6.195634339292261757e+03
6.199220882011007234e+03
6.203095438085107162e+03
6.206103608120660283e+03
6.209110105527493943e+03
6.212119421648051684e+03
6.215128298853852357e+03
6.218138316602790837e+03
6.221148276638550669e+03
6.224159811528535101e+03
6.227169132561674814e+03
6.230181189906446889e+03
6.234113055025823996e+03
6.237765776490234202e+03
6.241361609521497485e+03
6.245243816848691495e+03
6.248258923553360546e+03
6.251273993192803573e+03
6.254289568414079440e+03
6.257305656209854533e+03
6.260322256043552443e+03
6.263339400760817625e+03
6.266357741397306199e+03
6.269375801099156888e+03
6.272393986692194630e+03
6.276335054480805411e+03
6.279998254007648029e+03
6.283018541632207416e+03
6.317734230272800232e+03
6.321685206116555491e+03
6.325358222439564997e+03
6.328385788737966323e+03
6.332000978310622486e+03
6.335901932380430480e+03
6.338930520194219753e+03
6.341962033154810342e+03
6.344992373607908121e+03
6.348023608066170709e+03
6.351055700890823573e+03
6.354087928418459342e+03
6.357121022888743937e+03
6.360153811106909416e+03
6.363187514965074115e+03
6.366221943283101609e+03
6.370182149470918375e+03
6.373865266579473428e+03
6.376901184643848865e+03
6.380526171989001341e+03
6.384437237532087238e+03
6.387475674792999598e+03
6.390513830027864969e+03
6.393551476853763234e+03
6.396590567947751879e+03
6.399630152300954251e+03
6.402670341844293034e+03
6.405710948130975339e+03
6.408751803748756174e+03
6.411793327934139597e+03
6.414835337165804049e+03
6.418805784659394703e+03
6.422498209889207828e+03
6.425542302157480663e+03
6.428586497039806090e+03
6.432221697034079625e+03
6.436142939141065654e+03
6.439188783264724407e+03
6.442234585520821383e+03
6.445281991979925806e+03
6.448329284237951470e+03
6.451377093666269502e+03
6.454426241458294498e+03
6.457477338205356318e+03
6.460531150080598309e+03
6.463585755299241100e+03
6.466640870399482083e+03
6.470615171653523248e+03
6.474319868201834652e+03
6.477367035951455364e+03
6.480412157413620662e+03
6.484056961506751577e+03
6.487988822541652553e+03
6.491041793173307269e+03
6.494096094699211790e+03
6.497150560974890141e+03
6.500207361318205585e+03
6.503262630667949452e+03
6.506318572534263694e+03
6.509375359706245035e+03
6.512432615287806584e+03
6.515490338763490399e+03
6.518548552121076682e+03
6.521607673246863669e+03
6.525599072691060428e+03
6.529313989721769758e+03
6.532372220984294472e+03
6.535433327564417596e+03
6.539088687812138232e+03
6.543030839389890389e+03
6.546093607642784264e+03
6.549156030656110488e+03
6.552219308170624572e+03
6.555282644735997565e+03
6.558347307886549970e+03
6.561411988010640925e+03
6.564477127805185773e+03
6.567542741450589347e+03
6.570609101619167632e+03
6.573675299919870668e+03
6.576742273165772531e+03
6.579809703524179895e+03
6.583812830057563588e+03
6.587537075653812281e+03
6.590605775213897687e+03
6.593675405050430527e+03
6.597341163176529335e+03
6.601294472316087194e+03
6.604365733443195495e+03
6.607438552281321790e+03
6.610509239938886822e+03
6.613581461001568641e+03
6.616654336942198825e+03
6.619727663375301745e+03
6.622801439791503071e+03
6.625875665685013701e+03
6.628950340547895394e+03
6.632025926370865818e+03
6.635105058604770420e+03
6.638181074740823533e+03
6.642193967931470070e+03
6.645925825055613132e+03
6.649003414498807615e+03
6.652081449105587126e+03
6.655757307095821488e+03
6.659721671119889834e+03
6.662801251249656161e+03
6.665881273301721194e+03
6.668961718521717557e+03
6.672042647045467675e+03
6.675123995766833104e+03
6.678205785377795110e+03
6.681288015375069335e+03
6.684370685256440083e+03
6.687453794518627546e+03
6.690537342660489230e+03
6.693621329205946495e+03
6.696705733386772408e+03
6.699790174392279368e+03
6.702875914702099180e+03
6.706902572184150813e+03
6.710648018644878903e+03
6.713734851028500998e+03
6.716822118209316614e+03
6.720508796919768429e+03
6.724486326815796019e+03
6.727574858134292299e+03
6.730664690875840279e+03
6.733754218307049996e+03
6.736842370024388401e+03
6.739934258354866870e+03
6.743024340589667190e+03
6.746115702843564577e+03
6.749205807386872948e+03
6.752299706223565408e+03
6.755392355727264658e+03
6.758485415765207108e+03
6.761578563094916717e+03
6.764672869607940811e+03
6.767767227705227924e+03
6.770862011711671585e+03
6.774901345129031142e+03
6.778657361344076890e+03
6.781752814632243826e+03
6.784849381376333440e+03
6.787946497947355965e+03
6.791644987346320704e+03
6.795635557090070506e+03
6.798734148496801936e+03
6.801833091906314621e+03
6.804932604276919847e+03
6.808032260174112707e+03
6.811130649489858115e+03
6.814228725228641451e+03
6.817330639814108508e+03
6.820436805903187633e+03
6.823535248239315479e+03
6.826636336168602611e+03
6.829739201385302295e+03
6.832841392880197418e+03
6.835945773542668576e+03
6.839050990581244150e+03
6.842158458667892774e+03
6.845263316477995431e+03
6.849316284844644542e+03
6.853084664848948705e+03
6.856192224956669634e+03
6.859297627735534661e+03
6.862404869733140913e+03
6.866114729471748433e+03
6.870117019961245205e+03
6.873225424779710920e+03
6.876334574406381762e+03
6.879444207288841426e+03
6.882553731588336632e+03
6.885663928177099478e+03
6.888774532035554330e+03
6.891885542676166551e+03
6.894996963494500960e+03
6.898109045410979888e+03
6.901222505628272302e+03
6.904333643365310309e+03
6.907446694978454616e+03
6.910560313091385069e+03
6.913673056235589684e+03
6.916788213807382817e+03
6.919902863689340847e+03
6.923017915514613378e+03
6.927084834680357744e+03
6.930865013707525577e+03
6.933980639152323420e+03
6.937098143719320433e+03
6.940215334139483275e+03
6.943332423827368075e+03
6.947053814773775230e+03
6.951071874533144182e+03
6.954190434580859801e+03
6.957309875986094994e+03
6.960429713560104574e+03
6.963549920417559406e+03
6.966670005079718067e+03
6.969791610960752223e+03
6.972913284807529635e+03
6.976034827213731660e+03
6.979157008567070079e+03
6.982279119994502253e+03
6.985402494222652422e+03
6.988526087250435012e+03
6.991649773328057563e+03
6.994773773319839165e+03
6.997897229660135054e+03
7.001023435757233528e+03
7.004148769502257892e+03
7.007274492254796314e+03
7.010400603541630517e+03
7.014482807863459129e+03
7.018275124862117991e+03
7.021402782126901002e+03
7.024530749545877370e+03
7.027659708547640548e+03
7.030787502889364987e+03
7.034520593854773324e+03
7.038553010810743217e+03
7.041682951800647061e+03
7.044812627829680423e+03
7.047942503395327549e+03
7.051073621141301373e+03
7.054205190407436930e+03
7.057338574423902173e+03
7.060470837821756504e+03
7.063603544854008760e+03
7.066736991819825562e+03
7.069869909099438701e+03
7.073003691654344038e+03
7.076137852824596848e+03
7.079272392140559532e+03
7.082407309133309354e+03
7.085542613961628376e+03
7.088678503747358263e+03
7.091814321487368034e+03
7.094950744502348243e+03
7.098087560955617846e+03
7.101225106926661283e+03
7.104362125920506514e+03
7.107499124365553143e+03
7.111598927119200198e+03
7.115404585723638775e+03
7.118544050634427549e+03
7.121683387629072058e+03
7.124822816256050828e+03
7.127964159633977943e+03
7.131106864459455210e+03
7.134850982174881210e+03
7.138899864747038919e+03
7.142041868859427268e+03
7.145184241326725896e+03
7.148326981687168882e+03
7.151470060166013354e+03
7.154612931337746886e+03
7.157757382614195194e+03
7.160901118808503270e+03
7.164046185676202185e+03
7.167191123677745054e+03
7.170336426337231387e+03
7.173482155389828222e+03
7.176628602706791753e+03
7.179774517653597286e+03
7.182921274338686089e+03
7.186068393378631299e+03
7.189215874315967085e+03
7.192363716688929344e+03
7.195511920041484700e+03
7.198660348384873032e+03
7.201808364265350065e+03
7.204958695607289883e+03
7.208108417020121124e+03
7.211258138331292685e+03
7.214408284116933828e+03
7.217559412409750621e+03
7.221676288870740791e+03
7.225495961540865210e+03
7.228647934238018934e+03
7.231800262645658222e+03
7.234952668922954217e+03
7.238103571657220527e+03
7.241256965872598812e+03
7.244410713995080187e+03
7.248170521935436227e+03
7.252240571934579748e+03
7.255395571814134200e+03
7.258551088265834551e+03
7.261706766648048870e+03
7.264862795982088755e+03
7.268018800030145030e+03
7.271173028595600954e+03
7.274333341125205152e+03
7.277490413810996870e+03
7.280648191131637759e+03
7.283806183289344517e+03
7.286963337187382422e+03
7.290120333322940496e+03
7.293282920341696808e+03
7.296443385809256142e+03
7.299602152391697928e+03
7.302762357958446955e+03
7.305922908618720612e+03
7.309083779933455844e+03
7.312244834748393259e+03
7.315406110094040741e+03
7.318565475702264848e+03
7.321726303914851997e+03
7.324888482240683516e+03
7.328047863956909168e+03
7.331210692620024020e+03
7.334383319861911332e+03
7.337547296833653490e+03
7.340711613979889989e+03
7.343876270855329494e+03
7.347040921268952843e+03
7.351176755379618044e+03
7.355012132314491282e+03
7.358179866559850780e+03
7.361345991097567094e+03
7.364513324733356967e+03
7.367680742006185028e+03
7.370848000229324498e+03
7.374015868638586653e+03
7.377184072106442727e+03
7.380959756148359702e+03
7.385047791969012906e+03
7.388219317712126212e+03
7.391389718847571203e+03
7.394559597336363368e+03
7.397728763521467044e+03
7.400897682105113745e+03
7.404068709569045495e+03
7.407240067912798622e+03
7.410411215092110979e+03
7.413579653406750367e+03
7.416755660406550305e+03
7.419928856717632698e+03
7.423101740239251740e+03
7.426277110808342513e+03
7.429448804078965622e+03
7.432622793666153484e+03
7.435797110189928389e+03
7.438971753213579177e+03
7.442146722298255554e+03
7.445322017010832496e+03
7.448497636912452435e+03
7.451673581569991256e+03
7.454849859150564043e+03
7.458026804202321728e+03
7.461204707371595759e+03
7.464380585491634520e+03
7.467557868251577020e+03
7.470736045013461990e+03
7.473914250784068827e+03
7.477092777835561719e+03
7.480271625734812005e+03
7.483450794050129844e+03
7.486630044388105489e+03
7.489808257886255888e+03
7.492990217166937327e+03
7.496170662823127714e+03
7.499351426737628572e+03
7.502532485641771018e+03
7.505713414507991729e+03
7.508895623712546694e+03
7.513057339852466612e+03
7.516910069163202024e+03
7.520092897110447666e+03
7.523276040082231702e+03
7.526459497649007972e+03
7.529643269383374900e+03
7.532827354855073281e+03
7.536011753639565541e+03
7.539196465306590653e+03
7.542381489430897091e+03
7.545566825585084189e+03
7.548752549837578954e+03
7.552546539522973944e+03
7.556659200177352432e+03
7.559846695225378426e+03
7.563032391616758105e+03
7.566220004509490536e+03
7.569407649177222993e+03
7.572595370042961804e+03
7.575784037959659145e+03
7.578972062559301776e+03
7.582161728625122123e+03
7.585350761085935119e+03
7.588539744098049596e+03
7.591730094678752721e+03
7.594920207294878310e+03
7.598110624951446880e+03
7.601301347224636629e+03
7.604492373694923117e+03
7.607683718392735500e+03
7.610875649607214655e+03
7.614067297007301931e+03
7.617260007052231231e+03
7.620452028237414197e+03
7.623644897092917745e+03
7.626838041170446559e+03
7.630031492394628003e+03
7.633225367673039727e+03
7.636419312949663436e+03
7.639613900396456302e+03
7.642808252481726413e+03
7.646002922126575868e+03
7.649198449736550174e+03
7.652393988810408700e+03
7.655589726087137024e+03
7.658783827182543973e+03
7.661981005161052053e+03
7.665176995297606481e+03
7.668375304806644635e+03
7.671573167799740986e+03
7.674771068970231681e+03
7.677968976389195632e+03
7.681167177984648333e+03
7.684365673342795162e+03
7.687564516582221586e+03
7.690763963581037387e+03
7.693962917866159842e+03
7.697162584147848975e+03
7.700362561773575180e+03
7.703563215610332009e+03
7.706763331539357750e+03
7.709964162148183277e+03
7.713165282809849487e+03
7.716366693115571252e+03
7.719568392652983675e+03
7.722770381013301630e+03
7.725972657787024218e+03
7.729175197665258565e+03
7.732377537286675761e+03
7.735581806511334435e+03
7.738789759746127856e+03
7.741992824005666080e+03
7.746185969045258389e+03
7.750062587424621597e+03
7.753262241245876794e+03
7.756467751695122388e+03
7.759672463003515986e+03
7.762878634608178800e+03
7.766084487285154864e+03
7.769290730805956628e+03
7.772497872085090421e+03
7.775703848847369045e+03
7.778911552503359417e+03
7.782117986123632363e+03
7.785325530147899372e+03
7.788533354648978275e+03
7.791741459223813763e+03
7.794949703391302137e+03
7.798157428382161015e+03
7.801367449354541350e+03
7.804576670191667290e+03
7.807786017311944306e+03
7.810994608854566650e+03
7.814813915586506482e+03
7.818962313183221340e+03
7.822173053346357847e+03
7.825384069372972590e+03
7.828595360863592759e+03
7.831806539303247519e+03
7.835015796076967490e+03
7.838231228523774007e+03
7.841443273480113930e+03
7.844655936303583076e+03
7.847868872198481768e+03
7.851082064688111132e+03
7.854295214208038487e+03
7.857509314673483459e+03
7.860723339039720486e+03
7.863937609816136501e+03
7.867151667782230106e+03
7.870367037072785934e+03
7.873582143409169475e+03
7.876797519248164463e+03
7.880013000641102735e+03
7.883228317553448505e+03
7.886446017401885911e+03
7.889662467766269401e+03
7.892879152075386628e+03
7.896095411765420977e+03
7.899312663089785019e+03
7.902530206610428650e+03
7.905748522443150250e+03
7.908966013609925540e+03
7.912184327992929866e+03
7.915402907160688301e+03
7.918621750723033074e+03
7.921841432844296833e+03
7.925065209804897677e+03
7.928284720761823337e+03
7.931504180883331173e+03
7.934719912621811091e+03
7.937940176997207345e+03
7.941161242293924261e+03
7.944381762539549527e+03
7.947603660881239193e+03
7.950824642179383773e+03
7.954046390780375987e+03
7.957268838618249902e+03
7.960490599472062058e+03
7.963713103653576582e+03
7.966935866397862810e+03
7.970158887321191287e+03
7.973382166036258241e+03
7.976605686105741370e+03
7.979829148658918712e+03
7.983053526276147750e+03
7.986277445035841993e+03
7.989502479280350599e+03
7.992727740651971544e+03
7.995952302880496973e+03
7.999177639990506577e+03
8.002403444717226193e+03
8.005629459778646378e+03
8.008855144008924981e+03
8.012081648025500726e+03
8.015308073439326108e+03
8.018534920907840387e+03
8.021762034159808536e+03
8.024989668298717334e+03
8.028216974045594725e+03
8.031444827400081522e+03
8.034672931276229065e+03
8.037901285294599802e+03
8.041129902774724542e+03
8.044359038064803826e+03
8.047587844405872602e+03
8.050817015711293607e+03
8.054045548403911198e+03
8.057276641159779501e+03
8.060506726508362590e+03
8.063736881470716980e+03
8.066967665358166414e+03
8.070198499987253854e+03
8.073429580603415161e+03
8.076660906832232286e+03
8.079892486014658971e+03
8.083124461269926542e+03
8.154288514595159540e+03
8.157525096965012381e+03
8.160760492089263607e+03
8.163998274625480917e+03
8.167236219233963311e+03
8.170474531170738373e+03
8.173713052620350027e+03
8.176951808191524833e+03
8.180190797520582237e+03
8.183430020239543410e+03
8.186669475986157522e+03
8.189909322177835747e+03
8.193150284003952038e+03
8.196388891183925807e+03
8.199629621948281056e+03
8.202870197523141542e+03
8.206110776845082000e+03
8.209351886345059029e+03
8.212591019967443572e+03
8.215835081111887121e+03
8.219077364816428599e+03
8.222318764904746786e+03
8.225560988625955360e+03
8.228803469622725970e+03
8.232046746081281526e+03
8.235289028216544466e+03
8.238532163022051463e+03
8.241775502028332994e+03
8.245018938305465781e+03
8.248262927241676152e+03
8.251506967385581447e+03
8.254751232965618328e+03
8.257995723626692779e+03
8.261240439010851333e+03
8.264485375240717985e+03
8.267730255167036375e+03
8.270975929928001278e+03
8.274221540633525365e+03
8.277467374279516662e+03
8.280713430509449609e+03
8.283959708968230188e+03
8.287206209302199568e+03
8.290452931153402460e+03
8.293699874171043120e+03
8.296947014861778371e+03
8.300193922676635339e+03
8.303442026677388640e+03
8.306689850819879211e+03
8.309937894360504288e+03
8.313186171879513495e+03
8.316434977351505950e+03
8.319683713480346341e+03
8.322932600057914897e+03
8.326181931279317723e+03
8.329431999015812835e+03
8.332681952227998408e+03
8.335931478132852135e+03
8.342432301610791910e+03
8.345681676561480344e+03
8.348931402016551147e+03
8.352182265787556389e+03
8.355433325244290245e+03
8.358684231465966150e+03
8.361936142268506956e+03
8.365187861759541192e+03
8.368439794357282153e+03
8.371691915527457240e+03
8.374943775211078901e+03
8.378196867321454192e+03
8.381449589151121472e+03
8.384702104722484364e+03
8.387955312680172938e+03
8.391209024662233787e+03
8.394462882180441738e+03
8.397716650145323001e+03
8.400970765082278376e+03
8.404225038945784036e+03
8.407479911680436999e+03
8.410734153536986923e+03
8.413988927528875138e+03
8.417243306105845477e+03
8.420498604250662538e+03
8.427010615172172038e+03
8.430266266203920168e+03
8.433522983820172158e+03
8.436778986909828745e+03
8.440035254643205917e+03
8.443291364883287315e+03
8.446549212360563615e+03
8.449806360830767517e+03
8.453063873867280563e+03
8.456322459864197299e+03
8.459578683695041036e+03
8.462836993350247212e+03
8.466095159450947904e+03
8.469353528068597370e+03
8.472612098865291046e+03
8.475870871501680085e+03
8.479129845645586101e+03
8.482388848050803063e+03
8.485646589408566797e+03
8.488908121574662800e+03
8.492167726417692393e+03
8.495427305407740278e+03
8.498688673312313767e+03
8.501948278702298921e+03
8.505208852848956667e+03
8.508469625497738889e+03
8.511730695783722695e+03
8.514992226109927287e+03
8.518250775433578383e+03
8.521514789238437515e+03
8.524778640026028370e+03
8.528038411263994931e+03
8.531300564112185384e+03
8.534562912809329646e+03
8.537549950000049648e+03
8.539517023814398271e+03
8.542779864120579077e+03
8.546043026711358834e+03
8.549307179669302059e+03
8.552570080948207760e+03
8.555833155318683566e+03
8.559096683446543466e+03
8.562360983312320968e+03
8.565625179698869033e+03
8.568889568477950888e+03
8.572154149325977414e+03
8.575418921915059400e+03
8.578683846870078924e+03
8.581948782842975561e+03
8.585215291254611657e+03
8.588479794659662730e+03
8.591746945953798786e+03
8.595011413899768741e+03
8.598276501738901061e+03
8.601543966318628009e+03
8.603411463151909629e+03
8.606383471871589791e+03
8.609650226808667867e+03
8.612917123972953050e+03
8.616184324523208488e+03
8.619451650592740407e+03
8.622719163715541072e+03
8.625986741042683207e+03
8.629253806334410910e+03
8.632522822217750218e+03
8.635791080360662818e+03
8.639059523957501369e+03
8.642328152687534384e+03
8.645596966234330466e+03
8.648865964278595129e+03
8.652135139908918063e+03
8.655404386193946266e+03
8.658674406410445954e+03
8.661943803516480330e+03
8.665213893351045044e+03
8.668483809173378177e+03
8.671754089799700523e+03
8.675024552384869821e+03
8.678295196613882581e+03
8.681566000631404677e+03
8.684836643598982846e+03
8.688108831560130056e+03
8.691379583656911564e+03
8.694651131375841942e+03
8.697922858851468845e+03
8.701194765768803336e+03
8.704466851814269830e+03
8.707739151227036928e+03
8.711012340696361207e+03
8.714284949800843606e+03
8.717557434445601757e+03
8.720829979036465375e+03
8.724103273972390525e+03
8.727376443510747777e+03
8.730649951354358564e+03
8.733923635522594850e+03
8.737197517104767030e+03
8.740471993619141358e+03
8.743745719002381520e+03
8.747019945350190028e+03
8.750294693572895994e+03
8.753569637620215872e+03
8.756844749839365249e+03
8.760119419480799479e+03
8.763394676676254676e+03
8.766670107113621270e+03
8.769945710486488679e+03
8.773221486487016591e+03
8.776497434813089058e+03
8.779773423699825798e+03
8.783048834986568181e+03
8.786326310673321132e+03
8.789602945238904795e+03
8.792879750603711727e+03
8.796156726412649732e+03
8.799433872370762401e+03
8.802711183655674176e+03
8.805988575098293950e+03
8.809266328368144968e+03
8.812544152063608635e+03
8.815821406102832043e+03
8.819094619963248988e+03
8.822378617479022068e+03
8.825656773529086422e+03
8.828935794693363277e+03
8.832214625943588544e+03
8.835493624068412828e+03
8.838772788765720179e+03
8.842051692102473680e+03
8.845327836523772930e+03
8.848607600669251042e+03
8.851623777239508854e+03
8.853588351964484900e+03
8.856871685167672695e+03
8.860151928186127407e+03
8.863432335534833328e+03
8.866713334516820396e+03
8.869997776670701569e+03
8.873281866287014054e+03
8.876562921594028012e+03
8.879843637401650994e+03
8.883120819060821304e+03
8.886399892293316952e+03
8.889681474774406524e+03
8.891548706830941228e+03
8.894543923741044637e+03
8.897827267873331948e+03
8.901108146386084627e+03
8.904390069884299010e+03
8.907673145272125112e+03
8.910955471877008677e+03
8.914238823795545613e+03
8.917522656339613604e+03
8.920805882522672619e+03
8.924089265020638777e+03
8.927373218970353264e+03
8.930656042039585373e+03
8.933938825239723883e+03
8.937223911914108612e+03
8.940507588786154884e+03
8.943792136737385590e+03
8.947075973529672410e+03
8.950361383197401665e+03
8.953646191841957261e+03
8.956931156496444601e+03
8.960216276874494724e+03
8.963501405346636602e+03
8.966785867281141691e+03
8.970071464136733994e+03
8.973358196799708821e+03
8.976643328920134081e+03
8.979930147153107100e+03
8.983216455703148313e+03
8.986502823155497026e+03
8.989789592896942850e+03
8.993076457861732706e+03
8.996362796922476264e+03
8.999649751759890933e+03
9.002936624878910152e+03
9.006224152995077020e+03
9.009511574971687878e+03
9.012799260450856309e+03
9.016087737136431315e+03
9.019374746798324850e+03
9.022662771771159896e+03
9.025950946790386297e+03
9.029239271576796455e+03
9.032527857647870405e+03
9.035817087784131218e+03
9.039104067210231733e+03
9.042394536542904461e+03
9.045683132218644459e+03
9.048972349737683544e+03
9.052261715070908394e+03
9.055551227937670774e+03
9.058840888064496539e+03
9.062130695173611457e+03
9.065420648295674255e+03
9.068710734267941007e+03
9.072000995626985969e+03
9.075028422063332982e+03
9.076996979714906047e+03
9.080287958558690661e+03
9.083578716838837863e+03
9.086869629505228659e+03
9.090160852983015502e+03
9.093451439696484158e+03
9.096743196324774544e+03
9.100034676418059462e+03
9.103326300055827232e+03
9.106618189783459457e+03
9.108487381854896739e+03
9.111494030611582275e+03
9.114786982054083637e+03
9.118079652471389636e+03
9.121372383996007557e+03
9.124664952958675713e+03
9.127957279940505032e+03
9.131250110275179395e+03
9.134543099376045575e+03
9.137836595568243865e+03
9.141129847491551118e+03
9.144423261733396430e+03
9.147717239204035650e+03
9.151010304612440450e+03
9.154304566246832110e+03
9.157596835818316322e+03
9.160891889509621251e+03
9.164186017596512102e+03
9.167480690299940761e+03
9.170774993376999191e+03
9.174069635446589018e+03
9.177364415011208621e+03
9.180659314677091970e+03
9.183954015596007594e+03
9.187249576047894152e+03
9.190544906216931849e+03
9.193840424245354370e+03
9.197135701275168685e+03
