1.082988201346040569e+02
8.428956882329570988e+01
1.481395208723986059e+02
1.424668991012608785e+02
7.929010102314624930e+01
3.262988142854111828e+01
1.317855240751985662e+02
1.148825455725441884e+02
7.654704455991257817e+01
7.071962428103053355e+01
7.015538302348949173e+01
8.596758514934245454e+01
1.236268738329901993e+02
1.103164153534082317e+02
1.248011338829427928e+02
1.323987941235431265e+02
1.663227829087930445e+02
1.152755430696258827e+02
7.086259591964346782e+01
8.815114074441036962e+01
1.197245495830365911e+02
1.175425045953488592e+02
7.767909030539603066e+01
6.412805299837000916e+01
1.462441093780598464e+02
7.049485186792026070e+01
7.873888298617188752e+01
5.890663477423846928e+01
8.459964304206249608e+01
8.856020169595574032e+01
4.455067753553740317e+01
1.752837305297205148e+02
1.359585597312184575e+02
6.564632607335029491e+01
6.688764187306220776e+01
1.078307256451476803e+02
9.605485095509185101e+01
1.252404353562388053e+02
1.148346772575150112e+02
6.493430434343237323e+01
1.319757939545912393e+02
1.011471396206720073e+02
9.539932092481839732e+01
8.713333159506491654e+01
6.604975089799491172e+01
7.671384306849775214e+01
8.245143311560478594e+01
6.241620104295058979e+01
7.078701291357791092e+01
1.121851195300382358e+02
8.653977590695420474e+01
5.486749659551053782e+01
6.750899319843330204e+01
7.768888674500652769e+01
5.856782215128436064e+01
1.119837023504807547e+02
8.018173004418777339e+01
4.495728738932032087e+01
1.079064210040649527e+02
9.694456471456054203e+01
1.114440055703705070e+02
7.297141911943958803e+01
8.054551762456769382e+01
8.389458309283450888e+01
3.600556597883420551e+01
6.938086204869925666e+01
9.556230646249454708e+01
7.442037671031154389e+01
1.142756955158504582e+02
8.136505692767359221e+01
8.605566505594104854e+01
1.349896285542467069e+02
8.115782598974909945e+01
4.878135303341343842e+01
6.204884321923850621e+01
8.627271851741039654e+01
1.011876193305661502e+02
1.123422198170525519e+02
1.283302192151361965e+02
1.184441596771920047e+02
8.703870961798499195e+01
1.007726912401295181e+02
7.009448254102004228e+01
8.504817712663637508e+01
9.581908150951898051e+01
7.915589416226778496e+01
8.475271618284847364e+01
1.044056960573279298e+02
9.757639896504103660e+01
1.129512372250569285e+02
9.316756753632012078e+01
6.774148417659650079e+01
9.239789595696917957e+01
6.540156306292020361e+01
5.423262988008025332e+01
9.578603044413833345e+01
6.936005168587571745e+01
1.251002030267320642e+01
9.697596544412523656e+01
9.592172728690614747e+01
9.135609769923304668e+01
1.021540193851220835e+02
8.478884394482410869e+01
9.443698428309802750e+01
9.876738239184025758e+01
8.347207199275096912e+01
1.271176429558541088e+02
1.148442830734124414e+02
1.301428538935582537e+02
1.426536339431399938e+02
9.461002810078876735e+01
8.486619703305467510e+01
7.763328655442860793e+01
7.639924140885392490e+01
9.405686744152997392e+01
8.380593147534723641e+01
6.146101770695326394e+01
1.038524663075111931e+02
9.724947405189460881e+01
1.317767829041882806e+02
1.014066841475018492e+02
1.024433197241042848e+02
8.924645527872651485e+01
1.017926327602655761e+02
1.326712169505384509e+02
7.403883993464270930e+01
1.037027342999874691e+02
1.193962378841764007e+02
7.805134439037051663e+01
1.148782895882416994e+02
1.320996758945356078e+02
1.125687819401976810e+02
1.014134979414508564e+02
1.166729118442277837e+02
1.202837465496430553e+02
9.120472476146620977e+01
1.210340606657811691e+02
8.335119994460154658e+01
8.536826599132442084e+01
8.105564461100682649e+01
8.763092835335680775e+01
7.740797203910832991e+01
1.002132043700253661e+02
1.106258352085668832e+02
3.996725549433610070e+01
8.148284700304431283e+01
1.050877078241743590e+02
8.357713831329178333e+01
4.227164161328151692e+01
1.034386495660035479e+02
1.135893805043123592e+02
1.002769922279513111e+02
1.041757865135439971e+02
8.473750223534342751e+01
7.193707490786893288e+01
5.816872206235585452e+01
5.168517989106673127e+01
1.303267316254177217e+02
6.758280376870992256e+01
9.868039225143701287e+01
9.565369564185586171e+01
6.788044770803726635e+01
1.015786276158136587e+02
8.806583034322569858e+01
7.818403930982900363e+01
1.293413605828955326e+02
7.093352684704275646e+01
9.672051151283653780e+01
1.179851046742146252e+02
9.998208908471708867e+01
1.029553988071882031e+02
1.117504974223821250e+02
9.868427278227268573e+01
9.855310230334981725e+01
7.405743491266220246e+01
6.360286477828704932e+01
1.350502828697512427e+02
1.116863495671587856e+02
9.171941948853925908e+01
1.198162225120717324e+02
1.185765172062348398e+02
8.650280259258460092e+01
8.512100878744983845e+01
9.856019725934304176e+01
1.152271300335040252e+02
9.392610586435402809e+01
8.676876255681419536e+01
7.039159516267667982e+01
7.803169683487632824e+01
1.292492293216732833e+02
1.211901141559986286e+02
7.246139444630551907e+01
9.985757858850085711e+01
1.130312847809539818e+02
9.729463071649414019e+01
1.000863534637532126e+02
9.060410105785965129e+01
6.130582181604468417e+01
9.943478867208921201e+01
1.303582506862506136e+02
1.024802488897282160e+02
8.249886744261840477e+01
9.218314817417584095e+01
6.302768531015431819e+01
8.120141600460519271e+01
6.778294562646389920e+01
8.094613277370810067e+01
7.437938522687893794e+01
6.850686760582271972e+01
6.424862376078546333e+01
6.863330050194362286e+01
8.583183031258023732e+01
9.009642528060055611e+01
9.512826670040314525e+01
6.009489449909666092e+01
8.078656921569931626e+01
9.121004747448542105e+01
1.058573277735112725e+02
9.968558266304157200e+01
7.426555192251414894e+01
9.640063432722622849e+01
1.401320969353386090e+02
8.877612891500292847e+01
7.545273131787973853e+01
1.056392186500515464e+02
8.631339192265390636e+01
8.400726522268531937e+01
6.936389435424131023e+01
9.626460921799716175e+01
1.016716441056479852e+02
8.996986759757251662e+01
1.091132892521709152e+02
8.020767094440540745e+01
6.603497980293987268e+01
8.740941109550659860e+01
5.646612276401396713e+01
7.450838832790054767e+01
9.133462947712310154e+01
1.141593880532479233e+02
9.578943532960579432e+01
6.343844943112814150e+01
9.785679304432112247e+01
1.082933925276132356e+02
9.328952135175808280e+01
9.033313914096112285e+01
1.248390300990267150e+02
1.204040803002869495e+02
1.377891115859461308e+02
1.167997900975673531e+02
8.353197921292459682e+01
8.544995621308181910e+01
9.975795960431065623e+01
1.195435743970531206e+02
7.945255004870337245e+01
9.008317487981545924e+01
1.262174680420265531e+02
1.041062327741290119e+02
6.741422541053751161e+01
7.146787237523271585e+01
8.132253834475595511e+01
8.233289237922073767e+01
9.451493038938438929e+01
8.580602584708562119e+01
1.280725960779052173e+02
1.012143755938600265e+02
6.761635583461838905e+01
6.439485135794313919e+01
8.972198333444556795e+01
9.007798456241289387e+01
1.205273112036072831e+02
1.533543301472011535e+02
1.153261247509864091e+02
1.114986469379319658e+02
8.503192672369209504e+01
9.783011015539690902e+01
9.795975911917078349e+01
1.204514694485327766e+02
1.191583369488064221e+02
1.089865664711180671e+02
9.527839212260167301e+01
8.758591449533598450e+01
1.049723697155889539e+02
1.182656327532468055e+02
1.197037636625672548e+02
9.106429700205758593e+01
1.254551322994934992e+02
1.004779762093507429e+02
1.139904749184265569e+02
1.047553704327461190e+02
9.935705531771397148e+01
1.289960850870239426e+02
1.115976126376785231e+02
8.804832770061567260e+01
1.218686813282013190e+02
1.242246898369158430e+02
8.764613266541640257e+01
9.000395478504923119e+01
1.087443536392207335e+02
1.277270971023726247e+02
1.164177998640844010e+02
1.012317224924057086e+02
1.161647440056703573e+02
1.117294278329719930e+02
1.072353700853946208e+02
7.952112990728258524e+01
1.308005318045125023e+02
1.167156288841064509e+02
1.032237820308485539e+02
8.803240646597421915e+01
9.764084005292004065e+01
1.120116318802598272e+02
1.059301104275068894e+02
1.243029611089537241e+02
1.138974234929865759e+02
1.333826477830683075e+02
1.248509945563977652e+02
1.243026739116234864e+02
9.499787971604388304e+01
1.028540664610296744e+02
1.221105546687325614e+02
1.045914900228321613e+02
9.571722203971097542e+01
1.207619275037366009e+02
1.185919290008392579e+02
1.364250753656586994e+02
9.307613955970795416e+01
1.125359373015928952e+02
1.230639725628414851e+02
1.256822237471593837e+02
9.646028363316814591e+01
8.477841853658085824e+01
1.073686470440272132e+02
1.012723370089052963e+02
8.929241596256959212e+01
1.112503937150957256e+02
1.115370565065551460e+02
1.114101564798491779e+02
1.309313715127793216e+02
1.260559105308592365e+02
1.135988171711059067e+02
1.127065172012271717e+02
1.007977736091457075e+02
8.788203565079547275e+01
1.186583135844530688e+02
1.189221496573746464e+02
9.448400612442550539e+01
1.082496800703590054e+02
1.105969490280375993e+02
1.303042244005445980e+02
1.289018910009991998e+02
9.309541797016882470e+01
8.851160051518986904e+01
1.162225384435622573e+02
1.172224016256542711e+02
1.297099888977520550e+02
1.109780328818321209e+02
1.108761281426170768e+02
1.384014553725948815e+02
1.191579714604950624e+02
1.246895310215105752e+02
1.094995989778313685e+02
1.016149382508594243e+02
1.181813923344159178e+02
1.049490814179018656e+02
1.145454309590208339e+02
1.389799034578769010e+02
1.178699367735386687e+02
1.363227289806413012e+02
1.125918775171579824e+02
8.611352631854977346e+01
1.167827707222269567e+02
1.145454397082801279e+02
8.985795103345209611e+01
1.144820931897560570e+02
1.265083393383431343e+02
1.149490314167899641e+02
1.269547240740361502e+02
6.909400114134213311e+01
1.093276521683869618e+02
1.174422241056407614e+02
1.506126497113352798e+02
1.342554805678452396e+02
9.429301732065007968e+01
9.524816702188856254e+01
1.194671378900944063e+02
1.450877554473023281e+02
1.224435079722763362e+02
8.993202271483573895e+01
1.352030547816795547e+02
8.390148996213279986e+01
1.231232997542331589e+02
1.331367445952166975e+02
1.239659900175468579e+02
1.515986910469077600e+02
2.460236003906362612e+02
3.737745339867995540e+02
4.215679548182759504e+02
5.537743124346696959e+02
5.734719472568712035e+02
6.141084403626363155e+02
5.835299352144726299e+02
4.397419135019398482e+02
2.531824551483580876e+02
1.584829269467854829e+02
1.323576597855745831e+02
7.723435731071744215e+01
6.188020374346618979e+01
1.114578775699519610e+02
7.361644497706656409e+01
1.050260735025896253e+02
1.261599133347264114e+02
1.109908211119792014e+02
1.305122954857561979e+02
1.530188160338058196e+02
1.022091680492925008e+02
7.371311021422295084e+01
1.241238959703699862e+02
1.081122758186927229e+02
1.067975249092943955e+02
1.048659440196186949e+02
1.013970545693092475e+02
1.030363865798658765e+02
9.253629788832701308e+01
8.920915894377590405e+01
9.123803416811284706e+01
1.131366508101361603e+02
1.231363122572650468e+02
9.198134846463459269e+01
9.383928369739483344e+01
1.115941448390585862e+02
1.212480785390482652e+02
9.743825013841939153e+01
1.453237350221578765e+02
1.657387111616256163e+02
1.177036892271533333e+02
9.362570916581240965e+01
1.151726387682032993e+02
1.230403227342172556e+02
1.059534089891695601e+02
1.052879266670016563e+02
1.322430969040113666e+02
1.340058752823043733e+02
8.463022717934524053e+01
1.230947876932874152e+02
1.334200493839309161e+02
1.044153807944802139e+02
9.749248379165744893e+01
1.297242560293705083e+02
1.521836142684584559e+02
1.286591008053900396e+02
9.512642575209831364e+01
9.453907455025691320e+01
1.260008123417113524e+02
1.458456331527963812e+02
1.625539781968822126e+02
1.228081690108347175e+02
1.103523605764872144e+02
1.326118545382704781e+02
1.561210173176694411e+02
1.571203163525858031e+02
1.369393486020537978e+02
1.389667947415354945e+02
1.527342078430001209e+02
1.766988523165420872e+02
1.681306795121157620e+02
1.535718061826502208e+02
1.576335982006087022e+02
1.464546768518323745e+02
1.333116019661452754e+02
1.498172800258025177e+02
1.402245329269364333e+02
1.009491894859223464e+02
1.243067216458820354e+02
8.031579531473698808e+01
1.394045096869336362e+02
1.066979801838957655e+02
6.620978219413711940e+01
8.214081399283946894e+01
8.914039848759315987e+01
9.257462659991696796e+01
1.115603038552742561e+02
1.030853608946549684e+02
9.513199670548195286e+01
1.555463454079004180e+02
1.361728101823881900e+02
1.510495063499182891e+02
1.319482818256254575e+02
1.346945390987278017e+02
1.354204387318894192e+02
1.195022694014694764e+02
1.569611348289277828e+02
1.542885017186368941e+02
1.164741937003905718e+02
1.343636061146702332e+02
1.618173230182386249e+02
1.729749263358167752e+02
1.319266587099916421e+02
1.280519435982326968e+02
1.237372234248863236e+02
1.388839898751070905e+02
1.463110136397451413e+02
1.400307012884962319e+02
1.257151005702286000e+02
1.276858338916634921e+02
1.386496558942621391e+02
1.337392043454000259e+02
1.399790062472404486e+02
1.458431601213605688e+02
1.422958219778005571e+02
1.474276338192285607e+02
1.221400157388063121e+02
1.568709263356579982e+02
1.326967736036636154e+02
1.168210305164843277e+02
1.231635634116591547e+02
1.130866690061403403e+02
1.103606919028720625e+02
1.326225419766694245e+02
1.517415215337129553e+02
9.268208989483278515e+01
1.222014596058270541e+02
1.106305671271995550e+02
1.208901789556137487e+02
1.122867829662095573e+02
9.306251541447194597e+01
1.057156450994404651e+02
1.194461008581461812e+02
1.199952683257728978e+02
1.438396801807888323e+02
1.469539423489230217e+02
9.999731668473062030e+01
1.283336730496154701e+02
1.702670601794872027e+02
1.443999936907848394e+02
1.434102961456096637e+02
1.787130916671605689e+02
1.653603685664120064e+02
1.388203648114105135e+02
1.513527554332487739e+02
1.800446638092255967e+02
1.783015482322425953e+02
1.141394284449241496e+02
9.272769469210936677e+01
1.350656244142265052e+02
1.495323621515861703e+02
1.616289042020603119e+02
1.532889284881467802e+02
1.617379419582387072e+02
1.403184515976723219e+02
1.199184718775500471e+02
1.479037915009309643e+02
1.897811824315911622e+02
1.983022447915048758e+02
1.633304678093670077e+02
1.899489930220053111e+02
2.063277168160368547e+02
1.994779992005987594e+02
1.941777404335418566e+02
1.885902207929182453e+02
1.715908624980644390e+02
1.951728467683622057e+02
2.101342588464410142e+02
1.774364070787147796e+02
1.732099379024642474e+02
1.925838864297815860e+02
1.733974501636314471e+02
2.004973805532387701e+02
1.441056095820634937e+02
1.577292837245404939e+02
1.665953329067504001e+02
1.475256616292291199e+02
1.323150681454852702e+02
1.434012068053550593e+02
1.550731578472349952e+02
1.446552210719328286e+02
1.385063543347688153e+02
1.486514042418563974e+02
1.273508928538480944e+02
1.020416104590773756e+02
1.083639533803157917e+02
1.529075452988447523e+02
1.273468384357135648e+02
1.847015904368549002e+02
1.860238310650834990e+02
1.271426141235053393e+02
1.329692394457814828e+02
1.615025777671802985e+02
1.350298471949322163e+02
1.352079927427054145e+02
1.392624391455030946e+02
1.255105424133089116e+02
1.604568748780668841e+02
1.531311362801610869e+02
2.513067371979049653e+02
1.667712411273075190e+02
1.637082375664001574e+02
1.504463941559100988e+02
1.449463973077239700e+02
1.717290473348471096e+02
1.491446102612191567e+02
1.798838257123576625e+02
1.984589452969157435e+02
1.861406332830605947e+02
1.751674759416249003e+02
1.730654925405150095e+02
1.451094706755916945e+02
1.850240583082816670e+02
1.968351865972674375e+02
1.837735437635086555e+02
1.684174779443961825e+02
1.753592131796515332e+02
1.709761650390365446e+02
1.205727752569573852e+02
1.431263793147371643e+02
1.960835038072248722e+02
2.002381729315420955e+02
1.565845160534114768e+02
1.804332329897553677e+02
1.860166230706379622e+02
1.751281153614609138e+02
1.428681325768469605e+02
1.504968719163808828e+02
1.854470019402696153e+02
1.848834579096768493e+02
1.583715271291463296e+02
1.485556046667083763e+02
1.545188369251242477e+02
1.108331799824485842e+02
1.408482391603593271e+02
1.104750918058479101e+02
1.382992075981263724e+02
1.146171583035126105e+02
1.040158232442269934e+02
1.223533945470805548e+02
1.463199924120640958e+02
1.469017893622441875e+02
1.426140327601464719e+02
1.633492296453045469e+02
1.531858142542704115e+02
1.646267433350583929e+02
1.928074693738539622e+02
1.536927353015301208e+02
1.586063471202875519e+02
1.853134170972668073e+02
1.649251226132739419e+02
1.898869249790734557e+02
1.945603904981043968e+02
1.726428042493082273e+02
1.751968039299192981e+02
1.882955005867667637e+02
1.819403348632515645e+02
1.352315600140498475e+02
1.585359208326536304e+02
2.023311259734852570e+02
1.930166351034582419e+02
1.641135532635021264e+02
1.681173549349818757e+02
1.769396042390319792e+02
1.703257873529386188e+02
1.641163092607979195e+02
1.621047747587242895e+02
1.583628358551779911e+02
1.622692179146804961e+02
1.609637951492429977e+02
1.248929077473340783e+02
1.280132020456658495e+02
1.235220753190394589e+02
1.158049151635993468e+02
8.454511408425183561e+01
1.100804823479798955e+02
1.291256602943713574e+02
1.232972954948122322e+02
9.590608629713584321e+01
1.019862279898773778e+02
1.352662653591830804e+02
1.290669809513458972e+02
1.138757586423349579e+02
1.213374697270213147e+02
1.157492436456124381e+02
1.725226231090552744e+02
1.827282334948996834e+02
1.604064228172746027e+02
1.558671028532125717e+02
1.667865688181914265e+02
1.795740149831890733e+02
1.746807479063967037e+02
1.854243455035366139e+02
1.911750800502647678e+02
1.881203293074271983e+02
2.075310059281729593e+02
1.810172464488954915e+02
1.774454421694373139e+02
2.075435604802855494e+02
2.010118804340570193e+02
2.064596616289566384e+02
1.813233300097501797e+02
1.945320157672840935e+02
1.810178582134231817e+02
2.051053020235256952e+02
2.000523217461751813e+02
1.778054273155272824e+02
1.969997671371878027e+02
2.039359224291745818e+02
1.954810858419789952e+02
1.907817975316002332e+02
2.203939967592963001e+02
2.186813379547092211e+02
1.824873027961572234e+02
1.950882452596349594e+02
1.870021259536877665e+02
2.095977717309590673e+02
1.855288150715811639e+02
2.005031657379847729e+02
2.363217169746107231e+02
2.180435268012665802e+02
2.018712633505249414e+02
2.138271673480610104e+02
1.901715989344774584e+02
2.054809002054541907e+02
2.106146436475324606e+02
1.930808191816109627e+02
1.722127616614646115e+02
2.079795230399542731e+02
2.106008940879792419e+02
1.917937255680476198e+02
2.209453258659246728e+02
2.476729170447555646e+02
2.131340537608869852e+02
1.861093050200839230e+02
1.884300755537985594e+02
1.698750239408491609e+02
1.916766726167329011e+02
2.043041167730750658e+02
1.899074311824398649e+02
2.583901416791044312e+02
2.217312668768126400e+02
1.710986221573934358e+02
1.870615144382670110e+02
2.098421289634164282e+02
2.122916029840061469e+02
2.022001728784165664e+02
1.652858245355474196e+02
1.578714835736691668e+02
2.005636882423132477e+02
2.095697673918249677e+02
2.027790747697633265e+02
2.062019875854909685e+02
2.225136254573906456e+02
2.223506711190382248e+02
2.219735095168432792e+02
2.309213659621075863e+02
1.949271215591559780e+02
1.875027746146485015e+02
2.085060090018302503e+02
2.161260876736095042e+02
1.669417792791327884e+02
1.531045984175223964e+02
1.895892398619932635e+02
1.926817065734906862e+02
2.289933847057262710e+02
2.059420892784914372e+02
1.907161223680227238e+02
1.975658614062524521e+02
2.400883648393921703e+02
2.161306771343324158e+02
2.175021888978251638e+02
2.032397079505468867e+02
2.213844538715606802e+02
2.003957188635251612e+02
2.141030631459732092e+02
2.097826148455204702e+02
1.921513195035524291e+02
2.194021564111162377e+02
1.917623091941200641e+02
1.963727031354207497e+02
1.855580428074233623e+02
2.222983151903763996e+02
2.461768403936567040e+02
2.151827428691530315e+02
2.018979254822779694e+02
1.957300641396409446e+02
2.144987353017701537e+02
2.075245637238516849e+02
2.004096678009304924e+02
2.106592685114063670e+02
2.132200953435398390e+02
2.045326071533100389e+02
2.034361462514581262e+02
1.951621465692977040e+02
1.821068474888242292e+02
2.422139582295010314e+02
1.818770793539854083e+02
2.413910584732563223e+02
2.329911037705699925e+02
2.085676058595346944e+02
2.159457433443375294e+02
2.169536028171722819e+02
2.100836586473327259e+02
1.803589552400501930e+02
2.038925709008740625e+02
2.327334144505112477e+02
2.255516926589974958e+02
2.140653615321286907e+02
1.803149024169129859e+02
1.928145028880065297e+02
2.093098722007159438e+02
1.896248702076211146e+02
1.782651338241703911e+02
1.860125220801886883e+02
1.750793619092134463e+02
1.694235004793091832e+02
1.770423897026367683e+02
2.193457915555790976e+02
2.021658901370255990e+02
1.995411675607434461e+02
2.031438144400267447e+02
1.868025104797364122e+02
1.678671644579664530e+02
1.582184786225066944e+02
2.021890755486276987e+02
1.678152682945145386e+02
1.891153380672768662e+02
1.645385571547226391e+02
1.796124048991470943e+02
1.821856839183379293e+02
1.977035196665980266e+02
2.043071052532044121e+02
2.051095065888635816e+02
1.893781018998537320e+02
1.929265958557977285e+02
2.124163486254130930e+02
2.168164075609115002e+02
2.023553920013104062e+02
2.007173310965696658e+02
2.151889493313945536e+02
2.090294493203906256e+02
2.346994990699107007e+02
2.257278762904819871e+02
1.787891949961100408e+02
2.249857326550025789e+02
2.075857231359138098e+02
2.221180593168092514e+02
1.644053662609130413e+02
1.868236677890238866e+02
1.961231892134578629e+02
2.270018059509535249e+02
2.187192550025405637e+02
2.029243032428120159e+02
2.160051987212476945e+02
2.128780515366223938e+02
2.213412201188841379e+02
2.490245639824174191e+02
2.409193995546579856e+02
2.103816801181176004e+02
2.284728877615624469e+02
2.373973844975101599e+02
1.998900311976103978e+02
1.837537189935544291e+02
1.727319464744314814e+02
1.811532238055872881e+02
2.145394800516045564e+02
2.155400094540510736e+02
2.014782035502024087e+02
2.182426374228119812e+02
2.284403645485215861e+02
1.997339935263902646e+02
1.826564688126784120e+02
1.885330044435407046e+02
1.854902648219397747e+02
2.085476440480945541e+02
1.970622689462745143e+02
2.109912426855023853e+02
2.050130441362824456e+02
2.190312903571771130e+02
2.232614193669376164e+02
1.962732906358333480e+02
2.184119737041974076e+02
2.232359819921076394e+02
2.265352302765146248e+02
2.153407977835969689e+02
2.203320789549401582e+02
2.385956990537303852e+02
2.207852564538156912e+02
2.047595273668633240e+02
2.260131865850677571e+02
2.169647906535281834e+02
1.994837735806854653e+02
2.235729400333564172e+02
1.707348914231283459e+02
2.046415524910577517e+02
1.842677762681319962e+02
1.997077866044702432e+02
1.692776643346005301e+02
1.898752773532332299e+02
2.196145711943573247e+02
2.421425942955944492e+02
2.301764635543313204e+02
2.277097022128251069e+02
2.439224329715175088e+02
2.099403419199958023e+02
1.955393090412374590e+02
2.560908641749485923e+02
2.333620713119735797e+02
1.852403661265508106e+02
2.381195192071177473e+02
2.134688741589693848e+02
2.521703337729161944e+02
2.248891211597494078e+02
2.316988796651200744e+02
1.899818617313002278e+02
2.365928426201125774e+02
2.281280158219930172e+02
2.091628482458573899e+02
2.228368659953426061e+02
2.182719463191730824e+02
1.851170545655479316e+02
1.871087235167695724e+02
2.240752308966620774e+02
2.280981410803451581e+02
2.068193776978008316e+02
2.038041049310698725e+02
2.233013134970687190e+02
2.069954183582375435e+02
2.534122157971359570e+02
2.844755225144640463e+02
2.549377722923020144e+02
2.029085487576454625e+02
2.366053082477121166e+02
2.054250733844721424e+02
2.018293122647251039e+02
2.289583947393095684e+02
2.329570480770006782e+02
2.088871912326688687e+02
2.063177070060396829e+02
2.133123923975274181e+02
2.110469013854450111e+02
2.149568103046804026e+02
2.243869942778505902e+02
2.389116589526209680e+02
2.213703106800003582e+02
2.412217720106495733e+02
2.404801743191401613e+02
2.068468713481968848e+02
1.911451492890903410e+02
2.010199232230891369e+02
2.383470240858328850e+02
1.869060727777002171e+02
2.026519525152536119e+02
2.070704476838964752e+02
2.171020191837739901e+02
2.156870968254604861e+02
2.125562231259358441e+02
2.361152447935946839e+02
2.563760957763068404e+02
2.330005647488860347e+02
2.193004108062896194e+02
2.321829265907840067e+02
2.244201626412677228e+02
2.546460753451952144e+02
2.281838799024295952e+02
2.369990380526467391e+02
1.966928421044658535e+02
2.378087601410731509e+02
2.349303362719595327e+02
2.101091662573369661e+02
2.348331730888868094e+02
2.437815026350703818e+02
2.028080088020898302e+02
2.174077844056554909e+02
2.278161774734444975e+02
2.185401134348192045e+02
2.360614625095918768e+02
2.232923927736202074e+02
2.136101257346231250e+02
2.421419312536029622e+02
2.420591747928021960e+02
2.316282870920530286e+02
2.174146703786722696e+02
2.314333189907491430e+02
2.286682565076657454e+02
2.149223410708838742e+02
2.307220406427297235e+02
1.932127661035341362e+02
2.661646012374018255e+02
2.347747014854450356e+02
1.968059244513808892e+02
2.244706841967764603e+02
2.142292539924931702e+02
2.147226378882257336e+02
2.255170153288955532e+02
1.984511888655555936e+02
2.020478895019288359e+02
2.224932625825559569e+02
2.406964146972291871e+02
2.471350976403577135e+02
2.198320052471951271e+02
2.105574797062828054e+02
2.313908345772250357e+02
2.381859000648381937e+02
2.561095203237913438e+02
2.494508414655823856e+02
2.260760100418444551e+02
2.238653936246503804e+02
2.444240869836292802e+02
2.036678714365915539e+02
2.173855644774370717e+02
1.943855643329097518e+02
2.019891647889341471e+02
2.079034607697965669e+02
2.410880007469484099e+02
2.460056039260054490e+02
2.109575113783343738e+02
2.304483995833037966e+02
2.425404739266415959e+02
2.445151816822365731e+02
2.341818745866285667e+02
2.047308751081853870e+02
2.155445692559474082e+02
2.078316319501319072e+02
1.685294801898320998e+02
2.078051406014165821e+02
1.928291027586514303e+02
1.720514364925286372e+02
2.139287647598879403e+02
2.132790875239699631e+02
1.459626691884616889e+02
2.030888678045181450e+02
1.880763501859087512e+02
2.167514191411221418e+02
2.094467289686854201e+02
2.011861292962730374e+02
2.432148917036307978e+02
2.202336181806461468e+02
2.086495740216331001e+02
2.427479100155319145e+02
2.348842171702995927e+02
2.205726217099578150e+02
2.215035449147837312e+02
2.412088107248669360e+02
2.436109393248946162e+02
2.399008652550334659e+02
2.531076242430587797e+02
1.952973415978424896e+02
1.984280611421777110e+02
2.135554268250494943e+02
2.162643223139121744e+02
2.209015846564936965e+02
2.025862048346611459e+02
2.217899909245886647e+02
2.227780674537597747e+02
2.188472348548023945e+02
2.071262822154185415e+02
2.333551792140860925e+02
2.514826074970063985e+02
2.208239616291152743e+02
1.794975667069726342e+02
2.013700914477714150e+02
2.344423148744333218e+02
3.159768585486851862e+02
3.373719711874347240e+02
3.051026331240844343e+02
2.776233471005257343e+02
2.187845618399567513e+02
1.911749951773742850e+02
2.022480598991213867e+02
2.062646205750866102e+02
2.396788275026831059e+02
2.054948283625543013e+02
2.216114383386688189e+02
2.052174601709525632e+02
1.946124968025889075e+02
2.015577704958226946e+02
2.196623598679588270e+02
2.173171114220369304e+02
2.529019099883122692e+02
2.623729900372323982e+02
2.340955875410866724e+02
2.593069984359464115e+02
2.528929602058433659e+02
2.470460457790584599e+02
2.435895407856071699e+02
2.772421031099909214e+02
2.565088147136146972e+02
2.573117819011819734e+02
2.762583228579450747e+02
2.513445836974931353e+02
2.401510598097689524e+02
2.466677972096130418e+02
2.429720525834409557e+02
2.373706602643885901e+02
2.402614933761603027e+02
2.414838683604751566e+02
2.572588845574980496e+02
2.827901967186413117e+02
2.129306161063413185e+02
2.466456477996761691e+02
2.497529374156595736e+02
2.569809049806698908e+02
2.640823907166712274e+02
2.626270675686251934e+02
2.552471353089408410e+02
1.825568980348399464e+02
1.923668493381345286e+02
2.308197100595686209e+02
2.081588541531259295e+02
2.598486222013577844e+02
2.299828717596364243e+02
2.219196174927288894e+02
2.569759644481053442e+02
2.390274724002611038e+02
2.237283620076831028e+02
2.228504955921010549e+02
2.479510683363827468e+02
2.805074260867499447e+02
2.544125108072779540e+02
2.258282699606299104e+02
2.401148442571075634e+02
2.425925164748521468e+02
2.626920900738156774e+02
2.666281775008590103e+02
2.311314679123032931e+02
2.641590614719509631e+02
2.355239399749153506e+02
2.175123536477757966e+02
2.157566204532760139e+02
2.395575266002526860e+02
2.237339682029816856e+02
2.277204356139207277e+02
2.290425421590271071e+02
2.596146437978210884e+02
2.511010207828518048e+02
2.555199558950253902e+02
2.489783447993881396e+02
2.371169603839778404e+02
2.167177014948706244e+02
2.350002097082247303e+02
2.355573420226969574e+02
2.452179848222244516e+02
2.499273515322643959e+02
2.417172644979746394e+02
2.131028400881764640e+02
2.542297741081454205e+02
2.531986410500083764e+02
2.256642266194439514e+02
2.253169331567868596e+02
2.428843377254090683e+02
2.491745468352090995e+02
2.410724778983340286e+02
2.669412620540000489e+02
2.904753830769794263e+02
2.575806404025084362e+02
2.532244666657395271e+02
2.629340924342795915e+02
2.165052807353841047e+02
2.305867757301860195e+02
2.537127013184398550e+02
2.810925940608301516e+02
2.931263495979827667e+02
2.537441502663046151e+02
2.423104555472854997e+02
2.130249332848597419e+02
2.453578986026852533e+02
2.568930472426948199e+02
2.638738534085899801e+02
2.713826883613454584e+02
2.824281232256954013e+02
2.285783823732712392e+02
2.533383793371645822e+02
2.256304352253150114e+02
2.068150944192842360e+02
2.557716417850420214e+02
2.405519584474139947e+02
1.890959224302988844e+02
2.185739749629197775e+02
2.554397228097980985e+02
2.687728331034821849e+02
2.560992847359440816e+02
2.357165282702401328e+02
2.301282916554223448e+02
2.372450640096543566e+02
2.619635335160915020e+02
2.710111212664251639e+02
2.406739320037754908e+02
2.068087122684676444e+02
2.262948287840385433e+02
2.527526034741327408e+02
2.383665398457357583e+02
2.371017672544419383e+02
2.389083650143721798e+02
2.503948274131301162e+02
2.493329043923814368e+02
2.948748791786103993e+02
2.842393392388656821e+02
2.597349113510227880e+02
2.833551071448601988e+02
2.729235708316850264e+02
2.535266139848173736e+02
2.132177297557524867e+02
2.459518787929428925e+02
2.496045144499372839e+02
2.351850378339569829e+02
2.473474274261332937e+02
2.875463640322917627e+02
2.568296425608040181e+02
2.559873798826889981e+02
2.672895498626479593e+02
2.292357876644175860e+02
2.285853842927357675e+02
2.736980310291210685e+02
2.868806014540398905e+02
2.378504438288938445e+02
2.408138107365737710e+02
2.637847003497112723e+02
2.730183647838378533e+02
2.701369199277582993e+02
2.726713662019361664e+02
2.470329355844688450e+02
2.796608628705932915e+02
2.613404897490250960e+02
2.784688484069084780e+02
2.523923645882669859e+02
2.490589347144901353e+02
2.889732814450078990e+02
2.734254626899615346e+02
2.546969424100687149e+02
2.749065766672389373e+02
2.687674798426394887e+02
2.495860720289335575e+02
2.623002138316589367e+02
2.810660051322362847e+02
3.036391509360946657e+02
2.878338848401153882e+02
2.689446431958294284e+02
3.030609188001121765e+02
2.858694440116327655e+02
2.734679685025486151e+02
2.481034491703889557e+02
2.390882910483703085e+02
2.208864169403939854e+02
2.616561934155896552e+02
2.691108810765957742e+02
2.628681758477613357e+02
2.521382866776714877e+02
2.317330999967698801e+02
2.612212786098039032e+02
2.443325152749555116e+02
2.339651460680370860e+02
2.586774717957018765e+02
2.831506883358089794e+02
2.542232609278872246e+02
2.639673051378620130e+02
2.349771817163473884e+02
2.540510807501265163e+02
2.952954096877395500e+02
3.036273460650843958e+02
2.534589561637228599e+02
2.557350447807824594e+02
2.587509868197185483e+02
2.562606368914306358e+02
2.589375186130578754e+02
2.623925861379858020e+02
2.442459001853637801e+02
3.109560528335338745e+02
2.398724939919652570e+02
2.302075862218957525e+02
2.717736848438390211e+02
2.379250861659119209e+02
2.716632687037803748e+02
2.492893513739847435e+02
2.246204840985323870e+02
2.533813162043843761e+02
2.599456809152885057e+02
2.754444673462410265e+02
2.731821762988915907e+02
3.093284639003369421e+02
3.083067797902839970e+02
2.818187861663499802e+02
2.873737451806057948e+02
2.574277212080700110e+02
2.512373913590333814e+02
2.863421389273634645e+02
2.670978329423203377e+02
2.610059967247797772e+02
2.834329514952130467e+02
2.504297416116580735e+02
2.352321549476562552e+02
2.541371358196529116e+02
2.561417821387776712e+02
2.512408753066695226e+02
2.608706402163611529e+02
2.931353895754483005e+02
2.788127448670444437e+02
2.668091221379486910e+02
2.761713506573787527e+02
2.606495866839168798e+02
2.536110833626811427e+02
2.911094939497896803e+02
2.640145717584833278e+02
2.812768478881122292e+02
2.694794064929548085e+02
2.604522701874518589e+02
2.712777373564185837e+02
2.942977361055085339e+02
2.617115752556745747e+02
2.697663445850309927e+02
2.850107048792663136e+02
2.715436957570724417e+02
3.071286418661553625e+02
2.514768455838333523e+02
2.608593505105844201e+02
2.691917626279267779e+02
2.535069697765449632e+02
2.489397978442557928e+02
2.652128582770554317e+02
2.722522530658002324e+02
2.910273794617889962e+02
2.593416644238559456e+02
2.723908321569535360e+02
2.716457553727607888e+02
2.502765123632132997e+02
2.876206871859283751e+02
2.659787497732371548e+02
2.682084198736946519e+02
2.979733939711148878e+02
2.224072159574060095e+02
2.870936918573845560e+02
2.673502812537538489e+02
2.783119602503053329e+02
2.808415204292456337e+02
2.830177156607953179e+02
2.583626571700889940e+02
2.814384466633560464e+02
3.027250500328308362e+02
2.760441485320213815e+02
2.547178377901892361e+02
3.017384887184722402e+02
2.641361219382256991e+02
2.845837772742394804e+02
2.282745813143807823e+02
2.736163900351046436e+02
2.697290601062346127e+02
2.950606701614321423e+02
2.652522549288360096e+02
2.886950072747774811e+02
2.774771855140936054e+02
2.675668269341229006e+02
2.612236756535291420e+02
2.807506275425232616e+02
3.007167883771031711e+02
2.678901519947992824e+02
2.806932580940939488e+02
2.887708832945239124e+02
2.731422563068417730e+02
2.318067232912838733e+02
2.504996381924518118e+02
2.608990883151577691e+02
2.627305511926932127e+02
2.791377891529160706e+02
2.738049293701941451e+02
2.849991493743710862e+02
2.900667539453086192e+02
2.837433635934269773e+02
2.741249068457253770e+02
2.998904295103008621e+02
2.901884066909742614e+02
2.856758254039256713e+02
2.617443274381138281e+02
2.837036130687275772e+02
2.834402890710368865e+02
3.006608435081271296e+02
2.693400644901241208e+02
2.964798550026337125e+02
2.754371599789915308e+02
2.791149349180207651e+02
2.747453795307302471e+02
2.793108264233266596e+02
2.701007736600789713e+02
2.804892851510208516e+02
2.961258082535251788e+02
2.858600469524172922e+02
2.936664604137457104e+02
3.025006832550703848e+02
2.729986490301451454e+02
2.698605059462398117e+02
2.565340292126406325e+02
3.166839391904420040e+02
2.793741389931316235e+02
2.604451874197232542e+02
2.764708544533735335e+02
2.420829956490954089e+02
3.014310896961095523e+02
2.835701523445022190e+02
2.746339157225030476e+02
2.593706218265297707e+02
2.445138348568222852e+02
2.673574983288348790e+02
2.617280050980015744e+02
2.842295440501116559e+02
2.494412717561299928e+02
2.959583891796920625e+02
2.760262977845262071e+02
2.781007771198407568e+02
2.612977896429148927e+02
2.655082814537509535e+02
2.806851609185540610e+02
2.436854136840835849e+02
2.604265213753477610e+02
2.518413106888900757e+02
2.858712251711171461e+02
2.757640073676842576e+02
2.755506587125713622e+02
2.990525163429869622e+02
2.909115500507541583e+02
2.956799711273366142e+02
2.614259492239144720e+02
2.461369541396639420e+02
2.864538509796714152e+02
2.684332112371485550e+02
2.556269657768631021e+02
2.799216419020914941e+02
2.809808094470344031e+02
2.819171953249083913e+02
3.004032821387235686e+02
2.911740367291418465e+02
2.659406703686524907e+02
2.861935472677017174e+02
2.708717390549034008e+02
3.011698231029779436e+02
2.903704501169111154e+02
2.659328947751473038e+02
2.539716980096304155e+02
2.555995053233141903e+02
2.813193611456521808e+02
2.695023594354049123e+02
2.605493066855813709e+02
2.812314002260163193e+02
2.577873564440668588e+02
2.904918117025232505e+02
2.492182007095052825e+02
2.976546690149644974e+02
3.164260972337472140e+02
3.110570483184024511e+02
3.034984396422541977e+02
2.962684740723539676e+02
3.109263982339563768e+02
2.715032753609382326e+02
2.727985206384099683e+02
2.775622143087818472e+02
3.176640491873357632e+02
3.278165722184834863e+02
3.197183427005501244e+02
2.812667587955436943e+02
2.646100690186255520e+02
2.787215317771295986e+02
2.606794989486610348e+02
2.532406606011650467e+02
2.686086768933247981e+02
2.871727883291617331e+02
2.915535312510510835e+02
2.712938244065790627e+02
2.543666159028649645e+02
2.720748524202965086e+02
2.672226150923530668e+02
2.877703998999663213e+02
3.010288148250307927e+02
2.919146990632405050e+02
2.574160915883078928e+02
2.321152709432456334e+02
2.904032064188796198e+02
2.772017274868397863e+02
2.666418802300484003e+02
2.888831828772430299e+02
2.828971705825028380e+02
2.940681852879318967e+02
3.000887712909022866e+02
2.785360402680856282e+02
2.792500528007891489e+02
3.145619156337145910e+02
2.749546794112973771e+02
2.826694511421489437e+02
3.099768971544207830e+02
3.046250264906912548e+02
2.682840554359435714e+02
2.656017315713650646e+02
2.890851864487493685e+02
2.909241019161594863e+02
2.821664905499646352e+02
2.937525486305577829e+02
2.871405302348734381e+02
2.615169663108184750e+02
3.211099300204194265e+02
3.072720311967835869e+02
3.353145586671162164e+02
3.146078586688150267e+02
2.848153624774342347e+02
2.927274471329021708e+02
3.204390485067992813e+02
2.956704104772697406e+02
3.019750117609879680e+02
2.978589719987023727e+02
2.983165732233628091e+02
3.326324695229258737e+02
2.953601492316053623e+02
3.104244069734312461e+02
3.021398921756460254e+02
3.018712518801846159e+02
2.740797186853871494e+02
2.896883833444153424e+02
2.801075870397318681e+02
2.865614794876549354e+02
3.444739402419174326e+02
2.995631151789825708e+02
3.039820142160453429e+02
3.313710090460064634e+02
3.025964749762167685e+02
3.321366817571739602e+02
3.038756978868817669e+02
2.984942612650587535e+02
2.968337483075895307e+02
3.330797851038058184e+02
3.078013489873637809e+02
2.580738863395708904e+02
3.317459507967507193e+02
3.193917800994807976e+02
2.518856342806493842e+02
3.196728900866419281e+02
3.284736222048769037e+02
2.601678784750765203e+02
3.077050396524586517e+02
3.078069386860698842e+02
3.037283828338552780e+02
3.096458867246666387e+02
2.893209548942931519e+02
2.800433138980641274e+02
2.860532070955611630e+02
3.069173370573691955e+02
3.124593402530877029e+02
2.792311351809922257e+02
2.862122932066807834e+02
2.883029358246527067e+02
2.838967710813508916e+02
2.693346045607872270e+02
2.762323308624169158e+02
2.903077308707725024e+02
2.779190482605372381e+02
2.746862236344256871e+02
2.654478029814247293e+02
2.815520726796254394e+02
2.914033413222082913e+02
3.410401491282142956e+02
5.372986404897856119e+02
5.912934118251459950e+02
6.315218059800782839e+02
4.317928666330589635e+02
3.151804223473208708e+02
2.892915432742346979e+02
2.675550011095946275e+02
2.979199607668767271e+02
2.470520205480716243e+02
2.498412951530187343e+02
2.496820182357978126e+02
2.739926217017178942e+02
3.031184129217325562e+02
2.951242860973142683e+02
2.657648257792240543e+02
2.942829459683333653e+02
3.076777655664024564e+02
2.867241639623862852e+02
2.943058411216563854e+02
2.970376653855346376e+02
2.847942253715047514e+02
2.847756379407331337e+02
3.010319120188684110e+02
2.822945509424158104e+02
3.261152307612800314e+02
3.206011231387134330e+02
2.817257537293878045e+02
3.071826179686436262e+02
3.060423123459864883e+02
3.267339292701419708e+02
3.020389758281187369e+02
3.062347387384267563e+02
3.118900430042062339e+02
3.583154712664364752e+02
2.850275029644072902e+02
3.295787846142142712e+02
3.311861406393179550e+02
2.939206553212345057e+02
3.106112568798585016e+02
3.103668538149843812e+02
2.793339917999962836e+02
2.985539087034657086e+02
3.177925768169259868e+02
3.151779705888056355e+02
3.222655612943044616e+02
2.731250502826155184e+02
3.069703894229376147e+02
3.173905725588589348e+02
3.191067990247140074e+02
2.982385318319126668e+02
3.053649190222049015e+02
3.086722695596320136e+02
2.978587150787588484e+02
2.810681387705520820e+02
2.826334428795108238e+02
3.112077502762663244e+02
3.023928185982274499e+02
3.217542994154612757e+02
3.217262037058730471e+02
3.034936845890632071e+02
2.964603554853763399e+02
3.314082553747094835e+02
2.895502930462492941e+02
2.730167733048972991e+02
3.102935795475342502e+02
3.014886594588604680e+02
3.035805969112143998e+02
3.032423298796181257e+02
2.847319878178726071e+02
2.561668282089942181e+02
2.992519930509633923e+02
3.317712452075318765e+02
3.166728318841346663e+02
3.317527258773826020e+02
3.291291407489314906e+02
3.212592428547930012e+02
3.273041036173658540e+02
2.967499281940156948e+02
3.230269916668136716e+02
3.335886931186395827e+02
3.435204150884127898e+02
3.462793488535133974e+02
3.017551210694488191e+02
3.206819291672451300e+02
3.466961825917884426e+02
3.584318785680269457e+02
3.520425193152530028e+02
4.544955829476426175e+02
4.653725239380839866e+02
3.952443839634586311e+02
3.640142457800979514e+02
3.409984928359810397e+02
2.892952095072421344e+02
2.971378297082442259e+02
3.068972332682404272e+02
3.132557334963399285e+02
3.237178855762379044e+02
3.034898316653915913e+02
3.299507521196887865e+02
2.908480272610877364e+02
3.048573305287574726e+02
3.158068614481367149e+02
3.167942053315441058e+02
2.932554477820770558e+02
3.032052448201383186e+02
2.904257775090428595e+02
2.659707042317833725e+02
2.680850883279165373e+02
2.721327897995383864e+02
2.661572363232607472e+02
3.168734296615507446e+02
3.489702700092440182e+02
3.283752136219624163e+02
3.479662222713985216e+02
3.419599171698151849e+02
3.578765142025046657e+02
3.839299130629402157e+02
4.794333071064274918e+02
6.177806500870973423e+02
7.771347457298430754e+02
8.132352295656771730e+02
6.469388894440245394e+02
4.342956184812367155e+02
3.358350353586259871e+02
3.048665284663280772e+02
2.800597155834579439e+02
3.202251098316834259e+02
3.076347136539047256e+02
2.762424674556529567e+02
2.911575371190685928e+02
2.745837031658252272e+02
2.767504884873998776e+02
2.753137795083829928e+02
3.101068188427611858e+02
2.772283037607152210e+02
2.846158288817421749e+02
3.160896563610792782e+02
3.044679600634896133e+02
3.272154043160203969e+02
3.326950876648044186e+02
3.042188969862675663e+02
3.149126832141964769e+02
3.077635271310246594e+02
3.091661443149649244e+02
2.965068187236932999e+02
3.125218449499710118e+02
3.035859688272918788e+02
2.947211391173400443e+02
2.759305047738745884e+02
2.644725564580143100e+02
2.759055805858944268e+02
3.054274692232480106e+02
3.378812827189752852e+02
3.205988562468119198e+02
3.296246429553433472e+02
3.069792175204324849e+02
3.098554522719788906e+02
2.998130565119816424e+02
3.055072819495887302e+02
3.145121665661690145e+02
3.251970189202575625e+02
3.319892722354634316e+02
2.948492296853386279e+02
3.275225329892895729e+02
3.124233015011142811e+02
3.107438674783627448e+02
2.919272823217966106e+02
3.192218238139838036e+02
3.203070983646952072e+02
2.810516531287110524e+02
2.972242546664270435e+02
3.147010509297471117e+02
3.226083269588502276e+02
3.210127928490305749e+02
3.009423996906833736e+02
3.285650636051133233e+02
3.099732765612800449e+02
3.068438591801754569e+02
2.984337760771088597e+02
3.344537413591539803e+02
3.097463069350540081e+02
2.985105158719739507e+02
3.225003630917993291e+02
2.563325505975873853e+02
3.223199540624054862e+02
2.767669356976559811e+02
3.116145291440427627e+02
2.777192016702801425e+02
3.163967860143631015e+02
3.242100919475532237e+02
3.502050684221979395e+02
3.307250938099176665e+02
3.536812637265131798e+02
3.474015647257355681e+02
3.006758244259800676e+02
3.189147579699078960e+02
2.894393653167511502e+02
2.533002255013433626e+02
2.749522844256059102e+02
2.970540591831766051e+02
2.886443051472805337e+02
3.123946230809128224e+02
2.961036388698286714e+02
3.260272497631460169e+02
2.784762250392237775e+02
3.301765719235018537e+02
3.252309256177346697e+02
3.187491660923586210e+02
2.886985563806919117e+02
2.947263987082473022e+02
3.289019679703216070e+02
3.277183331461186526e+02
3.469282937003762868e+02
3.226979842279349668e+02
3.188181818503143745e+02
3.126900269674010246e+02
3.156000899178808936e+02
3.394493460294426654e+02
2.988874879091284242e+02
2.874906139723115643e+02
3.085963853496410820e+02
3.065236759241521440e+02
2.883274137031858686e+02
2.785478995343340785e+02
2.667846205838933429e+02
2.628145960273362221e+02
2.829040827669277292e+02
3.042352754542758362e+02
3.295828151081219062e+02
3.176286491031257242e+02
3.218207843308817928e+02
2.856014329081199890e+02
3.173325664431415021e+02
3.080622053609083082e+02
2.708128787129625721e+02
3.317095503058002919e+02
3.545150760306864868e+02
2.678938852874214263e+02
2.906052465184961875e+02
3.081200060718216491e+02
2.887101608291433763e+02
3.241170149808915539e+02
2.980427203844173505e+02
2.839626264554013915e+02
3.095470280305561914e+02
2.967591884237267550e+02
2.799627645490668897e+02
3.034255607561913166e+02
2.921858999232847509e+02
3.321334874525805390e+02
3.137535568872105500e+02
3.844523529839470370e+02
3.101465170427695739e+02
3.103406058160688872e+02
2.570132489536380263e+02
2.550215156293913594e+02
2.843331006132192442e+02
2.359943440804374859e+02
2.455217747362609089e+02
2.504063711917910382e+02
2.336448948549209490e+02
2.451054011645535411e+02
2.610684517014486801e+02
2.760574738034788425e+02
3.269448296073865095e+02
3.009739750832330856e+02
3.028465335180250690e+02
3.055640595758843574e+02
2.454758484873148063e+02
2.617382787826872459e+02
2.468261778848589358e+02
2.679438175048984476e+02
2.822874231466069546e+02
2.993735946673872377e+02
3.228162236556884181e+02
2.757313026852908706e+02
3.324463004593869755e+02
3.578754148031729301e+02
2.955694855972636219e+02
2.822953981623581967e+02
3.303618903613763109e+02
3.140600472317244112e+02
3.468459461611191159e+02
3.463693815523079138e+02
3.410167339234177462e+02
3.060997049661517053e+02
3.069884521235321131e+02
3.048710766170079864e+02
2.638173347329231433e+02
2.597075683159635560e+02
2.756450560898368849e+02
2.506390801479807067e+02
2.396674785831165195e+02
2.902545170442601261e+02
3.075783843548136360e+02
3.225026988535096280e+02
3.139070240302069124e+02
3.639113286208145155e+02
2.919421271788518766e+02
2.867567588991195180e+02
3.317226084052453530e+02
3.123338891648415938e+02
3.206238284429900318e+02
3.597203466164220345e+02
2.850921323600870210e+02
3.083662811546840885e+02
3.010593295216794445e+02
2.987086030415196092e+02
3.163045055639153702e+02
3.444874060379085563e+02
3.346137741384156357e+02
3.278793094214533426e+02
3.065594008057399833e+02
3.023886057847602160e+02
3.259814206711254201e+02
3.289420547152902259e+02
3.279353279080685297e+02
3.556945702557166555e+02
3.596988017033961569e+02
3.046387430330105985e+02
3.138416218042599439e+02
3.048246091271809632e+02
3.564265808700810680e+02
3.478372099409438079e+02
3.293599725144321724e+02
3.262282939402585384e+02
3.232038632108173033e+02
3.382021945336423414e+02
3.091429867622493930e+02
3.141501107144580374e+02
3.207708892702269168e+02
2.989655412261750485e+02
3.332885983255877136e+02
3.166170317413459543e+02
3.049191372702503600e+02
2.869376974281848902e+02
3.268866383150278239e+02
3.264928553413117243e+02
2.906070604543229479e+02
3.090024793004196795e+02
3.006111124085154529e+02
3.178927510348489704e+02
2.826147018222259248e+02
2.752775082863335570e+02
2.996691695042425749e+02
3.056892602499412988e+02
2.825170507468408800e+02
2.968914190815294774e+02
3.004385435746706889e+02
3.013245285977060348e+02
3.219128912051846214e+02
3.123569194133283418e+02
2.802936884168972824e+02
3.148787602744944820e+02
3.136038021690645223e+02
3.481686378126389059e+02
3.359475009697054588e+02
3.205195554604053996e+02
3.216910769817088180e+02
3.294390737282344617e+02
3.348313539351763097e+02
3.380917647698187807e+02
3.292633044817169434e+02
3.171750345519548091e+02
3.346594685181900104e+02
3.187831214476196351e+02
3.103868725393876389e+02
3.301627171642872440e+02
3.135893936263821615e+02
3.375779532888794279e+02
3.245290077963395561e+02
3.449604508118593458e+02
3.478929243411068342e+02
3.480775614721216584e+02
3.560849812715974849e+02
3.637602465661000792e+02
3.887041991420179556e+02
3.438058609063553490e+02
3.247121144332584208e+02
3.222424405586382363e+02
3.266138974677200508e+02
3.551037934683092772e+02
3.425263574801966229e+02
3.379773542182705910e+02
3.462734099137100543e+02
3.449443754889981051e+02
3.298520983506921880e+02
3.190931440059147803e+02
3.113123934342441999e+02
2.984201658428505652e+02
3.060435418360042377e+02
3.217564547440714477e+02
3.455218552004319008e+02
3.840972013705092536e+02
3.043655878667993306e+02
3.307355625059566933e+02
3.530304108132938268e+02
3.309310221890688695e+02
3.294476221460029706e+02
3.487127816461359089e+02
3.317957573904855053e+02
2.964302696524296152e+02
3.187674783699320074e+02
3.556852853421858640e+02
3.193225364451598125e+02
3.223807230304725522e+02
3.233837739542843224e+02
3.339771267105721222e+02
3.530152814172526519e+02
3.353569840641741280e+02
3.163301078895958085e+02
3.488010143581042257e+02
3.777195064163172447e+02
3.615864908042159982e+02
3.388778847788477151e+02
3.222782513897499825e+02
3.659415504168087523e+02
3.377192583247575044e+02
3.429524492196749748e+02
3.362899135106741824e+02
3.380314068532262581e+02
3.423487707212789815e+02
3.108676398888114250e+02
2.985153126707114666e+02
3.367689604958944187e+02
3.515058226101529613e+02
3.159337140549651508e+02
3.389889178444528284e+02
3.498316386636829520e+02
3.699136903696531249e+02
3.527330281032532184e+02
3.803050664060821191e+02
3.321983608588753896e+02
3.276131149433454084e+02
3.397203253447952989e+02
3.548623848078929655e+02
3.725138258297038192e+02
3.335118801855393258e+02
3.016483671214692777e+02
3.423746757309426130e+02
3.423294069511935618e+02
3.357565744493297188e+02
3.349764179613641204e+02
3.470678643589193371e+02
3.165327399019727750e+02
3.570317145789998108e+02
3.425402442683206345e+02
2.883253820569526056e+02
3.262602594376569414e+02
3.294387158146855086e+02
3.330708080115265375e+02
3.619559935210281765e+02
3.071162914803684885e+02
2.975939457919658935e+02
2.893663250923949590e+02
3.048536537546875138e+02
3.331822132511597943e+02
3.562760151713575283e+02
3.727890613644981954e+02
3.462632273349167917e+02
3.451943978422327746e+02
3.665927283355663349e+02
3.585061182529481130e+02
3.409822036235062228e+02
3.581700174132574261e+02
3.575194651002015576e+02
3.142709290046489627e+02
3.193156005540678279e+02
3.521817829605771522e+02
3.232850967496818271e+02
3.658342925883637236e+02
3.471138682237033208e+02
3.398994777382955021e+02
3.114944514005976544e+02
3.159598184256854552e+02
3.253247384046056823e+02
3.299767150509018734e+02
3.241134890010832237e+02
3.259166091949154520e+02
3.679557630524312231e+02
3.534948162482783118e+02
3.507609429596134305e+02
3.604885203819970343e+02
3.330407567286106882e+02
3.402984311030474487e+02
3.344434429404084312e+02
3.201602437889940234e+02
3.767715684395273570e+02
3.831006143640090045e+02
3.524979697614584211e+02
3.520818640764438214e+02
3.362121118392393555e+02
3.092873050135594895e+02
3.325900403837671320e+02
3.584538066676479957e+02
3.637368514946213622e+02
3.789167251046517890e+02
3.539887788894675964e+02
3.470402076900931547e+02
3.407109958193429975e+02
3.815321391653478713e+02
3.479193694739448119e+02
3.492825682944883852e+02
3.729920231280626126e+02
3.491251115623114174e+02
3.332060960596984955e+02
3.455057628961321825e+02
3.317423078249378818e+02
3.643654332618107787e+02
3.178821809896009540e+02
3.284009155180083326e+02
3.306939364714756380e+02
3.296791805808535969e+02
3.292036986813781141e+02
3.138191599949239503e+02
3.363841834999779508e+02
3.627050582514555117e+02
3.521282515004216975e+02
3.576763650589968506e+02
3.730131186469099021e+02
3.420426022332197817e+02
3.308068639353769527e+02
3.320501135216742341e+02
3.113168722591173605e+02
3.229137568898464110e+02
3.783884502883453251e+02
3.597813279960509476e+02
3.283806957224910548e+02
3.744661836586136019e+02
3.498975659912825904e+02
3.589412042846317377e+02
3.745195474317118283e+02
3.378062613514911732e+02
3.268181255789471606e+02
3.217558455645304889e+02
3.041656960749320433e+02
3.267537038513645484e+02
3.663149499985742636e+02
3.215200052519213045e+02
3.369011805965647568e+02
3.222010797480487554e+02
3.360694147042077589e+02
3.408267035564674643e+02
3.583836505180514109e+02
3.757056241324837629e+02
3.437329958934222418e+02
3.310309832410154627e+02
3.591628149593690864e+02
3.479106201768419169e+02
3.179175256944913599e+02
3.214258254512459985e+02
3.657189762594544504e+02
3.556393791826363895e+02
3.628103354855550720e+02
3.631438711458903299e+02
3.603102078200515734e+02
3.504575770328182216e+02
3.735725575586032505e+02
3.735977434427175012e+02
3.809943817238630004e+02
3.811681052156196188e+02
3.626613652277414417e+02
3.596981707721258772e+02
3.558429919748769521e+02
3.479304250370400382e+02
3.535602637197880540e+02
3.879296094868313389e+02
3.637207869155722051e+02
3.782539110225126819e+02
3.633024367759801407e+02
4.112738673599220647e+02
3.525241653056525593e+02
3.467128689787092526e+02
3.389063271269351958e+02
3.365171081524426313e+02
3.466021741488393673e+02
3.255462217844886368e+02
3.346429721554729895e+02
3.880320749865531980e+02
3.596239747317134174e+02
3.522686879936567834e+02
3.541292944946299031e+02
3.485934565096206939e+02
3.768815720478964977e+02
3.498637153139884504e+02
3.506089776106314275e+02
3.477386152288277117e+02
3.473871875572625640e+02
3.608199838691930950e+02
3.661781673884888733e+02
3.685081494880868149e+02
3.867991119998357590e+02
3.812128027155145560e+02
3.369437675756964268e+02
3.445697999600953949e+02
3.448990294582324623e+02
3.338308676084383819e+02
3.546945075869206221e+02
3.367078910772982567e+02
3.360451286914901061e+02
3.283768083906364268e+02
3.219795087126342992e+02
3.630010306183951911e+02
3.696883745529630119e+02
3.750444542140484714e+02
3.416187343526249265e+02
3.155254107170370048e+02
3.472466241377467213e+02
3.551445583548730269e+02
3.788876787388056755e+02
3.781682719027949133e+02
3.378338752732553871e+02
3.921857183440899917e+02
3.741566605264035275e+02
3.672046005993497033e+02
3.717130312652947168e+02
3.629572315314960065e+02
3.642384650887058228e+02
3.286464241278754344e+02
3.498791870506207715e+02
3.343836777047616806e+02
3.391709118597727866e+02
3.686158489997685592e+02
3.350901273580137172e+02
3.400613986308477479e+02
3.418513482856658925e+02
3.268129355025432687e+02
3.388073492488783813e+02
3.620493973259588643e+02
3.651278456327464141e+02
3.549168841832324688e+02
3.081492251367046151e+02
3.260541886135645200e+02
5.975627441532797093e+02
3.135882510152238183e+02
2.498818624184277439e+02
3.356057736391168760e+02
3.662042200360568245e+02
4.030096679145595999e+02
3.517167142055022282e+02
3.845502618969276227e+02
3.562370552898271399e+02
3.445787283534921244e+02
3.389104154192350506e+02
3.595936831274567567e+02
3.472004729892735213e+02
3.648860927635403755e+02
3.649366292999741859e+02
3.501539308243724804e+02
3.730687846987486864e+02
3.647362846461487038e+02
3.337030107724293089e+02
3.437127327895504436e+02
3.651692056056083402e+02
3.350874234093773225e+02
3.261517871107399742e+02
3.887608320404529536e+02
3.779140164012565606e+02
3.484477678135748420e+02
3.720676027561785872e+02
3.673809096829963323e+02
3.752202799450693647e+02
3.555752185641219398e+02
3.859932720722427462e+02
3.997372375209647544e+02
3.857007687934907949e+02
3.705265301718684441e+02
3.467728443722959923e+02
3.407924249776772854e+02
3.591054946474672533e+02
3.635978685351769286e+02
3.779742907661005233e+02
4.006115069698061575e+02
3.681165903468339593e+02
3.651676778595822839e+02
3.518813770610290135e+02
3.625669213673357945e+02
4.710276415482333050e+02
4.025980498251049653e+02
3.463584738100165055e+02
3.815486448489547797e+02
3.745188035881793098e+02
3.658547037567184361e+02
3.510352493681697865e+02
3.682416334742600270e+02
3.738097705618333180e+02
3.718305354411210715e+02
3.675889801658344140e+02
3.544114506180117701e+02
3.519433370482977352e+02
3.334108191797940322e+02
3.611221190852463678e+02
3.619122513999105308e+02
3.714114609381356331e+02
3.801228782756015221e+02
3.706543132834244147e+02
3.666272941255350588e+02
4.048532811848834285e+02
3.778254802331717315e+02
3.704635690202552496e+02
3.808238295407419969e+02
4.091037575789906100e+02
3.944618499257213671e+02
3.499699624348629072e+02
3.516280707426755043e+02
3.841386186558055442e+02
3.738526159128127233e+02
3.564304744944567460e+02
3.856261799772625523e+02
3.641607283915910784e+02
3.800169209207728613e+02
3.905345169334202069e+02
3.827221712227521380e+02
3.859100576163485243e+02
3.844619366428388503e+02
3.891923785595808454e+02
3.621366623456124785e+02
3.682663257760489159e+02
3.980202453045252469e+02
3.818823151096329980e+02
3.630139760778447453e+02
3.784010137108394929e+02
3.840852371517823372e+02
3.675930484199343482e+02
3.706239893797190348e+02
3.844970394708863637e+02
3.826855291733427862e+02
4.098683715406835972e+02
3.760487240887302960e+02
4.087098144027390845e+02
3.547649801644423633e+02
3.675148786367569755e+02
3.909788686280276124e+02
3.737408390411303003e+02
4.037696470702516649e+02
4.102367836935062542e+02
4.029008015449018103e+02
3.920698284625084966e+02
3.955286901673852640e+02
3.834084377100986103e+02
3.754512366765039246e+02
3.779624167079319932e+02
3.606631385776987031e+02
3.582911423260229071e+02
3.489101521860978892e+02
3.726059110162996149e+02
3.504792817422795679e+02
3.332820359541419748e+02
3.451064395176668995e+02
3.996960742043298183e+02
4.085579011078798430e+02
3.718160882682042256e+02
3.747446711860264372e+02
3.818694351578127453e+02
3.967005369612602976e+02
3.894523859412123556e+02
3.864925107953689576e+02
3.902278504755006452e+02
3.800761575705474797e+02
3.951410528740181007e+02
4.147668862675305945e+02
3.959825577425982033e+02
4.066868762428188688e+02
4.310297123148788501e+02
4.082838467649542054e+02
3.961364886204198115e+02
3.887131964233570329e+02
3.845174154558742998e+02
3.708598916110702817e+02
4.030543297646138399e+02
3.899526862953977684e+02
4.430847482432356514e+02
4.155782915303603886e+02
3.860519787546542716e+02
3.907665553476059586e+02
3.858972478398632688e+02
4.102070526808292357e+02
3.988666825103024962e+02
4.009041818418598382e+02
4.235393996391268274e+02
3.896306806885281731e+02
3.959562614236915010e+02
4.167537262801654947e+02
3.963859771204980689e+02
3.894305109834086238e+02
3.860798270359229036e+02
3.977170955760155948e+02
4.283376760002116725e+02
3.854134219890494819e+02
4.084934840034730428e+02
4.173948066619036581e+02
4.100995779117667439e+02
3.885394109179192128e+02
3.910354743160122553e+02
4.131625704359526026e+02
4.023117816221217709e+02
3.914077490094118730e+02
3.725974271390309696e+02
3.868217153023155674e+02
3.815358501683004988e+02
3.542099484149645718e+02
3.998103281035762961e+02
3.941388056697759339e+02
3.811282938602290642e+02
3.845402382286989109e+02
3.902782194990597873e+02
3.723857424385678314e+02
3.718887419139492749e+02
4.144984525157927351e+02
3.907377470395773003e+02
3.702945802841679210e+02
4.179880278488591330e+02
4.116488391341376882e+02
3.903916446334632155e+02
4.225053521360164837e+02
3.935383285805574474e+02
3.793423916606805619e+02
3.714126093442133651e+02
3.798232882385362927e+02
3.964000147476980942e+02
3.888402039412614499e+02
4.015957338420640781e+02
4.070565002855389025e+02
4.245390407230008805e+02
4.002561033598823315e+02
4.010488173897897468e+02
4.186568315362906674e+02
4.020644859312244535e+02
4.096457234823361659e+02
4.183441453495095743e+02
4.038995658887295122e+02
4.120403387560537567e+02
3.922906172404790937e+02
3.997375742100084040e+02
4.123536643238563215e+02
3.720716520667681380e+02
3.701824728230947699e+02
3.691502788741855170e+02
3.732071973638826989e+02
3.907940025149953840e+02
4.060357157519844691e+02
4.239605544554582934e+02
3.839234513009511147e+02
3.861108703153059878e+02
4.056436208126964402e+02
4.017640840525521071e+02
4.061559980400857626e+02
4.302269186071679883e+02
4.217360038676765157e+02
4.019093647003403476e+02
4.173523755914869184e+02
4.239454665398793622e+02
4.121832356736651946e+02
3.977200758221038086e+02
3.872314015668368938e+02
4.091146028005001654e+02
3.876132360168006699e+02
4.168010350302133702e+02
3.956820914207823421e+02
3.939215163551193086e+02
3.918054167416822224e+02
4.178111282546686880e+02
3.821447653460618312e+02
4.142509823042977359e+02
4.326391018655442622e+02
4.060734260186833922e+02
3.796780978294494275e+02
4.030291048554694839e+02
3.850120102649062801e+02
3.840374799775094061e+02
3.848135855681344992e+02
3.486150080872698709e+02
3.592112015393616389e+02
3.870380734423009130e+02
3.951934126703436050e+02
3.883868060622768326e+02
3.893105105172239746e+02
3.854901955642865801e+02
3.831707472802431198e+02
3.887666988558078742e+02
3.715128026473796581e+02
4.154046566631918154e+02
4.033187048961378309e+02
3.914651422582369946e+02
3.765633320837460474e+02
4.031786518048721746e+02
4.093318919023105877e+02
4.159361000538732469e+02
4.064754060873505637e+02
4.107966299471503362e+02
3.880999670003077426e+02
3.967344952385660122e+02
4.224008651218181853e+02
4.005725505050857578e+02
4.141455302434127930e+02
4.195043587643060050e+02
4.333947904935837414e+02
4.007578887247511261e+02
4.380808358223731034e+02
4.111581652380437504e+02
3.892386376150190017e+02
4.054101494787724960e+02
4.004658234026469472e+02
4.031150876415396738e+02
4.101750947010777963e+02
4.069048553563051200e+02
4.082318987467701277e+02
4.085420753546239894e+02
4.023858535631828204e+02
4.333769430042855788e+02
4.247088641992816633e+02
4.084715383927979815e+02
4.026682554180204647e+02
4.201309535432384337e+02
4.070023855669745103e+02
3.762399273888401581e+02
4.026649849068760432e+02
3.959652664375165614e+02
4.307248237403145481e+02
4.125462349451337332e+02
4.303263008576075777e+02
4.008500888974270424e+02
3.967529021063108416e+02
4.055812573068608344e+02
4.186537700392581769e+02
4.222038523114507029e+02
3.980478144062481647e+02
4.078844939263256038e+02
4.071435322047055934e+02
4.160159644391933398e+02
4.021245782576219767e+02
3.987084190968337793e+02
4.221939163010895300e+02
4.258017426894547270e+02
4.111349161621856751e+02
4.036410877930733818e+02
4.348135350493232067e+02
4.109256575878584385e+02
4.171193908529322698e+02
4.249846305513972311e+02
4.196761179039746708e+02
4.046763142925308898e+02
4.151603244565800424e+02
4.035658722522854305e+02
4.371838283132935885e+02
3.748295791222297453e+02
4.118342168541968249e+02
4.326483037359379296e+02
4.071657561656822963e+02
4.587555258432425944e+02
4.189284706118290273e+02
3.738524734078735037e+02
4.166730661198191683e+02
3.925217865763334544e+02
4.052244243139443824e+02
4.002365534054326304e+02
3.896466481105659909e+02
4.155734648746308153e+02
4.051377831387349033e+02
4.361067921995605161e+02
4.198133445311694913e+02
3.938559517779063981e+02
4.252152329004190960e+02
4.089332141601408352e+02
3.837623642362094643e+02
4.181214174570573050e+02
4.064760116496019577e+02
3.832437113515267129e+02
4.358655173597677503e+02
4.275701571558301453e+02
3.801868631556134233e+02
4.077101650167210778e+02
4.200218874222445038e+02
4.274905373285922678e+02
4.184796376438888501e+02
4.312899184571480191e+02
3.941442521782095696e+02
4.095990060634332508e+02
3.933197469379802556e+02
4.227439371775165569e+02
3.924434122005590098e+02
4.142416831917791455e+02
4.456471090662492429e+02
3.574863568790145223e+02
3.639643545603846064e+02
3.731083177459623244e+02
3.636813698611178438e+02
3.896778356732954194e+02
4.398758563018409973e+02
3.869367323433332331e+02
3.574817462201100398e+02
3.996495011729461453e+02
3.893768562832308930e+02
3.504177213946451843e+02
3.969963041994692503e+02
4.092727977171866769e+02
4.130195278044275824e+02
4.094474196007738556e+02
3.978761307089390016e+02
4.241896336302274904e+02
4.278169504348637133e+02
4.108762236921899103e+02
3.925539570366089492e+02
3.763480891123619472e+02
3.976244636411863667e+02
3.897215002127583148e+02
3.910454933360692280e+02
4.246387803119013142e+02
4.073725120919925189e+02
3.783541943958702518e+02
4.023643769463828335e+02
4.251831409608726631e+02
3.880114151961182074e+02
4.323640762182733965e+02
4.000803012076197547e+02
3.887901103888893886e+02
3.811582388585726449e+02
4.030476473627732616e+02
4.019087873298151976e+02
4.103077614496413617e+02
3.668392096263171425e+02
3.713268039285800342e+02
4.480878977572554049e+02
4.178960752008969735e+02
3.845971063621996109e+02
4.057986237996941554e+02
3.917101362020836746e+02
3.883900711960540661e+02
3.952111859761617438e+02
4.041488603202496392e+02
4.311216999861638328e+02
4.016800994615291529e+02
4.018619321420475217e+02
3.859460752709494500e+02
3.870748030079769251e+02
3.961305543914522218e+02
3.773759940152423837e+02
3.870810042689412853e+02
3.866919106781547271e+02
3.789584129866343574e+02
4.014987260212052433e+02
4.113377389320449424e+02
3.920450797820330990e+02
3.713826288765316690e+02
3.641865818825156680e+02
3.844686204746130329e+02
4.365253268650831728e+02
4.121700810321596578e+02
3.364287904971242256e+02
3.611691239351559943e+02
3.738066307690733083e+02
3.891143364756169944e+02
3.639997359878818770e+02
3.840902013459570981e+02
3.812889410522464004e+02
4.198029154596692365e+02
4.091878130983233177e+02
3.877813127532813837e+02
3.593975453587597713e+02
4.197820811248014934e+02
3.592556890205950140e+02
4.079475330724760624e+02
4.199318275330467145e+02
3.752129171638048888e+02
3.915222908797158539e+02
4.099165705344706225e+02
4.170720375863144227e+02
3.520695579371031840e+02
3.957669075582072082e+02
4.331670962824193793e+02
3.891828880280594944e+02
4.137683006828121961e+02
4.257942705748694721e+02
4.057330278806254000e+02
4.059319505139230841e+02
4.111283717467078418e+02
4.065398275050201846e+02
4.187644106621226570e+02
4.374962720886711054e+02
4.692761491627857708e+02
4.789375098503047070e+02
4.918383524405035132e+02
5.048449808154437051e+02
4.407803267315742346e+02
4.084292964339772993e+02
4.004033313015729050e+02
3.993851700019172881e+02
4.350408818038956724e+02
4.079091942383005858e+02
4.094930156222103506e+02
3.773758984854889604e+02
3.830216996339048592e+02
3.799991493961837250e+02
3.830497022107481939e+02
4.020401113594073195e+02
3.900281302339809031e+02
4.262500700555890489e+02
4.280166035708622303e+02
4.053522076718099356e+02
4.286474219765026987e+02
4.356163211497240013e+02
4.066832183525005462e+02
4.027299699582922585e+02
4.285072035884484762e+02
4.135561581219245681e+02
3.952182232054644828e+02
3.586710457223754247e+02
4.269252012016851836e+02
4.785718608210908087e+02
4.061545038342992484e+02
4.382397441297767955e+02
3.822699271967557024e+02
4.054687390261832434e+02
4.434882417270735004e+02
4.054575064339572918e+02
4.054725816459252314e+02
4.094811626646226728e+02
4.110291577891901511e+02
4.012765288821032641e+02
3.787482790089577520e+02
4.194406776912599071e+02
4.186124095328528369e+02
4.156134588495787625e+02
4.131828306728826874e+02
4.107206648947437770e+02
4.087790384787105609e+02
4.363923829983428391e+02
4.025454738965590309e+02
4.344365935673466765e+02
4.169852081030110185e+02
4.077238534249734698e+02
4.244164292717129570e+02
4.205494092001515014e+02
4.023377911815211405e+02
4.107154941321052775e+02
4.332156241765457025e+02
4.195110490241357297e+02
4.047781197246355873e+02
4.081481393420185100e+02
4.172397360046319932e+02
4.226113877006250732e+02
4.046983121447478879e+02
4.142273842512964279e+02
3.950250117250142807e+02
4.033333283232498729e+02
3.966558326346760737e+02
4.111644712049651957e+02
4.065051911839308332e+02
4.260364392873119641e+02
4.452373101968910873e+02
4.217683494931877703e+02
4.089102624544114519e+02
4.142266155283357989e+02
4.166145526645472614e+02
4.186412392144911223e+02
4.341439571305963909e+02
4.265193814768841776e+02
4.516151546890984037e+02
3.928967474425983823e+02
3.996748314536354769e+02
3.816781461637785355e+02
4.083092033493932149e+02
4.270442862811052009e+02
3.947728128714855984e+02
4.007604766068341746e+02
4.234589642175486688e+02
3.653119406500311470e+02
4.049557173802164698e+02
4.070046295443717099e+02
4.383517506162233417e+02
4.148343126552183548e+02
3.955122632206209232e+02
3.979889781751612077e+02
4.355497665228232336e+02
4.122571989875777376e+02
4.086631874615955553e+02
4.028163786642412560e+02
4.146655127344868106e+02
4.792168109030287155e+02
4.520441348201945289e+02
4.649772654104431240e+02
4.416767023449021963e+02
4.115643293116913810e+02
3.760299279106568520e+02
3.845523143754701323e+02
4.170977062132956235e+02
4.327778114524481339e+02
4.275157679634106671e+02
4.266901184274252046e+02
4.393065613640668516e+02
3.981247242486799678e+02
4.129163984772913523e+02
4.300174556814458242e+02
4.372849047663340230e+02
4.602298760201474579e+02
4.708952381717762137e+02
4.241149613773307578e+02
4.079766437382237996e+02
4.214154119756121304e+02
4.726428180178411367e+02
4.383236836798892000e+02
4.190549464388201386e+02
4.465510128104446039e+02
4.317041921943941247e+02
4.383986481900643639e+02
4.370724619154373727e+02
4.118941144548417128e+02
4.613431150314571028e+02
4.299973189531233970e+02
4.198380837083992674e+02
4.451664959335050753e+02
4.125184190513915610e+02
4.023907716754831654e+02
4.016550685206390767e+02
4.175842375439704028e+02
4.268423750444977145e+02
4.353897332731926326e+02
4.430557615341563746e+02
4.598878060281378453e+02
4.715270857231568584e+02
4.428152127167352887e+02
4.717267484881175506e+02
4.837640288816642737e+02
5.085003884463401960e+02
5.084419788922972998e+02
4.602830141125078285e+02
4.654105983735876180e+02
5.151944531257843209e+02
4.773165078456552806e+02
4.751817195990157643e+02
5.181138279710468169e+02
4.758201729855260282e+02
4.804263805530036961e+02
4.835789814835646325e+02
5.090986969431893954e+02
4.980964089833433377e+02
4.921533420388272475e+02
5.135145923421258658e+02
5.190016492434658630e+02
5.335062214116376254e+02
5.072581695507104769e+02
4.798753333414575195e+02
5.198075169722725377e+02
5.507368222701959439e+02
5.378621903563744127e+02
5.437032217079272414e+02
6.931321811573125160e+02
7.251699488995670890e+02
7.565709388721082860e+02
7.133903790015099275e+02
6.020388534863323002e+02
5.957044925252955636e+02
5.382961738346120910e+02
5.406811794954024890e+02
6.396180315022453442e+02
8.744610136435096592e+02
1.493268100724601709e+03
2.118477391695940241e+03
2.234370004585125116e+03
1.640443836712984421e+03
1.061848610239819891e+03
6.654650313654058209e+02
5.183850606737846647e+02
5.079817085967915204e+02
5.256981610082693805e+02
5.321608928292868086e+02
5.220254253658433754e+02
5.439803128520012478e+02
6.009416073817408233e+02
7.189526175498218663e+02
1.086667126642458925e+03
1.253159434606220429e+03
1.158374341481990314e+03
9.238029512096015878e+02
6.881147559009976931e+02
5.772976412476346013e+02
5.519617636151768920e+02
4.938935728188614007e+02
5.453068436795961134e+02
5.110213242672050455e+02
4.773815610057691288e+02
5.271407435115064573e+02
5.065523738766676161e+02
5.061971722319257765e+02
4.978650655828388381e+02
5.027611447093690913e+02
4.936758630589529275e+02
4.850571733659519964e+02
4.821492692498293877e+02
4.812075311003280262e+02
5.040764206407749271e+02
5.207538717579019476e+02
4.617044634187861334e+02
4.690764661941253166e+02
4.458727631013029509e+02
4.641758584302373265e+02
4.695016891754102630e+02
5.108751929660816700e+02
4.714623098893776501e+02
5.007863191728874881e+02
4.402174314758116225e+02
4.457142860341592154e+02
4.549045127915380817e+02
4.286623269984874582e+02
4.415556490182802918e+02
4.523145281663638571e+02
4.309853541551178751e+02
4.481057140407606312e+02
4.473946944807819364e+02
4.443700697106439179e+02
4.738584501971241707e+02
4.355668130755721563e+02
3.823628873603091733e+02
4.388127131716775580e+02
4.357299835106780392e+02
4.366767196108165194e+02
3.924640694496958417e+02
4.466472913939854266e+02
4.313908010151963026e+02
3.911748848754431265e+02
4.213582724905412533e+02
4.173543330914783382e+02
4.168184944271261543e+02
4.238764532950934267e+02
4.232613153482184885e+02
3.914514667858596795e+02
4.289894565902587260e+02
4.415752179080325277e+02
4.371905712017735368e+02
4.359212198961379841e+02
4.584248779746037030e+02
4.391056729961897531e+02
4.103543257830936000e+02
4.103305276059980429e+02
4.348734219541660764e+02
4.100296089873129404e+02
4.160937512645101606e+02
4.701591881348011839e+02
4.524786937156760587e+02
4.040819475464576840e+02
3.856462399678200654e+02
4.505568337072355121e+02
4.224611669927795106e+02
4.170611355014054880e+02
4.411801243765192453e+02
4.213171890304041654e+02
4.134115222156623304e+02
3.908823137290210070e+02
4.222495125591364626e+02
4.435378789388597625e+02
4.383034619282541371e+02
4.358356691879765776e+02
4.182417874175574184e+02
4.031328324285732947e+02
4.484516776592175802e+02
4.549849802829796204e+02
5.345216333262992521e+02
7.302005933570014804e+02
7.997606713804694891e+02
7.473826133869048363e+02
5.876331125078570494e+02
4.878833641822375284e+02
4.488938538004761654e+02
4.078640927791425952e+02
4.492237178714453876e+02
4.848002044449652317e+02
5.984652829926096729e+02
7.678248178948811073e+02
6.821559923992456334e+02
5.694608999839490480e+02
4.388660447945888450e+02
4.119977856638251410e+02
4.762595119486997532e+02
3.978542988318925495e+02
4.200357667148991823e+02
4.132985199168644499e+02
4.057941096089556368e+02
4.347856399405076218e+02
4.169194038049585060e+02
4.184523260819612460e+02
4.022660172678587287e+02
4.118802062838839788e+02
4.447656763068201258e+02
4.112553821773969389e+02
4.425868122813487275e+02
4.295153384666920147e+02
4.138802951013705638e+02
4.555192541420179282e+02
4.131513468270406406e+02
4.078273660975393113e+02
4.497630806266731724e+02
4.296025108241024100e+02
4.200465301785481529e+02
4.186707401971979721e+02
4.558879944134027369e+02
4.799474321635171918e+02
4.266618111626966083e+02
4.120622004856438139e+02
4.296786945027973275e+02
4.381935431552204250e+02
4.486199303072716589e+02
4.370293704348820825e+02
4.146041383060207295e+02
4.530069300398620271e+02
4.212951684286765044e+02
4.198906442107451085e+02
3.936044934545567457e+02
4.337792865828077424e+02
4.466625161071216326e+02
4.135977400899058694e+02
4.669152495174946012e+02
3.997519092948464277e+02
4.347269442933232426e+02
4.100349563927595113e+02
3.702256227748944752e+02
4.468670083425029702e+02
3.105631498913060682e+02
4.983020022085228220e+02
4.097198585476085668e+02
4.186976414979792480e+02
4.481069922073927501e+02
4.236280729622491776e+02
4.269727099884466384e+02
4.177890137330177822e+02
4.006200765571037437e+02
4.313062988499812036e+02
5.003295574352619042e+02
4.690854727085729792e+02
4.698915422883944188e+02
4.234286078515427221e+02
4.658136447075963815e+02
4.226394297875426673e+02
4.345584304056588962e+02
4.684006710840830010e+02
4.350796242595756667e+02
4.420212473376438425e+02
3.921119979072333877e+02
4.377022038248034050e+02
4.511997173741282268e+02
3.829687780067070548e+02
4.315066782197229145e+02
4.279494567146315376e+02
4.565153575549294374e+02
4.195886623571061591e+02
4.628711234495570466e+02
4.199029784905254132e+02
4.463484755630138920e+02
4.147464207820249271e+02
4.543443750417865772e+02
4.355362873502965044e+02
4.438723034416462951e+02
4.435205544866562946e+02
4.268840559578713965e+02
4.723814644879026332e+02
4.060323302801576233e+02
4.158115173443109143e+02
4.615981663840669285e+02
4.763467134420394586e+02
4.712639466391090650e+02
4.633094882831439918e+02
4.504256466686525755e+02
4.510021606505926570e+02
4.159156721194665352e+02
4.658877575328473313e+02
4.550687966018896873e+02
4.625682118943358319e+02
4.634162587054863707e+02
4.519940785090877284e+02
4.779309749281930522e+02
4.711427006921396128e+02
4.609883199183102533e+02
4.290352740345952611e+02
4.461650748714012025e+02
4.453141689722446017e+02
4.848742399918146475e+02
5.443062414598113037e+02
5.216839837509322706e+02
4.960361405402518926e+02
4.765339241297566559e+02
4.392833770640697253e+02
4.339583617468526313e+02
4.387360494639032709e+02
4.117624008791174788e+02
4.967723663690006788e+02
4.149090894120236612e+02
4.764457587208416385e+02
4.909013976194827933e+02
4.382194374835431177e+02
4.686618151403572483e+02
4.377976357949022486e+02
4.470468486573862492e+02
4.453794572887679806e+02
4.378523265633869528e+02
4.611634669870947505e+02
4.125467208365604961e+02
4.022700819588687295e+02
4.806759613529256967e+02
4.765978646252386284e+02
4.820394476620031696e+02
4.264559122153403905e+02
4.458424736742213099e+02
4.023622808268835342e+02
4.921547900678849601e+02
4.192503177415634354e+02
4.466371057365115576e+02
4.779142499036409504e+02
4.692522984105958699e+02
4.591803540256071301e+02
4.780623626378217637e+02
4.190318334517733092e+02
5.061966701169483258e+02
4.288245529572554346e+02
4.960771712290903679e+02
4.659521351922047643e+02
4.883511503700938761e+02
4.741030974322684415e+02
4.783065514940631147e+02
5.180819558351762453e+02
4.464169860531121685e+02
4.443192818074341517e+02
4.950463352824233425e+02
5.009863313167178944e+02
5.107061188613963054e+02
4.279465805492833397e+02
4.530583603569456272e+02
4.119622206474149948e+02
4.425352064541170876e+02
4.614349784365039113e+02
4.616434012068762058e+02
5.053624737173832386e+02
4.303327205164011389e+02
4.178599386457682385e+02
4.773011699883134042e+02
4.702108677256326814e+02
4.721567303216091886e+02
3.661744915534692950e+02
4.473983379117638606e+02
4.998032676579605322e+02
4.377404513977803049e+02
4.556811916772550717e+02
4.849459217133993434e+02
4.626004427383203392e+02
4.880895157214168307e+02
4.725592354896451184e+02
4.552855582579603038e+02
4.625159255767279660e+02
4.598853001091264900e+02
4.741305563523830529e+02
4.140752825343836321e+02
4.409267539072504860e+02
4.889669018996747809e+02
4.539702055968651848e+02
5.353173276232894295e+02
4.565581289474398545e+02
5.551207379525790202e+02
5.321486448167016761e+02
4.119960957286174903e+02
4.921233222135642222e+02
5.423830015968798079e+02
4.647553312687210223e+02
4.385352408201479193e+02
4.614135608292862116e+02
5.197781153004907537e+02
5.002406617151092405e+02
5.222075307057144755e+02
5.438475934174035729e+02
5.290856959087401492e+02
5.138699669492079920e+02
5.599653686968274542e+02
6.049511908635281543e+02
4.881297829685209990e+02
4.518098692193260604e+02
4.431951337201209640e+02
4.916737784565866605e+02
5.681203754197550779e+02
5.092399344939469188e+02
4.403695913623836873e+02
4.666142637216493654e+02
4.529954318341054318e+02
4.529948108820095172e+02
4.165335090033568122e+02
4.830352275653162906e+02
4.897886605627584800e+02
5.038949502466776380e+02
4.419836018179687471e+02
4.144684744283441660e+02
4.537741699230351173e+02
4.955993275028544076e+02
4.819276173675683026e+02
4.246749616075965719e+02
5.063525635304572461e+02
5.412678082487158235e+02
4.309799656317544532e+02
5.010813947468815286e+02
4.647499839978100908e+02
4.104129175541954737e+02
4.391811355028519870e+02
4.885987495093208963e+02
4.441263731863908220e+02
4.494364807705431417e+02
4.597614278241324541e+02
4.533647454329823177e+02
4.711629998916632758e+02
5.026487144057044247e+02
4.901674340206262741e+02
4.681948429596826031e+02
4.646794825681149632e+02
4.418063009452857841e+02
4.788337248676088507e+02
4.483806956665021062e+02
4.565270903129171529e+02
5.264551477635477568e+02
4.742841563543793768e+02
4.786225129625191244e+02
4.895247101584656093e+02
4.808088021589015284e+02
3.929738523893057618e+02
4.651184977748428651e+02
4.868028387629390750e+02
4.261957193584690344e+02
4.990836909795724523e+02
4.761951522641323322e+02
4.616629711937977731e+02
5.863424380962411533e+02
4.971088805184931516e+02
4.240268796274714873e+02
4.676549078904107546e+02
4.940266633341315128e+02
3.578931477206836007e+02
5.168636566865152417e+02
6.083007466623555501e+02
5.515479954573269197e+02
4.598712058488942489e+02
4.336718253452951899e+02
4.206291452311267562e+02
4.567153164396976308e+02
4.797714786189484926e+02
4.489202309547471827e+02
4.461211931873592675e+02
4.704167562607008790e+02
4.404756130212909397e+02
4.747296065554443203e+02
4.709740401729534938e+02
4.204216177452107672e+02
4.736051208493107083e+02
4.855414023419145906e+02
4.014274820031577633e+02
5.570281414040023265e+02
5.033007380304669027e+02
4.550771120196823745e+02
4.491390144046051205e+02
4.654971857494471692e+02
4.538730575033877699e+02
4.277213121422147992e+02
4.340953122917157998e+02
4.651710791146287534e+02
4.646097084216607982e+02
4.706051688163984181e+02
4.668200008434531583e+02
4.783247830948930641e+02
4.267883245205543403e+02
4.681585599675175899e+02
5.261095457054345843e+02
4.542642567762715657e+02
4.392619957866697860e+02
4.890859960112099429e+02
4.716656042034861116e+02
5.882768230909398426e+02
5.062327080609985615e+02
4.880187123942195058e+02
5.163694403945841032e+02
4.314555732485069370e+02
4.972988536609142329e+02
4.575566969008613114e+02
4.551300019582332084e+02
4.532991771008897217e+02
4.940277219162796314e+02
4.506693519845591140e+02
4.466533675968443617e+02
4.868018384030572747e+02
5.246842971356728640e+02
5.058689736416151277e+02
5.228960284081001646e+02
4.864112576152553515e+02
5.313267594913281755e+02
5.073642168992516872e+02
4.830073633179960098e+02
4.873136947852963203e+02
4.718161477364647567e+02
5.317431161242395774e+02
5.209678702048571495e+02
5.113517029395203508e+02
5.079857209299412943e+02
4.927108743651164104e+02
4.864170445419457565e+02
4.970158853291441119e+02
4.656400003104188272e+02
4.728554583112457408e+02
4.686509901176720518e+02
4.606313384105422415e+02
4.911730147345192563e+02
5.055772905083521778e+02
5.344712704436703916e+02
4.897890173505316511e+02
4.652943793473747292e+02
4.915129359242490068e+02
4.732568797313014670e+02
4.877006615795072548e+02
4.441518654528247794e+02
4.118291343010218952e+02
4.674212467088552785e+02
4.674295092928919075e+02
4.740363947198256938e+02
5.484942893999733542e+02
4.487523874360348373e+02
4.563867747065307867e+02
5.060090053443347529e+02
4.754904899369877853e+02
4.855353430442250442e+02
4.793533421364519995e+02
4.942711450993078870e+02
4.530652170346419894e+02
5.025657297010347975e+02
4.735062439943725394e+02
5.021592914730953794e+02
4.705868437529972539e+02
4.771618451805994141e+02
4.911095495257675339e+02
5.762255986595022250e+02
4.956931919527978039e+02
5.006572507813991137e+02
4.980219671476351095e+02
5.168015904272803027e+02
4.765803044422293056e+02
4.489773941111856175e+02
5.008902065799223351e+02
4.903119290340190446e+02
4.938137697950159577e+02
5.312425830093767445e+02
5.351260320955956331e+02
4.845747581202699621e+02
5.094225374834034596e+02
5.269040169576828703e+02
5.338282613237039413e+02
5.342030349574389447e+02
4.986356249795611575e+02
5.068339063565210836e+02
4.863166583979990492e+02
5.025938662777167565e+02
5.271784998730478264e+02
4.913838561083913987e+02
4.953557784094749081e+02
5.354029208994930968e+02
4.565237679730870468e+02
4.676564968475504998e+02
4.794328617743979635e+02
4.851149654712854158e+02
4.613805276542708498e+02
4.680829562073980696e+02
5.203623276966483218e+02
5.406973107232065558e+02
4.925209991746954188e+02
5.305001555959024699e+02
5.253683903455146265e+02
4.979385786601996529e+02
5.234278023365171748e+02
5.404561238401894343e+02
5.126362543073389588e+02
5.362286060973697204e+02
4.869541877467966629e+02
4.807126611671528735e+02
5.551151977543355542e+02
4.908681656542388509e+02
5.236034464614701847e+02
5.209706978227762875e+02
5.400535885183293203e+02
5.652152338324002585e+02
4.962108985301696862e+02
5.056113592717315441e+02
4.964207680187836331e+02
5.042272205074601743e+02
5.518883326434236096e+02
5.045405178234751133e+02
5.819623312924405809e+02
5.761949797904621846e+02
4.633769883324495140e+02
5.092298817793970898e+02
5.842204914564320006e+02
4.527541832842415488e+02
4.676184349532103965e+02
4.996164254233483462e+02
5.514803257872716813e+02
6.114766370081780451e+02
6.028230343408279168e+02
4.841912715718399340e+02
5.073783857996530173e+02
5.522782247697219873e+02
5.157180383028210144e+02
4.587471119273153022e+02
4.857550772199775224e+02
5.305243831566793915e+02
5.058578086778532565e+02
5.159304361503772043e+02
5.324694167154333400e+02
5.339882796893737122e+02
5.119349577916111116e+02
5.219087202544878892e+02
5.513134215510976901e+02
5.727979690184303081e+02
5.542318123552331599e+02
5.225819916057018872e+02
5.834974183840943169e+02
5.820978428877645001e+02
5.299288197422947633e+02
5.280450419267763209e+02
5.429251715726062457e+02
4.746540803693627026e+02
9.339157060264554957e+02
7.489785057718917187e+02
5.203080588201709134e+02
5.840490414693231287e+02
5.023014743979918535e+02
6.527113588879686858e+02
5.690161199253024051e+02
5.357355198525435753e+02
5.377083065640055111e+02
5.558657291368963342e+02
5.698731292515006999e+02
5.880592564781235296e+02
6.080291502213329977e+02
5.902334359958482537e+02
6.235774448170050164e+02
5.835402979639197838e+02
5.035765608927657695e+02
4.806513100294941978e+02
6.539993252808632178e+02
6.674193325556421996e+02
