5.477854412708946256e+03
5.479773115024589970e+03
5.481617591800779337e+03
5.483154385559030743e+03
5.486175905007258734e+03
5.487759229775129825e+03
5.489301620609951897e+03
5.490838583540877153e+03
5.492375766693702644e+03
5.493912993027635821e+03
5.495450418483330395e+03
5.496988070602802509e+03
5.498526030561039988e+03
5.500063960140660129e+03
5.501601985367774432e+03
5.503140146215251661e+03
5.504678442458675818e+03
5.506216873884764027e+03
5.507755208044747633e+03
5.509293822198603266e+03
5.511248168045905913e+03
5.512977223920269353e+03
5.514754888710395790e+03
5.516681189104178884e+03
5.518529163227972276e+03
5.520068800141976681e+03
5.521608569608036305e+03
5.523148471626489481e+03
5.524688506171445624e+03
5.526228672827423907e+03
5.527768971310185407e+03
5.529309401399200397e+03
5.530849719512772026e+03
5.532390356389745648e+03
5.533931194905743723e+03
5.535472164158642954e+03
5.537013263964718135e+03
5.538554494137775691e+03
5.540095854483498442e+03
5.541637344384852440e+03
5.543178963869779182e+03
5.544720774689775681e+03
5.546262668595295509e+03
5.547804674293349308e+03
5.549754959633431099e+03
5.551792051269193507e+03
5.553565392688828979e+03
5.555212857740992149e+03
5.557059423182548926e+03
5.558602319494037147e+03
5.560145344440039480e+03
5.561688497951249701e+03
5.563231779969648414e+03
5.564775190426942572e+03
5.566318729273205463e+03
5.567862396458912372e+03
5.569406191704391858e+03
5.570950115039621778e+03
5.572494166567345019e+03
5.574038346286839442e+03
5.575582654143563559e+03
5.577127090092938488e+03
5.578671654107401082e+03
5.580216346171700025e+03
5.581761166280366524e+03
5.583306114423376130e+03
5.584851190534632224e+03
5.586396394554157268e+03
5.587941726452297189e+03
5.589487186176497744e+03
5.591441038736710652e+03
5.593423981001878929e+03
5.595355302576730537e+03
5.597158991751874964e+03
5.598762625169383682e+03
5.600308977756969398e+03
5.601855457604307048e+03
5.603402064611703281e+03
5.604948798693440040e+03
5.606495659773728221e+03
5.608042647743719499e+03
5.609589762496038929e+03
5.611137003926392026e+03
5.612684371915781412e+03
5.614231866375196660e+03
5.615779487196331502e+03
5.617327234210569259e+03
5.618875107283657599e+03
5.620423106328229551e+03
5.621971231260143213e+03
5.623519482005955979e+03
5.625067858468953091e+03
5.626616360506725869e+03
5.628164987968752030e+03
5.629713740722791954e+03
5.631262618638285858e+03
5.632811621613426723e+03
5.634771214683911239e+03
5.636754440994320248e+03
5.638592909067553592e+03
5.640249602473980303e+03
5.642108257911313558e+03
5.643658132382472104e+03
5.645208130774952224e+03
5.646758252910274678e+03
5.648308498607055299e+03
5.649858867736376851e+03
5.651409360146082690e+03
5.652959975623940409e+03
5.654510713969473727e+03
5.656056516902690419e+03
5.657612558489191542e+03
5.659163664236156364e+03
5.660714892027006499e+03
5.662266241664497102e+03
5.663817712939818193e+03
5.665369305616910424e+03
5.666921019460407479e+03
5.668472854267321964e+03
5.670027186506114049e+03
5.671580156332251136e+03
5.673132375476599009e+03
5.674684714456617257e+03
5.676231669314756800e+03
5.677776308301316931e+03
5.679325963387856063e+03
5.681480114205241989e+03
5.683281454684459277e+03
5.685110881359625637e+03
5.686780612905316957e+03
5.688657610001766443e+03
5.690211114521129275e+03
5.691764737355389116e+03
5.693318478110767501e+03
5.694872336297648872e+03
5.696426311697311576e+03
5.697980404172114504e+03
5.699534613589843502e+03
5.701088939812054377e+03
5.702643382707270575e+03
5.704197942169593261e+03
5.705752618107978378e+03
5.707307410442177570e+03
5.708862319101023786e+03
5.710417344003275502e+03
5.711972485098873221e+03
5.713527742302752813e+03
5.715082129470976724e+03
5.716637238887574313e+03
5.718192804929883096e+03
5.719748919425284839e+03
5.721304835407178871e+03
5.722870293952947577e+03
5.726018097567161021e+03
5.727569915280456371e+03
5.729086513624210056e+03
5.731124941034971926e+03
5.732794392318759492e+03
5.734591650063316592e+03
5.736419182315526086e+03
5.738367264405103924e+03
5.739986859429192009e+03
5.741544435573823648e+03
5.743101899664576194e+03
5.744659215249870613e+03
5.746215304413083686e+03
5.747772681337986796e+03
5.749330594241888321e+03
5.750888621784242787e+03
5.752446763857665246e+03
5.754005020341044656e+03
5.755563391150719326e+03
5.757121876190998591e+03
5.758680475321837548e+03
5.760239188430494323e+03
5.761798015430781561e+03
5.763356956212915975e+03
5.764916010587569872e+03
5.766475178526424315e+03
5.768033115653498498e+03
5.769591627173756024e+03
5.771149422411127489e+03
5.772708634187032658e+03
5.774268499794521631e+03
5.775831796074810882e+03
5.777392511748636025e+03
5.778952581920701959e+03
5.780512545963427328e+03
5.782072763817352097e+03
5.783678945578722960e+03
5.785607157932241535e+03
5.787356292836125249e+03
5.789154795502226989e+03
5.791089838557602889e+03
5.792933780731054867e+03
5.794559492054300790e+03
5.796120797347462030e+03
5.797682214281107008e+03
5.799243742782678055e+03
5.800805382763476700e+03
5.802367134139405607e+03
5.803928996827947230e+03
5.805490970740467674e+03
5.807053055778131238e+03
5.808615251839964913e+03
5.810177558832635441e+03
5.811739976653531812e+03
5.813302505198671497e+03
5.814865144382329163e+03
5.816427894117634423e+03
5.817990754279447174e+03
5.819553724767815766e+03
5.821116805513795953e+03
5.822679996404805934e+03
5.824243297321061618e+03
5.825806708156942477e+03
5.827370228785332074e+03
5.828933859078291789e+03
5.830497598897960415e+03
5.832061448115573512e+03
5.833625406582987125e+03
5.835189474172974769e+03
5.836753650792749795e+03
5.838317936324754555e+03
5.839882330608160373e+03
5.841446833512768535e+03
5.843011444940787442e+03
5.844991713846618950e+03
5.846744713471015530e+03
5.848545457895570507e+03
5.850376819663662900e+03
5.852048826375965291e+03
5.853899310341760611e+03
5.855532224380575826e+03
5.857097805565185809e+03
5.858663493722605381e+03
5.860229288722186539e+03
5.861795190403188826e+03
5.863361198553429858e+03
5.864927312999394417e+03
5.866493651096223402e+03
5.868059185477657593e+03
5.869624816893986463e+03
5.871186090127486750e+03
5.872758185093293832e+03
5.874370454869064815e+03
5.875891809597090287e+03
5.877458757655375848e+03
5.879025906609553203e+03
5.880593477993129454e+03
5.882161390846415088e+03
5.883728915584508286e+03
5.885296396438199736e+03
5.886863981149698702e+03
5.888431669491402317e+03
5.889999461314380824e+03
5.891567356516662585e+03
5.893135354949834436e+03
5.894703456464566443e+03
5.896271660898120899e+03
5.897839968051569485e+03
5.899408377805948476e+03
5.900976890081030433e+03
5.902545504664498367e+03
5.904114221335864386e+03
5.905683039965229909e+03
5.907251960400934877e+03
5.908820982452632052e+03
5.910390106014764569e+03
5.912372593679785496e+03
5.914127811074436977e+03
5.915934446108937664e+03
5.917768832130746887e+03
5.919448762370219811e+03
5.921308788737465875e+03
5.922946200401479473e+03
5.924515999018217371e+03
5.926086106473700966e+03
5.927656519773243417e+03
5.929227053297905513e+03
5.930797843334646132e+03
5.932368437433079635e+03
5.933939071986415911e+03
5.935509806686543925e+03
5.937080642178158996e+03
5.938651577990498481e+03
5.940222613828510475e+03
5.941793749628820478e+03
5.943364985331666503e+03
5.944936320888685259e+03
5.946507334672308389e+03
5.948078696056296394e+03
5.949650100084320002e+03
5.951217446249576824e+03
5.955979497139998784e+03
5.957510596001301565e+03
5.959082827259605438e+03
5.960655159148055645e+03
5.962227590379986395e+03
5.963800120849895393e+03
5.965372750481875300e+03
5.966945479215980413e+03
5.968518306986988136e+03
5.970091233703577927e+03
5.971664259275692530e+03
5.973237383625024449e+03
5.974810607149162934e+03
5.976383929501595048e+03
5.977957350380660500e+03
5.979530869659831296e+03
5.981104487231988969e+03
5.982678203000054964e+03
5.984252016852901761e+03
5.985825928657519398e+03
5.987399938318586464e+03
5.989393206274383374e+03
5.991158069307479309e+03
5.992969552187956651e+03
5.994813581707738194e+03
5.996388380357397182e+03
5.998085937542940883e+03
5.999995523368772410e+03
6.001570407387758678e+03
6.003145387952066812e+03
6.004720464948996778e+03
6.006295638266680726e+03
6.007870907867414644e+03
6.009446273695301898e+03
6.011021735555508712e+03
6.012597293206158611e+03
6.014172946524280633e+03
6.015748695371872600e+03
6.017324539532392919e+03
6.018900478910763013e+03
6.020476513425973280e+03
6.022025379637161677e+03
6.023628867872989758e+03
6.025205187604156890e+03
6.026781602181754351e+03
6.028358111492602802e+03
6.029933310132893894e+03
6.031507467084897144e+03
6.033083503049968385e+03
6.034658378395381078e+03
6.036232592051371284e+03
6.037808737508912600e+03
6.039380453492115521e+03
6.040967494352273206e+03
6.042546137963728142e+03
6.044125901195965525e+03
6.045704761727475670e+03
6.047283330030305478e+03
6.048861472178202348e+03
6.050439189127745522e+03
6.052017046621412192e+03
6.053595057604657995e+03
6.055173161735412577e+03
6.056751358896083730e+03
6.058329648971461211e+03
6.059908155164211166e+03
6.061486652627289914e+03
6.063065219929786508e+03
6.064643879730445406e+03
6.066222631864357027e+03
6.067801476272901709e+03
6.069380412846569016e+03
6.070959323410338584e+03
6.072538422974916102e+03
6.074117636133803899e+03
6.075696940927653486e+03
6.077276337284466535e+03
6.079282578300287241e+03
6.081059241289200145e+03
6.082639098924803875e+03
6.084219043294222502e+03
6.086032030726724770e+03
6.087881356376504300e+03
6.089461457364775015e+03
6.091147435071384280e+03
6.093015122355193853e+03
6.094655704005319421e+03
6.096236189399326577e+03
6.097816764765933840e+03
6.099397430000823988e+03
6.100978184982403945e+03
6.102559029559167357e+03
6.104139963579864343e+03
6.105720986930108666e+03
6.107302099528182225e+03
6.108883301280757223e+03
6.110464592082242234e+03
6.112045971844861015e+03
6.113627468124705956e+03
6.115209055862876994e+03
6.116790706894129471e+03
6.118372506214649547e+03
6.119954353709274073e+03
6.121536346200181470e+03
6.123118360415345705e+03
6.124700426339979458e+03
6.126282407830030934e+03
6.127864635711628580e+03
6.129446986063690019e+03
6.131029423935168779e+03
6.132611949198750153e+03
6.134194561775203510e+03
6.135777261539648862e+03
6.137360048321673275e+03
6.138942921972477961e+03
6.140525882338484735e+03
6.142108929259477918e+03
6.143692062631988847e+03
6.145275282334084295e+03
6.146858588193391370e+03
6.148441980119348045e+03
6.150025458028199864e+03
6.151609021761091753e+03
6.153192671169652385e+03
6.154776406124989990e+03
6.156360226461370985e+03
6.157944132018139499e+03
6.159528122669364166e+03
6.161112198305593665e+03
6.162696358812168910e+03
6.164280604056977609e+03
6.165864933886131439e+03
6.167449348152390485e+03
6.169033846730417281e+03
6.170618429490345079e+03
6.172203096302360791e+03
6.173787847077214792e+03
6.175372681728492353e+03
6.176957600145743527e+03
6.178542602204145624e+03
6.180127687766425879e+03
6.181712856709610605e+03
6.183298108950246387e+03
6.184883444421991953e+03
6.186468863012209113e+03
6.188054364616572457e+03
6.189639949180500480e+03
6.191225616599464956e+03
6.192811366709544927e+03
6.194397199383592124e+03
6.196538428338067206e+03
6.198204146235998451e+03
6.199790444827001011e+03
6.201376826495811656e+03
6.203193583539571591e+03
6.205049415944018619e+03
6.206636116556971501e+03
6.208222903449681326e+03
6.209809776262671221e+03
6.211502323445282855e+03
6.213378818795285952e+03
6.215020295623186030e+03
6.216607220412392962e+03
6.218194286210821701e+03
6.219776592904654535e+03
6.221368867373405919e+03
6.222956232804052888e+03
6.224543622488998153e+03
6.226131093428642998e+03
6.227718645468596151e+03
6.229306278501192537e+03
6.230893992433954736e+03
6.232481787119601904e+03
6.234069662477333623e+03
6.235657618459866171e+03
6.237245654944834314e+03
6.238833771812507621e+03
6.240421968981224381e+03
6.242010246335024021e+03
6.243598603746163462e+03
6.245187041143391070e+03
6.246775558463697962e+03
6.248360024351204629e+03
6.249952832278731876e+03
6.251541588583548219e+03
6.253130424321235296e+03
6.254719339273251535e+03
6.256308333279417639e+03
6.257897406225410123e+03
6.259486557999749493e+03
6.261075788499720147e+03
6.262665097637082908e+03
6.264254485295708037e+03
6.265843951352113436e+03
6.267433495681342720e+03
6.269023118727575820e+03
6.270612820017980084e+03
6.272202599271809049e+03
6.273792456345146093e+03
6.275382391103225928e+03
6.276972403406624835e+03
6.278562493132268173e+03
6.280149342205226276e+03
6.281738360613828263e+03
6.283328227713126580e+03
6.284919630888144638e+03
6.286510538474289206e+03
6.288103692340152520e+03
6.292877081942547193e+03
6.294468079888835746e+03
6.296059596478638014e+03
6.297652876671093509e+03
6.299244636148868267e+03
6.300835541196850500e+03
6.302425753651451487e+03
6.304015007984450676e+03
6.305605766126853268e+03
6.307197231565625771e+03
6.308788772433298618e+03
6.310380388596702687e+03
6.311972079928035782e+03
6.313563846368273516e+03
6.315155687781664710e+03
6.316747603969959528e+03
6.318339594789019429e+03
6.319931660135181119e+03
6.321523799913495168e+03
6.323116013970687163e+03
6.324708302103527785e+03
6.326300664183922891e+03
6.327893100105308804e+03
6.329485609692404978e+03
6.331078192830449552e+03
6.332670849469480345e+03
6.334266004648018679e+03
6.335860252354004842e+03
6.337453715320658375e+03
6.339045868775973759e+03
6.340637795224380170e+03
6.342229484594214227e+03
6.343822332286052188e+03
6.345415559240986113e+03
6.347008181482049622e+03
6.348600872845576305e+03
6.350194117091980843e+03
6.351787634324078681e+03
6.353381223320019672e+03
6.354975465629786413e+03
6.356569419859954905e+03
6.358163233586801653e+03
6.359757118645384253e+03
6.361351074911496653e+03
6.362945102050749483e+03
6.364539199893780278e+03
6.366133368590074497e+03
6.367727608123959726e+03
6.369321918438356079e+03
6.370916299400500066e+03
6.372510750887289760e+03
6.374105272826468536e+03
6.376137334048597040e+03
6.377936563397464852e+03
6.379531414340653100e+03
6.381126337485607110e+03
6.382721332455736956e+03
6.384316398853924511e+03
6.385911536257023727e+03
6.387506744257187165e+03
6.389340757723297429e+03
6.391221802983254747e+03
6.392817374638128967e+03
6.394413015649307454e+03
6.396008725545257221e+03
6.397605004788683800e+03
6.399201326359050654e+03
6.400797309066579146e+03
6.402393287644272277e+03
6.404087550998554434e+03
6.405961849412215997e+03
6.407562429335850538e+03
6.409202413738064934e+03
6.410798534715593632e+03
6.412394724449396563e+03
6.413990982899245864e+03
6.415587310016352603e+03
6.417183705754767288e+03
6.418780170044500665e+03
6.420376702838234451e+03
6.421973304084914162e+03
6.423568661295512356e+03
6.425164389216896780e+03
6.426758392066440138e+03
6.428353626274039016e+03
6.429949733296966770e+03
6.431546044673459619e+03
6.433140127015214603e+03
6.434732982035727218e+03
6.436330387102842906e+03
6.437929027837524700e+03
6.439527211183302825e+03
6.441131809357657403e+03
6.442731131844693664e+03
6.444329670615184114e+03
6.445927478722733213e+03
6.447526158042134739e+03
6.449125115318126518e+03
6.450723129376086035e+03
6.452321498609069749e+03
6.453919545441040100e+03
6.455517559062458531e+03
6.457115638367664360e+03
6.458713783154207704e+03
6.460311993230213375e+03
6.461910268439648462e+03
6.463508608587666458e+03
6.465107013449079204e+03
6.466705482842824495e+03
6.468304016604780372e+03
6.469902614535307293e+03
6.471501276456884625e+03
6.473100002212500840e+03
6.474698791603603240e+03
6.476297644389786001e+03
6.477896560360574767e+03
6.479495539350993567e+03
6.481094581172252219e+03
6.482693685612131048e+03
6.484292852473867242e+03
6.485892081580743252e+03
6.487491372769773989e+03
6.489090725867223227e+03
6.490690140685361257e+03
6.492289617067233849e+03
6.493889154885552671e+03
6.495488753997516142e+03
6.497088414246160028e+03
6.498688135508898995e+03
6.500287917691675830e+03
6.501887760686324327e+03
6.503488378124162409e+03
6.505089615680969473e+03
6.506689867794254496e+03
6.508289951115550139e+03
6.509890094679365575e+03
6.511490298341548623e+03
6.513088728391833683e+03
6.514688682374212476e+03
6.516289068464372576e+03
6.517889514423158289e+03
6.519490020220780934e+03
6.521090585828642361e+03
6.522691211171459145e+03
6.524291896183483004e+03
6.525892640833426412e+03
6.527493445078071090e+03
6.529094308833398827e+03
6.530695232040736300e+03
6.532296214611645155e+03
6.533897256422540522e+03
6.535498357434884383e+03
6.537099517666767497e+03
6.538700737081023362e+03
6.540302015587795722e+03
6.541875236320884142e+03
6.543499996349694811e+03
6.545101217783294487e+03
6.546702723085813886e+03
6.548304287098664645e+03
6.549910079427663732e+03
6.551512612391750736e+03
6.553114360588537238e+03
6.554716167205434431e+03
6.556318032229471100e+03
6.557919955572060644e+03
6.559521937074301604e+03
6.561123976601390495e+03
6.562726074046901886e+03
6.564328229340881080e+03
6.565930442412604862e+03
6.567532713200334911e+03
6.569135041629538136e+03
6.570734295475904219e+03
6.572339870802605219e+03
6.573942371290064330e+03
6.575544928912489922e+03
6.577145840054106884e+03
6.578740854073269475e+03
6.580342101943700072e+03
6.581945837216856489e+03
6.583549840022063108e+03
6.585155916961447474e+03
6.586763592792528470e+03
6.588379158801539234e+03
6.589987966119443627e+03
6.591591653069604945e+03
6.593194431992162208e+03
6.594797396319423569e+03
6.596396132208695235e+03
6.597989379468167499e+03
6.599590119070295259e+03
6.601193544719340025e+03
6.602797057876955478e+03
6.604397523344792717e+03
6.606004249374136634e+03
6.607607927482502419e+03
6.609211660375082829e+03
6.610815447942773062e+03
6.612419290057524449e+03
6.614023186606097624e+03
6.615627137450243936e+03
6.617231142462343996e+03
6.618835201537022840e+03
6.620439314570166971e+03
6.622043481433902343e+03
6.623647702016291078e+03
6.625251976185858439e+03
6.626856303799801026e+03
6.628460684710015812e+03
6.630065118812975015e+03
6.631669606006672439e+03
6.633274146166656465e+03
6.634878739179751392e+03
6.636483385382935012e+03
6.638088084436451027e+03
6.639692836054698091e+03
6.641297640111861256e+03
6.642902496498362780e+03
6.644507405108160128e+03
6.646112365879457684e+03
6.647717378709717195e+03
6.649322443430622116e+03
6.650927559962590749e+03
6.652532728295268498e+03
6.654137948336052432e+03
6.655743219972447150e+03
6.657348543131557562e+03
6.658953917744906903e+03
6.660559343718035052e+03
6.662164820952321861e+03
6.663770349374925900e+03
6.665375928919434045e+03
6.666981559516656489e+03
6.668587241081784668e+03
6.670192973921431076e+03
6.671798757823206870e+03
6.673404592557564683e+03
6.675010478037500434e+03
6.676616414208691822e+03
6.678222400636668681e+03
6.679828437138356094e+03
6.681434523964072469e+03
6.683040661161000571e+03
6.684646848659106581e+03
6.686253086397096013e+03
6.687859374297028808e+03
6.689465712252206686e+03
6.691072100145904187e+03
6.692678537867851446e+03
6.694285025328648771e+03
6.695891562457592954e+03
6.697498149177845335e+03
6.699104785387723496e+03
6.700711471022017577e+03
6.702318206064112928e+03
6.703924990438542409e+03
6.705531823988730139e+03
6.707138706550115785e+03
6.708745637930128396e+03
6.710352617961703800e+03
6.711959646557772430e+03
6.713566723652163091e+03
6.715173849133398107e+03
6.716781022849129840e+03
6.718388244659016891e+03
6.719995514438698592e+03
6.721602832051362384e+03
6.723210197358397636e+03
6.724817610194901135e+03
6.726425070449598024e+03
6.728032578003079834e+03
6.729640132719161556e+03
6.731247734464570385e+03
6.732855383105064902e+03
6.734463078504380974e+03
6.736070820140001160e+03
6.737678607912980624e+03
6.739286441923830353e+03
6.740894322079786434e+03
6.742502248217492706e+03
6.744110220206947815e+03
6.745718237972502720e+03
6.747326301398168653e+03
6.748934410327352452e+03
6.750542564622801365e+03
6.752150764148439521e+03
6.753759008782332785e+03
6.755367298417563688e+03
6.756975632924098136e+03
6.758584012154607080e+03
6.760192435949946230e+03
6.761800904181832266e+03
6.763409416763197441e+03
6.765017973583171624e+03
6.766626574500980496e+03
6.768235219400954520e+03
6.769843908174073476e+03
6.771452640715158850e+03
6.773061416913898029e+03
6.774670236670539452e+03
6.776279099612440405e+03
6.777888005689128477e+03
6.779496954956909576e+03
6.781105947352260955e+03
6.782714982777899422e+03
6.784324061119521502e+03
6.785951016194261683e+03
6.787572424211279213e+03
6.789184061044665214e+03
6.790793344155797968e+03
6.792402639363188428e+03
6.794008604431186541e+03
6.795615259378284463e+03
6.797221061044398994e+03
6.798822708118514129e+03
6.800416576583717870e+03
6.802026816740059985e+03
6.803636312464047478e+03
6.805245939590608032e+03
6.806855608233383464e+03
6.808465318307358757e+03
6.810075069693687510e+03
6.811684862273132239e+03
6.813294695963736558e+03
6.814904570652999610e+03
6.816514486230510556e+03
6.818124442614570398e+03
6.819734439702899181e+03
6.821344477368246771e+03
6.822954555493975931e+03
6.824564673952475459e+03
6.826174832606236123e+03
6.827785031334736232e+03
6.829391823849405228e+03
6.831005548556840040e+03
6.832615866853237094e+03
6.834226224816086869e+03
6.835836622360059664e+03
6.837447059429016917e+03
6.839057535932314750e+03
6.840668051735765403e+03
6.842278606702653633e+03
6.843889200720800545e+03
6.845499833680370102e+03
6.847110505470694989e+03
6.848721215981527166e+03
6.850331965091946586e+03
6.851942752685365122e+03
6.853553578662158543e+03
6.855164442940500521e+03
6.856775345410257614e+03
6.858386285923420473e+03
6.859997264338324385e+03
6.861608280568531882e+03
6.863219334526061175e+03
6.864830426144747435e+03
6.866441555341717503e+03
6.868052722028493918e+03
6.869663926127828745e+03
6.871275167529465762e+03
6.872886446105402683e+03
6.874497761771501246e+03
6.876109114432283604e+03
6.877720503990478392e+03
6.879331930323951383e+03
6.880946635463863458e+03
6.882559035261489043e+03
6.884172188992622978e+03
6.885784213350212667e+03
6.887394174509956429e+03
6.889114083181261776e+03
6.893829243985060202e+03
6.895397652203620964e+03
6.896969330806051403e+03
6.898265977455792381e+03
6.899878242787668569e+03
6.901490244638231161e+03
6.903102282790815480e+03
6.904714357338419177e+03
6.906326468425688290e+03
6.907940400281684560e+03
6.909553077765246599e+03
6.911165298537594026e+03
6.912565255064073426e+03
6.913846779497348507e+03
6.915459098836020530e+03
6.917071452967320511e+03
6.918683841797540481e+03
6.920296265248614873e+03
6.921908723212457517e+03
6.923521215640311311e+03
6.925133742493575483e+03
6.926746303751906453e+03
6.928358899401816416e+03
6.929352296161542654e+03
6.930916352955942784e+03
6.932528932742729921e+03
6.934141545616707845e+03
6.935754191476648884e+03
6.937366870207451939e+03
6.938979581697097274e+03
6.940592325822125531e+03
6.942205102477486435e+03
6.943817911577471023e+03
6.945430753038260264e+03
6.947043850719677721e+03
6.948663232886270634e+03
6.950261662406200230e+03
6.951890544769775261e+03
6.953502920586224718e+03
6.955113460361612852e+03
6.956722480335773071e+03
6.958334638211384117e+03
6.959947766887994476e+03
6.961560927037667170e+03
6.963174118538514449e+03
6.964787341314392506e+03
6.966400595299563065e+03
6.968013880407895158e+03
6.969627196558171818e+03
6.971240543684345539e+03
6.972853921712762713e+03
6.974467330556899469e+03
6.976080770131628014e+03
6.977694240355139300e+03
6.979307741155035728e+03
6.980921272467307972e+03
6.982534834221794881e+03
6.984148426349499459e+03
6.985762048769433932e+03
6.987375701397247212e+03
6.988989384158404391e+03
6.990603096964353426e+03
6.992216839731303480e+03
6.993830612379891136e+03
6.995444414830537426e+03
6.997058246997767128e+03
6.998672108802331422e+03
7.000286000139712087e+03
7.001899920907104388e+03
7.003513871017484234e+03
7.005127850366092389e+03
7.006741858834493542e+03
7.008355896335478064e+03
7.009969962768933328e+03
7.011584058020060183e+03
7.013198181985610063e+03
7.014812334549646039e+03
7.016426515591826501e+03
7.018040724992857577e+03
7.019655758109427552e+03
7.021272824298082014e+03
7.022887650959853090e+03
7.024501970262408577e+03
7.026116317338870431e+03
7.027730692061231821e+03
7.029341668857456170e+03
7.030955405890480506e+03
7.032569864713868810e+03
7.034184350571717914e+03
7.035798035164545581e+03
7.037412403814801110e+03
7.039026966336147780e+03
7.040641555337165300e+03
7.042254954230129442e+03
7.043869348891358641e+03
7.045484016107607204e+03
7.047098709226540450e+03
7.048714645989164637e+03
7.050330492812074226e+03
7.051945439672679640e+03
7.053560239246820856e+03
7.055175064130086866e+03
7.056789914180882988e+03
7.058404789280218210e+03
7.060019689319482495e+03
7.061634614179372875e+03
7.063249563740327176e+03
7.064864537888328414e+03
7.066479536519421345e+03
7.068094559536215456e+03
7.069709606821521447e+03
7.071324678261772533e+03
7.072939773765640894e+03
7.074554893232847462e+03
7.076170036522908958e+03
7.077785203532379455e+03
7.079400394200688424e+03
7.081015608455713846e+03
7.082630846206501701e+03
7.084246107354345440e+03
7.085861391791962888e+03
7.087476699420498335e+03
7.089092030145797253e+03
7.090707383899296474e+03
7.092322760602315611e+03
7.093938160149567011e+03
7.095545391140163701e+03
7.097157804413930535e+03
7.098773260957215825e+03
7.100388739937452556e+03
7.102005040759144322e+03
7.103620865770998535e+03
7.105236420154692496e+03
7.106851996640079051e+03
7.108467595165648163e+03
7.110083215644173833e+03
7.111698857960874193e+03
7.113315411826442869e+03
7.114931426375615047e+03
7.116540403754846011e+03
7.118150513267950373e+03
7.119765261365249899e+03
7.121383444740250525e+03
7.123004024316918731e+03
7.124631518405093630e+03
7.126273966999251570e+03
7.127915729795912739e+03
7.129474754325218782e+03
7.131090653654925518e+03
7.132705296610966798e+03
7.134320765904380096e+03
7.135938859754963232e+03
7.137555629872905229e+03
7.139171633913390906e+03
7.140787650964220120e+03
7.142405365457436346e+03
7.144022083868750997e+03
7.145634245350111996e+03
7.147253146969986119e+03
7.148868556404967421e+03
7.150484436184967308e+03
7.152102198404925730e+03
7.153720184911335309e+03
7.155336492717402507e+03
7.156952552226418447e+03
7.158568791662076364e+03
7.160186025375145618e+03
7.161801002363634325e+03
7.163379957558025126e+03
7.164959344945710654e+03
7.166261824450832137e+03
7.167878149048432533e+03
7.169494491619107976e+03
7.171110852203134527e+03
7.172727230838575451e+03
7.174343627549581470e+03
7.175953561565273048e+03
7.177565744910080866e+03
7.179181509261743486e+03
7.180602764414150442e+03
7.181871219489681607e+03
7.183489396968943765e+03
7.185113411185123368e+03
7.186100216523594099e+03
7.187667596892817528e+03
7.189284197805057374e+03
7.190900816232253419e+03
7.192517452052378758e+03
7.194134105138122322e+03
7.195750775337856794e+03
7.197367462512159364e+03
7.198984166531568917e+03
7.351005381503511671e+03
7.352620162511498165e+03
7.354237562939088093e+03
7.355856362578607332e+03
7.357474438243772966e+03
7.359094135000550523e+03
7.373593045707873898e+03
7.375201389512938476e+03
7.376503563912445316e+03
7.378121349230900705e+03
7.379738681706558964e+03
7.381148939051713569e+03
7.382430555632043252e+03
7.384048299490180398e+03
7.385666036749108571e+03
7.387283768000710552e+03
7.388901493776793359e+03
7.389888743166773565e+03
7.391457542020843903e+03
7.393075466067050002e+03
7.394693394288492527e+03
7.396311326511850893e+03
7.397929262583420496e+03
7.399547202350301632e+03
7.401165145674583982e+03
7.402783092432667218e+03
7.404401042468156447e+03
7.406018995618872395e+03
7.407636951739485085e+03
7.409254910735790872e+03
7.410872872505427040e+03
7.412519750595092773e+03
7.414153968294820515e+03
7.415773585145377183e+03
7.417391577952712396e+03
7.419009430087895453e+03
7.420600297235268954e+03
7.422204248914239543e+03
7.423820683419150555e+03
7.425438669308669887e+03
7.427055315995487945e+03
7.428672413512993444e+03
7.430289310176258368e+03
7.431929317280412761e+03
7.436761466947160443e+03
7.438380307004824317e+03
7.439999279719643710e+03
7.441596028116274283e+03
7.443238865258342230e+03
7.444964220381125415e+03
7.446582207592919076e+03
7.448078326478157578e+03
7.449704537219876329e+03
7.451322539248450994e+03
7.452940541881821446e+03
7.454558545022696308e+03
7.456176548593579355e+03
7.457794552516762451e+03
7.459412556692281214e+03
7.461030561017624677e+03
7.462648565376257466e+03
7.464266569614444961e+03
7.465884573606151207e+03
7.467502577244590611e+03
7.469120580392454940e+03
7.470738582899483845e+03
7.472356584625387768e+03
7.473974585411569933e+03
7.475592585066333413e+03
7.477210583430329280e+03
7.478828580380706626e+03
7.480446575764005502e+03
7.482064569416926133e+03
7.483682561204820558e+03
7.485300550963176647e+03
7.486918538519861613e+03
7.488536523753894471e+03
7.490154506526737350e+03
7.491772486686396405e+03
7.493390464099811652e+03
7.495008438640002169e+03
7.496626410173918885e+03
7.498244378573718677e+03
7.499862343737199808e+03
7.501480305602303815e+03
7.503098264102136454e+03
7.504716219153763632e+03
7.506334170674775123e+03
7.507952118590467762e+03
7.509570062844825770e+03
7.511188003381502313e+03
7.512805940135203855e+03
7.514423873062237362e+03
7.516041802156482845e+03
7.517659727423461845e+03
7.519277648850583319e+03
7.520895566400844473e+03
7.522513480101461028e+03
7.524131389986273462e+03
7.525749296016883818e+03
7.527367198155196093e+03
7.528985096405610420e+03
7.530599742757591230e+03
7.532220881235373781e+03
7.533838767770605045e+03
7.535504858901304033e+03
7.537074529090218675e+03
7.538689133843264244e+03
7.540310274586712694e+03
7.541928141354901527e+03
7.543546004061242456e+03
7.545163862636878548e+03
7.546781717065243356e+03
7.548399567314853812e+03
7.550017413309054973e+03
7.551635254984405947e+03
7.553253092277576798e+03
7.554870165117479701e+03
7.556487711624490657e+03
7.558099633164665647e+03
7.559711278544849847e+03
7.561328958453973428e+03
7.562947678278056628e+03
7.564566594692215403e+03
7.566158248912754061e+03
7.567725536090591049e+03
7.569345145627398779e+03
7.570646145024648831e+03
7.572263730397992731e+03
7.573881172064341627e+03
7.575498601980470994e+03
7.576897526959870447e+03
7.578178295660667573e+03
7.579795533063945186e+03
7.581412759027474749e+03
7.583029974659797517e+03
7.584647180991191817e+03
7.585656272404058655e+03
7.587226423439697101e+03
7.588844127090716938e+03
7.640605426450018058e+03
7.642222779253631415e+03
7.643840119504504401e+03
7.645457447114111346e+03
7.647074762005063349e+03
7.648692064090046188e+03
7.650309353298859605e+03
7.651926629552629493e+03
7.653543892787182813e+03
7.655161142940352875e+03
7.656778379944227709e+03
7.658395603729598406e+03
7.660012814214988794e+03
7.661630011327071770e+03
7.663247195028686292e+03
7.664864365285743588e+03
7.666481522031498571e+03
7.668098665164371596e+03
7.669715794614536208e+03
7.671332910332589563e+03
7.672950012258924289e+03
7.674567100353351634e+03
7.676184174575887482e+03
7.677801234869219115e+03
7.679418281154908072e+03
7.681035313372940436e+03
7.682652331455219610e+03
7.684269335317353580e+03
7.685886324885475005e+03
7.687503300139062048e+03
7.689120261023780586e+03
7.690737207444737578e+03
7.692354139311253675e+03
7.693971056506013156e+03
7.695587958918337790e+03
7.697204846476025523e+03
7.698821719101935741e+03
7.700438576702977116e+03
7.702055419165661988e+03
7.703672246372762856e+03
7.705289058195448888e+03
7.706905854497316795e+03
7.708522635158642515e+03
7.710139400056661543e+03
7.711756149108233330e+03
7.713372882206850591e+03
7.714989599166015978e+03
7.716606299795896120e+03
7.718222983938198013e+03
7.719839651444565789e+03
7.721456302106393196e+03
7.723072935741014589e+03
7.724689552212806120e+03
7.726306151349132961e+03
7.727922733005656482e+03
7.729539297044959312e+03
7.731155843289130644e+03
7.732772371563785782e+03
7.734388881693538679e+03
7.736005373497248911e+03
7.737620820633720541e+03
7.739236029205826526e+03
7.740896292416788128e+03
7.742460111406702708e+03
7.744079712139498042e+03
7.745690668887309585e+03
7.747307319154997458e+03
7.748922953675683857e+03
7.750539373114257614e+03
7.752166217611036700e+03
7.753785530928437765e+03
7.755401791437471729e+03
7.757018031746097222e+03
7.758634251762209715e+03
7.760250451404849628e+03
7.761866630600415192e+03
7.763482789257252989e+03
7.765098927261909012e+03
7.766715044499166652e+03
7.768331140881583451e+03
7.769947216331886921e+03
7.771563270800009377e+03
7.773179304273026901e+03
7.774791600761247537e+03
7.776358488973040949e+03
7.777970825704882373e+03
7.779585378645733726e+03
7.781164463400190471e+03
7.782780544604869647e+03
7.784061845985795117e+03
7.785682589853258833e+03
7.787299732685178242e+03
7.788693867698540089e+03
7.789986690753547009e+03
7.791602800313361513e+03
7.793218888310826514e+03
7.794834953791538283e+03
7.796450995799993507e+03
7.798067013444917393e+03
7.799080404921224726e+03
7.800648629303503185e+03
7.802264279697897109e+03
7.803879908700044325e+03
7.805495516286794555e+03
7.807111102433426822e+03
7.808726667166137304e+03
7.810342210448828155e+03
7.811957732221418155e+03
7.813573232397541688e+03
7.815188710921261190e+03
7.816804167786403923e+03
7.818419602940106415e+03
7.820035016337285924e+03
7.821650407948133761e+03
7.823265777699581122e+03
7.824881125488421276e+03
7.826496451158343916e+03
7.828111754591514909e+03
7.829727035730757962e+03
7.831342294534169923e+03
7.832957530946559018e+03
7.834572744890986542e+03
7.836187936227768660e+03
7.837803104797254491e+03
7.839418250461894786e+03
7.841033373127701452e+03
7.842648472668243812e+03
7.844263548917829212e+03
7.845878601719629842e+03
7.847493630962306270e+03
7.849108636528351781e+03
7.850723618290904597e+03
7.852338576104732965e+03
7.853953509798444429e+03
7.855568419206795625e+03
7.857183304201484134e+03
7.858798164635704779e+03
7.860413000340866347e+03
7.862027811164858576e+03
7.863642596986059289e+03
7.865257357659249465e+03
7.866872093042491542e+03
7.868486803005538604e+03
7.870101487443738733e+03
7.871720226304973949e+03
7.873337770259986428e+03
7.874952802563968362e+03
7.876567387033105661e+03
7.878181945230365272e+03
7.879794990737668741e+03
7.881404502612673241e+03
7.882992358528509612e+03
7.884632478360799723e+03
7.886246900629847005e+03
7.887865024548876136e+03
7.889480150764433347e+03
7.891094494445126657e+03
7.892707023386223227e+03
7.894320949036667116e+03
7.895933403642210578e+03
7.897547269268411583e+03
7.899161472851576036e+03
7.900775495892781692e+03
7.902389611537104429e+03
7.904003729780674803e+03
7.905617819806142506e+03
7.907231881526756297e+03
7.908845914841785998e+03
7.910459919687173169e+03
7.912073895999054002e+03
7.913687843671302289e+03
7.915301762569692073e+03
7.916915652555589986e+03
7.918529513503174712e+03
7.920143345343979490e+03
7.921757147981971684e+03
7.923370921330622878e+03
7.924984665323578156e+03
7.926598379866404684e+03
7.928212064838364313e+03
7.929825720169814304e+03
7.931439345800024057e+03
7.933052941645426472e+03
7.934666507622500831e+03
7.936280043626285078e+03
7.937893549544781308e+03
7.939507025307445474e+03
7.941120470846030003e+03
7.942733886069565415e+03
7.944347270910677253e+03
7.945960625313585297e+03
7.947573949201531832e+03
7.949187242548492577e+03
7.950800505286595580e+03
7.952413737291998586e+03
7.954026938477471049e+03
7.955640108763409444e+03
7.957253248081101447e+03
7.958866356398422795e+03
7.960479433677540328e+03
7.962092479855141391e+03
7.963705494900738813e+03
7.965318478774441246e+03
7.966931431358624650e+03
7.968544352555430123e+03
7.970157242275019598e+03
7.971770100447712139e+03
7.973382927041205221e+03
7.974995722014885359e+03
7.976608485346473572e+03
7.978221216984145940e+03
7.979833916857392978e+03
7.981446584897937100e+03
7.983059221018042081e+03
7.984671825134351820e+03
7.986284397154621729e+03
7.987896937029341643e+03
7.989509444706372960e+03
7.991121920110392239e+03
7.992734363199167092e+03
7.994346773924658009e+03
7.995959152152536262e+03
7.997571497751501738e+03
7.999183810609551983e+03
8.000796090657178866e+03
8.002408337812174977e+03
8.004020551944582621e+03
8.005632732927279903e+03
8.007244880671175451e+03
8.008856995075872874e+03
8.010469075971003804e+03
8.012081123249330631e+03
8.013693136848454742e+03
8.015304351157265955e+03
8.016904532718432165e+03
8.018506384963207893e+03
8.020106063519361669e+03
8.021719231361765196e+03
8.023351112131571426e+03
8.025069300143883083e+03
8.026631120938366621e+03
8.028232458756684537e+03
8.029831128333641573e+03
8.031427469907303021e+03
8.033034623812539394e+03
8.034646186806479818e+03
8.036257714102275713e+03
8.037869205555657572e+03
8.039480660998584426e+03
8.041092080289958176e+03
8.042703463296119480e+03
8.044314809839395821e+03
8.045926119749084137e+03
8.047537392916877252e+03
8.049148629203798009e+03
8.050759828427309913e+03
8.052370990426814387e+03
8.053982115050968787e+03
8.055593202169493452e+03
8.057204251666223172e+03
8.058815263394404610e+03
8.060422535375405459e+03
8.061984875941690916e+03
8.063595800192329079e+03
8.065206686290002835e+03
8.066782653252298587e+03
8.068116987051850629e+03
8.069727474796558454e+03
8.071311290623540117e+03
8.072879948796595272e+03
8.074491520677136577e+03
8.076102110245132280e+03
8.077721154247635241e+03
8.079338230508848028e+03
8.080949838429417468e+03
8.082560108842773843e+03
8.084170348116007517e+03
8.085568671451629598e+03
8.086859707979227096e+03
8.088469939400011754e+03
8.090080135026996686e+03
8.091690294646886287e+03
8.093300418127650119e+03
8.094910505339418705e+03
8.096520556063826916e+03
8.098130570116246417e+03
8.099740547265877467e+03
8.101350487215659086e+03
8.102960389728204063e+03
8.104570254554525491e+03
8.106180081522551518e+03
8.107789870338390756e+03
8.109399620518298434e+03
8.110395505775232778e+03
8.111956750461597949e+03
8.113566419023155504e+03
8.115176046878702437e+03
8.116785633888616758e+03
8.118395179869440653e+03
8.120004684720184741e+03
8.121614148445553838e+03
8.123197181963094408e+03
8.124832952453318285e+03
8.126442292605142939e+03
8.128051591439088952e+03
8.129660848805434398e+03
8.131270064577115591e+03
8.132879238670408085e+03
8.134488370945357929e+03
8.136097461336555170e+03
8.137706509806276699e+03
8.139315516249626853e+03
8.140924480715263599e+03
8.142533402847372599e+03
8.144142282525628616e+03
8.145751119565840781e+03
8.147359913756604328e+03
8.148968665071685791e+03
8.150577373509870995e+03
8.152186038923322485e+03
8.153794661135102615e+03
8.155403240032179383e+03
8.157011775507146012e+03
8.158620267425913880e+03
8.160228715662049581e+03
8.161837120082891488e+03
8.163445480582725395e+03
8.165053797036300239e+03
8.166662069305085424e+03
8.168270297255387050e+03
8.169878480787342596e+03
8.171486619818557301e+03
8.173094714266659139e+03
8.174702764031535480e+03
8.176310769035942030e+03
8.177918729215375606e+03
8.179526644471447980e+03
8.181134514686948023e+03
8.182742339790065671e+03
8.184350119721850206e+03
8.185957854435688205e+03
8.187565543884727958e+03
8.189173188010816375e+03
8.190780786747834100e+03
8.192388340011357286e+03
8.193995847763640995e+03
8.195603309991634887e+03
8.197210726641244037e+03
8.198818097661995125e+03
8.200425423023503754e+03
8.202029206596640506e+03
8.203633081071513516e+03
8.205239606580693362e+03
8.206846747630183017e+03
8.208455800877041838e+03
8.210067326082224099e+03
8.211675418433234881e+03
8.213282376921724790e+03
8.214889289320841272e+03
8.216496155563980210e+03
8.218102975597154000e+03
8.219709749338218899e+03
8.221316476710660936e+03
8.222923157646908294e+03
8.224529792125566019e+03
8.226136380262520106e+03
8.227742921685765396e+03
8.229349416188893883e+03
8.230955863659553870e+03
8.232562264009227874e+03
8.234168617105795420e+03
8.235774922836742917e+03
8.237381181074542837e+03
8.238987391644168383e+03
8.240593554363100338e+03
8.242199669089495728e+03
8.243805735704352628e+03
8.245411754033721081e+03
8.247017723881732309e+03
8.248623645082489020e+03
8.250229517514286272e+03
8.251835340984074719e+03
8.253441115291790993e+03
8.255046840275241266e+03
8.256652515763109477e+03
8.258258141574648107e+03
8.259863717534441093e+03
8.261469243488172651e+03
8.263074719289081258e+03
8.264680144758305687e+03
8.266285519722021490e+03
8.267890844026647756e+03
8.269496117543518267e+03
8.271101340115041239e+03
8.272706511548170965e+03
8.274311631700818907e+03
8.275916700488418428e+03
8.277521717734258345e+03
8.279126683270505964e+03
8.280731597004647483e+03
8.282336458834090081e+03
8.283941268655938984e+03
8.285546026386151425e+03
8.287150731959345649e+03
8.288755385263675635e+03
8.290359986181223576e+03
8.291964534619499318e+03
8.293569030515202030e+03
8.295173473819828359e+03
8.296777864622199559e+03
8.298382203192819361e+03
8.299986489156521202e+03
8.301590722388820723e+03
8.303194902872950479e+03
8.304799030555648642e+03
8.306403105384351875e+03
8.308007127313343517e+03
8.309611096207107039e+03
8.311215011972752109e+03
8.312818874679915098e+03
8.314422684414244941e+03
8.316026441225096278e+03
8.317630145097587956e+03
8.319233796020540467e+03
8.320837394023092202e+03
8.322440939129122853e+03
8.324044431284230086e+03
8.325647870453063661e+03
8.327251256646874026e+03
8.328854589862423381e+03
8.330457870090420329e+03
8.332061097369945855e+03
8.333664271745137739e+03
8.335267393174206518e+03
8.336870461667578638e+03
8.338473477277730126e+03
8.340076440087967057e+03
8.341679350021322534e+03
8.343282206931511610e+03
8.344885010789499574e+03
8.346487761701990166e+03
8.348090459663895672e+03
8.349695037431009041e+03
8.351299795433596955e+03
8.352902868929373653e+03
8.354505352368558306e+03
8.356107782534278158e+03
8.357712148227557918e+03
8.359314560770591925e+03
8.360916592585786930e+03
8.362518808989296303e+03
8.364120971755912251e+03
8.365722198785560977e+03
8.367323929192623837e+03
8.368922108296301303e+03
8.370522647786523521e+03
8.372124545267244685e+03
8.373726388588564078e+03
8.375328177689629229e+03
8.376929912500865612e+03
8.378531592863620972e+03
8.380133218641436542e+03
8.381734789650961829e+03
8.383341496913511946e+03
8.384945116515376867e+03
8.386546742877506404e+03
8.388148089299502317e+03
8.389746462986084225e+03
8.391343742558421582e+03
8.392944244433405402e+03
8.394545373360406302e+03
8.396146446435323014e+03
8.397747463394543956e+03
8.399348423960687796e+03
8.400949328093838631e+03
8.402550175752607174e+03
8.404150966939751015e+03
8.405751701583660179e+03
8.407352379460060547e+03
8.408949893425793562e+03
8.410549830218264105e+03
8.412150340242116727e+03
8.413752610347291920e+03
8.415354651989749982e+03
8.416955245632951119e+03
8.418555521805590615e+03
8.420155740171971047e+03
8.421755900615435166e+03
8.423356002953722054e+03
8.424956047084087913e+03
8.426556032877208054e+03
8.428155960181275077e+03
8.429755828800625750e+03
8.431355638708566403e+03
8.432955389896089400e+03
8.434555082232000132e+03
8.436154715692679019e+03
8.437754290157281503e+03
8.439353805411115900e+03
8.440953261361113618e+03
8.442552657989677755e+03
8.444159573277152958e+03
8.445761652757242700e+03
8.447360878522938947e+03
8.448960044540075614e+03
8.450980220175977593e+03
8.452785570103293139e+03
8.454383536941801140e+03
8.455984671160847938e+03
8.457592600037191005e+03
8.459203252101215185e+03
8.460814016462483778e+03
8.462414725873533826e+03
8.464013186288970246e+03
8.465611584633214079e+03
8.467209920771269026e+03
8.468808194803896185e+03
8.470406406703323228e+03
8.472004556635105473e+03
8.473602644539871108e+03
8.475431535483008702e+03
8.477318452423702183e+03
8.478916530389857144e+03
8.480514553596914993e+03
8.482112521708215354e+03
8.483710434409355003e+03
8.485308291285798987e+03
8.486906091906068468e+03
8.488503835851091935e+03
8.490101522604312777e+03
8.491699151644421363e+03
8.493387502777744885e+03
8.495253496562101645e+03
8.496855073430482662e+03
8.498493463576745853e+03
