2.056751868893960999e+00
1.830576427858874311e+00
1.299126500075043822e+00
1.169405206173494305e+00
1.315104113021023924e+00
1.269215431924762161e+00
1.274607022687010316e+00
1.274454044205912462e+00
1.253382220837306216e+00
1.223077232067367293e+00
1.254210979925816538e+00
1.037170653150537580e+00
1.023923241563738040e+00
1.263322837593879422e+00
1.310028574269480606e+00
1.247332833382038597e+00
1.283153379458518373e+00
1.303449637690540008e+00
1.297900792652017410e+00
1.075462216381073199e+00
1.301416613604423178e+00
1.030478634982042729e+00
1.244301615940394790e+00
1.192974867725829169e+00
1.224913652348811111e+00
1.201421731487308797e+00
1.128140452037347252e+00
1.041528441294320206e+00
1.019163396492349438e+00
7.988525105674683102e-01
7.706742929174738022e-01
8.812674668729976180e-01
8.776777079392747982e-01
8.742765031692411037e-01
8.179491012248488735e-01
8.072853898049360266e-01
7.891382949489912368e-01
7.884270939527500133e-01
6.294150677323600007e-01
6.330703704015995248e-01
7.992814816400245492e-01
7.945966630229100991e-01
8.255973370479078310e-01
8.330923641280515435e-01
8.265079354834375946e-01
8.329601036206136788e-01
8.609563887256821424e-01
7.049199042589021635e-01
8.745854661990654089e-01
7.390561208203855204e-01
8.986019883380986784e-01
9.777364039816063279e-01
1.001255354357705407e+00
1.030209357745365484e+00
1.032983242469439622e+00
1.025253482898718094e+00
1.014929291199152761e+00
8.314320969197580569e-01
1.021277508294430758e+00
8.355079805240431812e-01
1.026892542821486343e+00
1.071664138010498979e+00
1.109887615085215717e+00
1.063854129556848660e+00
1.050955133471371816e+00
1.048694760398261927e+00
1.005277750759180799e+00
8.458390426529598383e-01
8.351276532518332463e-01
1.017992527911757206e+00
9.917487212783445694e-01
1.137047172996292099e+00
1.221453443936346028e+00
1.226301529147289404e+00
1.183182311429005207e+00
1.059909513230507860e+00
9.966441267953591865e-01
8.005432158119749619e-01
1.092863454582462257e+00
9.228560879053989696e-01
1.207288779894831743e+00
1.085124089992376639e+00
1.037936762646247901e+00
1.024566754721163653e+00
1.005963912704758823e+00
1.009436394889085431e+00
1.047161958315205421e+00
9.161540350090129348e-01
1.168023056305283358e+00
9.687758176616445560e-01
2.048598839093652035e+00
3.478504680132548543e+00
3.545205037547437765e+00
3.513521639249723272e+00
2.351690863912161422e+00
1.190503832118700256e+00
1.100228579536908891e+00
9.755045793988519343e-01
8.244770694941575551e-01
1.013686005409071944e+00
8.993715666254735730e-01
1.111576401397230018e+00
1.083059973587140012e+00
1.009524175588208061e+00
8.954523645675295240e-01
9.108206994692283898e-01
9.497930425857974424e-01
9.204692396002071009e-01
9.672069245124774728e-01
8.226154588093824716e-01
1.369087074274536464e+00
1.582890037162681951e+00
1.834133862772117318e+00
1.552571160055935096e+00
8.794621964785848123e-01
8.778896203593022918e-01
8.813956762431272018e-01
8.787861796094238453e-01
9.147243719704515330e-01
9.245436286387631597e-01
7.224386112264434834e-01
8.386620864722625912e-01
6.829419985991118658e-01
8.196751032431717210e-01
8.038542551942218228e-01
8.292522180287222877e-01
8.314165466124647796e-01
8.478156870668706047e-01
8.621662615149270348e-01
8.372223384869020846e-01
8.563051366916526463e-01
6.732564904324607191e-01
7.978878260186953453e-01
6.446503016366903482e-01
8.101722890365228302e-01
7.972557875348513790e-01
7.886697564805589256e-01
8.026746868651767342e-01
8.089749584391321413e-01
8.028126549834250225e-01
8.157529872413096239e-01
8.232621903741453862e-01
8.940384960673284365e-01
7.722774519340687149e-01
9.678146373485925213e-01
7.519874314229862966e-01
8.458828815585349714e-01
8.457775239052265359e-01
8.222771530959779307e-01
7.796799303775265866e-01
8.029953155398706910e-01
8.178927752610248847e-01
9.999080211502806570e-01
1.038872203549684903e+00
1.105769481626655448e+00
8.174004607045264326e-01
9.282564079571786753e-01
7.381466272368010229e-01
8.980061705484984058e-01
9.438390635201464596e-01
9.444721648660683311e-01
9.627871922811577221e-01
1.057318414174873933e+00
1.106687294966251400e+00
1.137823505456040829e+00
1.117827767679740791e+00
1.048898094098928313e+00
1.030130501023626133e+00
8.936853563006942336e-01
1.080582545980818931e+00
6.117403572637819531e-01
6.250611884122494466e-01
5.435291622108798792e-01
5.558179612868553443e-01
5.657512649464602195e-01
5.584460358992481277e-01
7.549737786621349978e-01
1.132859182067577741e+00
1.122373550846021084e+00
1.053005201455210038e+00
9.219375324761382995e-01
7.571311826125729505e-01
9.424525792703136728e-01
7.695144044268593664e-01
9.884156126752123850e-01
9.653165726459814744e-01
9.615165841386182910e-01
8.918099752572350436e-01
8.222576391621256864e-01
8.493561483148410751e-01
8.017415957908655688e-01
8.036215370864635554e-01
8.172787994912680265e-01
8.114257147379781987e-01
6.709923182178817447e-01
8.014747907780516156e-01
7.937585542000099581e-01
6.244779735059874382e-01
7.328004555309445278e-01
7.358241810075275557e-01
7.433689501667191113e-01
7.313868523029596336e-01
7.144701093384092649e-01
7.363756562292957941e-01
7.346972912267825118e-01
7.190811273853726648e-01
7.531955698698559187e-01
6.964951944572186360e-01
5.809540251954267154e-01
6.857586418177030740e-01
7.141938423437557137e-01
5.790494826853251897e-01
7.124021366928910970e-01
6.976360871625295612e-01
7.140137739351729573e-01
7.172677676864026575e-01
7.059099279728265897e-01
7.117607825858246473e-01
7.286476470468595812e-01
7.148749335784955194e-01
7.195592003198827413e-01
7.170446373858492262e-01
5.762231856441932809e-01
7.032759182287525723e-01
7.141960280272711126e-01
5.859214233682454864e-01
6.992281879796968802e-01
7.207852784852059047e-01
7.307735178266373532e-01
7.049113663255121009e-01
7.057093535872598355e-01
6.971603142866754643e-01
6.981895370405056811e-01
6.922919711726909231e-01
6.927086916756363122e-01
6.860423762886377341e-01
6.722832719502698229e-01
5.712649585440969791e-01
6.718710584477581849e-01
6.948790100767504585e-01
5.667512314015774599e-01
6.857004922063143493e-01
6.899286033717900724e-01
6.846265554689604516e-01
6.986276584368588116e-01
6.878895293405947742e-01
6.816922763445785183e-01
6.860466980121215919e-01
6.867701849896710176e-01
6.743500286521130205e-01
6.830997839192297638e-01
6.902806395581321253e-01
7.002109287222256784e-01
6.817130213662323523e-01
1.027466877640803800e+00
1.130796781138510232e+00
9.104613052760623937e-01
9.906921143778889549e-01
8.199012497140960587e-01
7.744214446688285625e-01
7.490091870240480620e-01
7.076813102357799590e-01
6.829635503450266487e-01
7.187061474034437403e-01
1.025483631648193450e+00
1.123057069605313485e+00
1.165611860832600488e+00
1.241024291916970723e+00
9.571116673491912863e-01
7.275902487679483110e-01
8.084164898739883975e-01
8.032930688839582389e-01
6.951168530405621437e-01
8.621296063142903643e-01
8.603303693429219523e-01
8.565283193404483741e-01
8.671083161251964544e-01
8.410797529191931243e-01
8.287917628699768002e-01
8.361508073403008945e-01
8.552239269128555366e-01
8.474354338980694124e-01
9.393359398140428418e-01
9.879894999317612170e-01
9.526181936166594477e-01
9.612979018065470616e-01
6.057039360552843865e-01
7.872591051043515975e-01
8.269128917872369255e-01
7.159561325338142934e-01
1.019615893748453628e+00
1.017214397866180509e+00
1.017917467546712418e+00
9.095023718187608130e-01
7.499765677177256951e-01
7.359243834458147893e-01
7.621157887776806028e-01
8.186402084105469656e-01
8.152845079622073055e-01
8.987858990569306261e-01
9.331721321250689982e-01
9.216351067107845241e-01
9.117575690306281011e-01
6.231694098069144871e-01
7.436116504299580265e-01
7.504393460116608461e-01
7.565185769117387382e-01
6.418838687110572927e-01
7.831490435544089523e-01
8.426068839443949798e-01
8.403464551312740394e-01
8.117096530176923785e-01
7.838137128622306715e-01
7.155766661732817502e-01
7.234668060729694261e-01
7.312822357351649316e-01
7.300396046531366645e-01
7.276630170720529422e-01
7.249486633226560617e-01
7.561236473903761857e-01
7.525866178483955338e-01
8.230962498266435334e-01
6.966429100663514840e-01
8.351453623966703654e-01
7.953975349648726434e-01
6.354062350088494071e-01
7.793982732084705489e-01
7.831934627724637110e-01
7.816219874577053917e-01
7.668263921609222988e-01
7.810899870803452716e-01
7.772122660744660294e-01
7.832417590134872487e-01
8.075202562836023557e-01
7.987106472867591123e-01
7.755246894689341586e-01
7.733670303149219327e-01
7.343099208389577415e-01
7.367511118358802680e-01
7.562727534313362643e-01
7.593344171347836680e-01
7.622936089264140680e-01
6.117986287348310404e-01
7.430985886318903777e-01
7.381234632587305722e-01
6.143030614924732680e-01
7.678436371349096623e-01
5.996091432676727839e-01
7.335709965972992963e-01
7.131148818804137202e-01
7.101021673670032675e-01
7.103062140894811360e-01
6.793340550857011051e-01
6.644208189828668676e-01
6.474748260403182520e-01
6.358051918867386743e-01
6.370803694316453658e-01
6.618366109015055843e-01
6.418400428920070233e-01
6.533941766762413339e-01
7.773176540261422796e-01
1.139882460699443767e+00
1.332126726610813217e+00
1.496763434777933055e+00
1.329616909956717219e+00
8.716336176008716574e-01
8.157421704408887031e-01
7.765235670682416602e-01
7.013884154666668591e-01
5.348428977262352779e-01
6.834756730255883150e-01
1.037378658673276721e+00
1.381576133406023699e+00
1.433854566040247747e+00
1.566123083083787781e+00
1.158299153913818547e+00
1.036742265702542909e+00
9.765011277077217944e-01
8.461922925722349387e-01
8.496831267594648907e-01
9.515580550518432101e-01
9.921478513193090487e-01
9.743167776462601237e-01
9.820213325184729003e-01
1.211612037641383255e+00
1.392644906968064200e+00
1.412106370823626111e+00
1.344094191634906066e+00
1.004564892673910803e+00
8.876591210216410177e-01
1.092788974922803691e+00
1.257607970261797492e+00
1.529483529063414338e+00
1.297516009381305180e+00
1.474333165222096342e+00
8.685148550484265151e-01
8.638588011589978244e-01
1.071719921225610550e+00
1.091989226089333131e+00
1.105963661402002307e+00
1.345339829794933495e+00
1.416427977207413313e+00
1.419766783845657354e+00
1.341077379156574434e+00
8.647156835799909569e-01
7.763707406934646782e-01
7.757036384077680147e-01
8.721230859677775449e-01
9.821489182065840096e-01
9.882066617501292782e-01
1.066043210229810745e+00
1.205809362569556953e+00
1.174952985695822516e+00
1.152655977891524186e+00
6.972826078848156639e-01
7.570985278982256261e-01
7.839928002109985972e-01
7.638585238280825029e-01
7.657730333434403791e-01
6.962884427128135378e-01
8.676744649174468194e-01
9.837542473249034636e-01
1.002516453176918176e+00
9.721258078553852711e-01
9.348239753167038035e-01
7.564918916362022294e-01
7.431022059201312091e-01
7.294238615325551178e-01
7.360977736523716120e-01
7.887204069388183969e-01
8.437518540991696403e-01
9.296641513218432129e-01
1.014636302785973054e+00
1.083116102988531670e+00
1.084680704732768453e+00
1.147579134547782154e+00
1.151135250368505947e+00
1.121578623394860363e+00
9.996951075573649037e-01
8.756851188913924444e-01
8.183129161806876883e-01
8.177638318802358253e-01
6.214162457889768065e-01
7.222844774856679306e-01
7.200479013452028010e-01
7.382613711607934892e-01
7.550443905138165546e-01
7.736217270080684161e-01
1.332018450083917394e+00
1.369902916154230210e+00
1.422525510067329968e+00
1.069329598926673119e+00
9.323021801080165760e-01
8.466576169581473410e-01
7.764713266644511780e-01
7.798148268999266497e-01
7.487112376035541805e-01
7.379400418397091821e-01
8.370264030674058331e-01
8.643922006807687186e-01
8.664336580025536749e-01
8.575003147996381747e-01
8.758566344712421792e-01
1.168016774469383900e+00
1.205705782691839811e+00
1.170855035460812266e+00
9.533826841848765943e-01
8.431924361231739606e-01
8.893059101695430790e-01
9.044025906902144474e-01
8.951577175371913109e-01
1.018352860568653817e+00
1.233370741181986530e+00
2.155919925394389036e+00
2.198331387779572488e+00
1.823511869300906474e+00
1.684430428206681762e+00
1.218818607713998192e+00
1.155096076004545003e+00
1.232447213306417044e+00
1.506329051617808945e+00
1.603138631334457775e+00
1.608279119153830594e+00
1.351918213422704351e+00
1.126298417716760758e+00
1.068443833849648916e+00
1.023188068774953940e+00
1.049347969790007218e+00
1.060349965122697524e+00
1.016094389543362952e+00
1.063772633241335752e+00
1.081351995319957737e+00
1.036612289500622897e+00
1.009009317643567494e+00
8.434479183295821025e-01
7.866111879381484373e-01
8.077092097519564806e-01
8.142972728471590260e-01
8.526406774550533418e-01
8.788353705413260997e-01
8.969564457690442083e-01
8.824755762728938580e-01
9.188640088680805063e-01
9.140593166237611644e-01
8.709831692903032829e-01
8.585051210311867020e-01
1.107962132113851972e+00
1.870926097799052501e+00
2.024214893120149572e+00
1.853494344847218755e+00
1.550271361698665196e+00
1.163324636098824527e+00
8.622223642677424582e-01
9.034152761320500824e-01
8.658746318099843631e-01
8.485810513340658057e-01
8.338293332821659076e-01
1.447258600691272878e+00
1.805315726325368964e+00
1.806820206921119221e+00
1.882089210518740563e+00
1.327296835500570094e+00
1.241481437045071745e+00
1.155838094112057846e+00
9.781952106751539144e-01
1.103137526370543187e+00
1.184226939091285180e+00
1.302558822123006665e+00
1.151007838946552342e+00
1.087691558859667618e+00
1.022707440704249127e+00
1.517883479073942832e+00
1.649788671845352273e+00
1.627912816642607563e+00
1.376314417115141797e+00
9.609818732110332329e-01
1.171477116305915223e+00
1.208421446695640888e+00
1.206073904977374767e+00
1.231494334510873756e+00
1.736499013523897572e+00
1.770145609624392824e+00
1.748369834362348607e+00
1.243914514657792347e+00
6.944272529442155895e-01
9.999950851824472853e-01
1.156679790318357881e+00
1.171759856798242128e+00
1.256904926005919076e+00
1.661388017742868373e+00
1.904673137837822328e+00
1.719502792539497449e+00
1.713716354436075395e+00
1.485294760812308601e+00
1.625985677275910035e+00
1.526291635532892599e+00
1.550381903760745361e+00
1.533363387092989250e+00
1.316192728814380652e+00
1.360253476852863352e+00
1.538923207208424904e+00
1.524600907260233784e+00
1.469432364972156790e+00
1.354623968610426443e+00
9.239985143494440223e-01
8.901287048491525189e-01
8.950061605467043435e-01
1.375601958592840290e+00
2.190559283872176355e+00
2.290423567525407211e+00
2.579491288941588856e+00
1.938528395352379974e+00
1.530156918193503079e+00
1.532759227668664792e+00
1.319984066963130198e+00
1.292167624997111908e+00
1.231519591118343193e+00
8.852584806203129819e-01
9.415132143051783142e-01
1.242133753414745190e+00
1.265536602897921581e+00
1.248038664259487618e+00
1.032365108903233963e+00
1.190668167657649157e+00
1.888968203712921845e+00
1.964589818846265601e+00
1.999429734046290985e+00
1.501161709280729228e+00
1.350789411003910701e+00
1.152669470080701863e+00
1.386698086688202824e+00
1.270706646377163462e+00
1.697462006097689047e+00
2.013794654719311961e+00
2.063385498003890373e+00
1.781710106951481798e+00
1.110046439594264189e+00
8.853233049386995956e-01
8.901361299709865671e-01
1.265946762306230378e+00
1.285683481212931190e+00
1.352095621078179599e+00
1.737960424511782120e+00
1.808045759967226163e+00
1.786810109368309085e+00
1.410278198243478442e+00
9.161660305907979307e-01
8.595980469619366460e-01
8.341028431075077076e-01
8.832765820317926009e-01
1.051574262926361580e+00
1.097808026001801052e+00
1.112393558312882780e+00
1.314001398822652655e+00
1.323273778279795199e+00
1.305190872414337733e+00
1.235912251834559328e+00
8.733498499877349053e-01
8.633024787044711879e-01
8.613249540165319740e-01
8.699054178237893842e-01
8.668771155095256198e-01
8.620940015138566226e-01
9.407509191494408674e-01
9.540372774595272665e-01
9.790712347270933424e-01
1.118467014579239693e+00
1.063613236655474026e+00
1.076165541816656912e+00
9.532982840560361160e-01
8.332850643159113169e-01
8.270564320566334837e-01
8.153076220141357577e-01
8.217088056423500486e-01
8.352441975830459109e-01
8.377579733852702493e-01
8.460780456382738235e-01
9.013977155019879950e-01
9.406977371748588279e-01
9.485756776924232359e-01
9.902549463083311077e-01
9.584364327319506716e-01
9.494252209716552704e-01
9.003628834411417925e-01
8.718414789617799920e-01
8.695469646110423056e-01
6.957298188441085607e-01
8.298374509916719433e-01
8.333781431927329564e-01
8.339510441912072469e-01
8.590850966018924728e-01
8.404371107479418068e-01
8.362210098192300878e-01
8.426492106751037880e-01
8.694101717314114408e-01
9.250021431627220014e-01
9.284734506278398136e-01
9.122069623406675598e-01
7.253889867552212323e-01
8.618315777083360718e-01
8.784774518258601228e-01
8.476467923660960802e-01
8.528209614802860772e-01
8.743977740316701830e-01
8.580676777139726319e-01
8.901079870573288533e-01
9.546715047259507481e-01
9.097848072157973531e-01
8.909119549807607008e-01
8.738489705466646607e-01
8.850893786729734369e-01
8.580541660750150568e-01
8.326612238732118421e-01
8.178118761420437588e-01
8.234922233271958492e-01
8.167145582818317040e-01
8.101227934294313870e-01
7.860414080994350128e-01
7.816884303423858871e-01
9.036064661121393504e-01
1.335587826270971057e+00
1.694333472791820228e+00
1.923581722636419578e+00
2.256068623058820943e+00
1.992011654398738951e+00
2.015614172230988377e+00
2.185360319919228189e+00
2.072311599751178512e+00
1.995171435057730536e+00
1.628710899180018323e+00
1.268623026773992413e+00
1.218799846315763880e+00
1.242532027377630355e+00
1.024524362436350700e+00
8.608096402386972157e-01
8.387267814469888672e-01
8.088567436819027456e-01
7.772514111867198094e-01
8.328391158594891097e-01
9.565202788261544242e-01
2.378212360068221898e+00
2.870875298721479396e+00
2.988310360488783513e+00
2.999603386944207362e+00
1.842591416887151778e+00
1.705830332159495866e+00
1.415103786182574597e+00
1.232990541020506869e+00
1.232407888903621629e+00
1.162300097178660341e+00
8.916717789518505688e-01
9.330836248186327175e-01
1.411705821245384795e+00
1.479507976647546519e+00
1.496965248323681719e+00
1.241955012372680800e+00
8.944785753370335657e-01
2.067060841403973281e+00
2.475150046037172924e+00
2.504448806094076829e+00
2.181763720824577479e+00
9.844608253073883208e-01
1.429612867124140818e+00
1.637306038525747409e+00
1.625822570321826976e+00
1.506930065181260270e+00
1.381800498442603109e+00
2.557760890419798816e+00
2.472734010539430205e+00
2.435905437535556661e+00
1.666611254827417676e+00
6.634521567690171429e-01
9.212483961409273503e-01
1.391099985172477238e+00
1.632933251814383979e+00
1.589865946315041745e+00
1.415089588115389097e+00
1.710930723333212722e+00
2.056414282650521397e+00
2.060194686693967547e+00
1.814483088636650976e+00
1.069922856089236207e+00
8.543172057737237202e-01
8.940566043328114221e-01
9.260558384466187620e-01
1.035552324311973083e+00
1.318182064680212706e+00
1.310280804963876111e+00
1.260558665505591147e+00
1.451894862003737519e+00
1.624342354150138723e+00
1.642811668242521339e+00
1.208368597950243428e+00
1.005425762496322539e+00
9.892355669536853080e-01
9.691080061086601027e-01
9.817769691382802755e-01
9.643214784903603176e-01
9.692263095967772468e-01
1.036692232312933504e+00
1.048884655446516101e+00
1.034995589232150071e+00
1.168729397468654563e+00
1.247668896777787140e+00
1.262119324492351868e+00
1.221992006138750808e+00
1.013791062897638762e+00
1.008064730557441058e+00
1.025910931649339108e+00
1.036629207794082186e+00
1.031580964767124797e+00
1.088935278428226017e+00
1.103497596899062350e+00
1.092869840085815891e+00
1.104550797186377054e+00
1.210846423108158154e+00
1.153405355813960309e+00
1.057059671123193656e+00
1.054775633031198590e+00
1.023345188474018341e+00
1.020432088170265095e+00
8.664925194964923083e-01
9.555131075672833596e-01
1.255696329394712096e+00
1.469537206909729887e+00
1.738476289452325352e+00
1.975770733539584212e+00
2.197702625420968392e+00
2.365181510920389751e+00
2.422145269758679387e+00
2.355216362262459118e+00
2.151308745166782721e+00
1.873328550984477481e+00
1.717334301777975858e+00
1.876119418484864632e+00
2.103060277212979834e+00
2.126561567477719183e+00
1.798399406334618478e+00
1.725865318459750553e+00
1.636680069312075103e+00
1.622293664215381792e+00
1.528925286689698959e+00
1.381554364436819782e+00
1.448246930558439782e+00
1.643833662851605038e+00
1.500291027788305032e+00
1.418686260964140189e+00
1.311248940297325971e+00
1.264865417878559883e+00
1.224226046952783920e+00
1.249210136850128272e+00
1.235179903710718063e+00
1.268871294049537690e+00
1.203744589703007239e+00
1.171938312204896304e+00
1.071901507708399315e+00
1.055372845267462223e+00
1.069019491744853223e+00
1.074144222129221671e+00
1.091168831002368833e+00
1.061227703184366877e+00
1.081531455719471291e+00
1.081290634630184044e+00
9.698461109878088182e-01
7.451102254564750949e-01
7.472309192081865170e-01
