4.980286996120250478e+03
4.982224410697585881e+03
4.984162389196390905e+03
4.986100953559182017e+03
4.988040083389762003e+03
4.989979779216093448e+03
4.991920035321429168e+03
4.993860837224657189e+03
4.995802196581190401e+03
4.997744082200463708e+03
4.999686519398098426e+03
5.001629463570632652e+03
5.003572957831046551e+03
5.005516953270098384e+03
5.007461443492990838e+03
5.009406438221787539e+03
5.011351943944567211e+03
5.013297946503374078e+03
5.015244428019193037e+03
5.017191396458290001e+03
5.019138832738902238e+03
5.021086772512599964e+03
5.023035124327701851e+03
5.024984087515320425e+03
5.026933408543704900e+03
5.028883158712129443e+03
5.030985899157496533e+03
5.032783948032313674e+03
5.034734965407062191e+03
5.036686473141310671e+03
5.038638411104584520e+03
5.040590767357578443e+03
5.042543538924641325e+03
5.044496725649092696e+03
5.046450323288309846e+03
5.048404321393893042e+03
5.050358716228605772e+03
5.052313506725790830e+03
5.054268713646516517e+03
5.056224267151331333e+03
5.058180206158013789e+03
5.060136587146764214e+03
5.062093291728333497e+03
5.064050346040358818e+03
5.066007791948610247e+03
5.068256423599001209e+03
5.070405594827053392e+03
5.072365445725660720e+03
5.074325632336604940e+03
5.076286268353824198e+03
5.078247333842326952e+03
5.080208804288896317e+03
5.082170581394008877e+03
5.084132712389115113e+03
5.086095075310705397e+03
5.088057939072742556e+03
5.090021219407014542e+03
5.091984783948685617e+03
5.093948741228496147e+03
5.095913012870615603e+03
5.097877706141796807e+03
5.099842758846388278e+03
5.101808075585693587e+03
5.103773743307985569e+03
5.105739741062536268e+03
5.107706078650753625e+03
5.109672746020724844e+03
5.111639750556371837e+03
5.113607043575665557e+03
5.115574706502644403e+03
5.117542572725271384e+03
5.119510822092551280e+03
5.121479355703090732e+03
5.123448201189460633e+03
5.125417344120946836e+03
5.127386817080579931e+03
5.129356491929070216e+03
5.131326496630571455e+03
5.133296790222308118e+03
5.135267363610938446e+03
5.137238261007797519e+03
5.139209317053546329e+03
5.141180811712119976e+03
5.143152395548335335e+03
5.145124333591470531e+03
5.147096568024830958e+03
5.149068968682386185e+03
5.151041668393128930e+03
5.153014649406922217e+03
5.154987839100811470e+03
5.156961295181475180e+03
5.158934991599367095e+03
5.160908930777058231e+03
5.162883095505137135e+03
5.164857538378992103e+03
5.166832185777690029e+03
5.168807058920261625e+03
5.170782167555496926e+03
5.172757501680772293e+03
5.174733043094218374e+03
5.176708833321173188e+03
5.178684866190699722e+03
5.180661020334168825e+03
5.182637412962647431e+03
5.184614013492796403e+03
5.186590836562096229e+03
5.188567841436688468e+03
5.190545009049026703e+03
5.192522477991989945e+03
5.194500044519450057e+03
5.196477827686811906e+03
5.198455870477473582e+03
5.200433959741077160e+03
5.202412282458411937e+03
5.204390831940779208e+03
5.206369464143018376e+03
5.208348290805231045e+03
5.210327239989119334e+03
5.212306448528291185e+03
5.214285697877807252e+03
5.216265266425648406e+03
5.218244943890012109e+03
5.220224658802371778e+03
5.222204575515313991e+03
5.224184589092957140e+03
5.226164831130616221e+03
5.228145194840658405e+03
5.230125652100941807e+03
5.232106195612273041e+03
5.234087028637952244e+03
5.236067841678253899e+03
5.238048790049026138e+03
5.240029880541574130e+03
5.242011078449873821e+03
5.243992274527234258e+03
5.245973607602424636e+03
5.247955132725165640e+03
5.249936775523875440e+03
5.251918778574286080e+03
5.253900519836335661e+03
5.255882512550218962e+03
5.257864557186635466e+03
5.259846698526599539e+03
5.261828904927963777e+03
5.263811226952127072e+03
5.265793620644404655e+03
5.267776065014310007e+03
5.269758688191801411e+03
5.271741414194620120e+03
5.273724080717906872e+03
5.275706897968487283e+03
5.277689808223145519e+03
5.279672832638060754e+03
5.281655888348042026e+03
5.283638961214002848e+03
5.285622202913422370e+03
5.287605441493714352e+03
5.289588849984611443e+03
5.291572205068640869e+03
5.293555685511823867e+03
5.295539236869649358e+03
5.297522864793134431e+03
5.299506581663532415e+03
5.301490270437636354e+03
5.303474119491463171e+03
5.305458032847077448e+03
5.307441936664144123e+03
5.309425870335240688e+03
5.311409987826513316e+03
5.313394119351081827e+03
5.315378309190296022e+03
5.317362536173547596e+03
5.319346832119160354e+03
5.321331183007172513e+03
5.323315580856342422e+03
5.325300004756334602e+03
5.327284557898749881e+03
5.329269112246342956e+03
5.331253728393795427e+03
5.333238402606148156e+03
5.335223085654464739e+03
5.337207872693109493e+03
5.339192675519672775e+03
5.341177651508757663e+03
5.343162468615784746e+03
5.345147414558882701e+03
5.347132416842540806e+03
5.349117451975714175e+03
5.351102501875720918e+03
5.353087679084947922e+03
5.355072866100407737e+03
5.357058073032097127e+03
5.359043358618244383e+03
5.361028654122224907e+03
5.363013929872493463e+03
5.364999390396020317e+03
5.366984819481962404e+03
5.368970303238053930e+03
5.370955777187744388e+03
5.372941350946503007e+03
5.374390664617738366e+03
5.376115182845870549e+03
5.378100460216142892e+03
5.380085952073902263e+03
5.382071382288767381e+03
5.384056857433232835e+03
5.386042523379361228e+03
5.388028009683256641e+03
5.390013741434312578e+03
5.391999462509170371e+03
5.393985188146345536e+03
5.395971046176248819e+03
5.397956954107896308e+03
5.399942826902374691e+03
5.401928832403860724e+03
5.403914767019549799e+03
5.405900817316212851e+03
5.407886853714887366e+03
5.409873092425701543e+03
5.411859189921041434e+03
5.413845388136224756e+03
5.415831619437631161e+03
5.417817894058991442e+03
5.419804172545363144e+03
5.421790616866620439e+03
5.423776987539160473e+03
5.425763329720589354e+03
5.427749760889523714e+03
5.429736162233833966e+03
5.431722636575662364e+03
5.433709299268425639e+03
5.435695793693200358e+03
5.437682371901677470e+03
5.439668949394172159e+03
5.441655580707209083e+03
5.443642225161385795e+03
5.445628918152393453e+03
5.447615642445329286e+03
5.449602262700935171e+03
5.451589241233903522e+03
5.453576121558206978e+03
5.455562940775665083e+03
5.457549914958312911e+03
5.459536945357106561e+03
5.461523909665010251e+03
5.463510737481312390e+03
5.465497112932956952e+03
5.467482615830223040e+03
5.469469461553895599e+03
5.471456368964415560e+03
5.473443395965047785e+03
5.475430374849472173e+03
5.477417409801360009e+03
5.479404462534418599e+03
5.481391463547537569e+03
5.483378350557339218e+03
5.485365231026535184e+03
5.487352258745640938e+03
5.489339243647958938e+03
5.491326312607282489e+03
5.493313182913822857e+03
5.495300230802708029e+03
5.497287255139962326e+03
5.499274291295830153e+03
5.501261376943338291e+03
5.503248427029229788e+03
5.505235532268821771e+03
5.507222608124012368e+03
5.509209738222236410e+03
5.511196852520813081e+03
5.513183933806928508e+03
5.515171177514681403e+03
5.517158367961383192e+03
5.519145595390376002e+03
5.521132919776542622e+03
5.523120051207376491e+03
5.525107312724302574e+03
5.527094599713402204e+03
5.529082001789372953e+03
5.531069282568871131e+03
5.533056527365516558e+03
5.535043965588019091e+03
5.537031352711812360e+03
5.539018831253883036e+03
5.541006199697093507e+03
5.542993659106163250e+03
5.544981134735144224e+03
5.546968645528968409e+03
5.548956150787623301e+03
5.550943690276827510e+03
5.552931276744722709e+03
5.554918808625097881e+03
5.556906468017928091e+03
5.558894070139255746e+03
5.560881702296789626e+03
5.562869422855881567e+03
5.564857057578747117e+03
5.566844758310118777e+03
5.568832515023514134e+03
5.570820425406910545e+03
5.572808304619333285e+03
5.574796089118758573e+03
5.576783802598144575e+03
5.578771312395992027e+03
5.580759089045207475e+03
5.582746899012595350e+03
5.584734722743809471e+03
5.586722560753542894e+03
5.588710410779287486e+03
5.590698256137109638e+03
5.592686209962254907e+03
5.594673920760335932e+03
5.596661853035311651e+03
5.598649634549468828e+03
5.600637619207148418e+03
5.602625402940793720e+03
5.604613394712725494e+03
5.606601307503313365e+03
5.608464537129217206e+03
5.609985206863938402e+03
5.611972983862987348e+03
5.613632747035893772e+03
5.615393709070174737e+03
5.617381341855782921e+03
5.619369007169772885e+03
5.621356678045567605e+03
5.623344402955006444e+03
5.625332065087536648e+03
5.627319771163152836e+03
5.629307477578343423e+03
5.631295189235550424e+03
5.633282915980611506e+03
5.635270647729295888e+03
5.637258383440163925e+03
5.639246136845797082e+03
5.641233867966410799e+03
5.643221419214542038e+03
5.645209402062192567e+03
5.647197166368296166e+03
5.649184926780331807e+03
5.651172710633553834e+03
5.653160614561789771e+03
5.655148265413075933e+03
5.657136040130969377e+03
5.659123807887960538e+03
5.661111689781353562e+03
5.663099383344876514e+03
5.665087156737933583e+03
5.667074932221925337e+03
5.669062722845815188e+03
5.671050493953979640e+03
5.673038251900715295e+03
5.675026055622493914e+03
5.677013824139517965e+03
5.679001540653608572e+03
5.680989388672304813e+03
5.682977180404352112e+03
5.684965041366011064e+03
5.686952731126878462e+03
5.688940580723855419e+03
5.690928265542620466e+03
5.692916122136154627e+03
5.694903801428028601e+03
5.696891588205041444e+03
5.698879381521444884e+03
5.700867148240601637e+03
5.702854971965079130e+03
5.704842734274012400e+03
5.706830608620782186e+03
5.708818342053114065e+03
5.710806135253387765e+03
5.712793947080243015e+03
5.714781842203824453e+03
5.716769587824539485e+03
5.718194083814623809e+03
5.719907943774607702e+03
5.721895653571424191e+03
5.723883356617141544e+03
5.725870936609829187e+03
5.727858764547004284e+03
5.729846500699683929e+03
5.731834152600938978e+03
5.733821758761081583e+03
5.735809409861588392e+03
5.737797057123266313e+03
5.739784693585311288e+03
5.741772372136148988e+03
5.743759916800352585e+03
5.745747505476637343e+03
5.747735060935937327e+03
5.749722656781832484e+03
5.751710241110615243e+03
5.753697769486584548e+03
5.755685282670965535e+03
5.757672823154120124e+03
5.759660333572776835e+03
5.761647837798859655e+03
5.763635392490465165e+03
5.765622913130934649e+03
5.767610151909273554e+03
5.769597667957437807e+03
5.771585127364632172e+03
5.773572558599129479e+03
5.775559949314122605e+03
5.777547348022033475e+03
5.779534735153172733e+03
5.781522107434166173e+03
5.783509467136504099e+03
5.785496861529780290e+03
5.787484129325188405e+03
5.789471425964299669e+03
5.791458756231368170e+03
5.793446077579385928e+03
5.795433335129133411e+03
5.797420590293536407e+03
5.799407871310831069e+03
5.801395208714012369e+03
5.803382382350931039e+03
5.805369602120223135e+03
5.807356821406062409e+03
5.809344020681861366e+03
5.811331186925741349e+03
5.813318322023017572e+03
5.815305607505902117e+03
5.817292787973999111e+03
5.819279974584014781e+03
5.821267125226406279e+03
5.823254255053871020e+03
5.825241427576988826e+03
5.827228573993105783e+03
5.829215787719233049e+03
5.831202606246357391e+03
5.833189500589227464e+03
5.835176668265547960e+03
5.837164214367616296e+03
5.839151367863701125e+03
5.841138665951360963e+03
5.843125594923315475e+03
5.845112719492140968e+03
5.847099894521522401e+03
5.849086933980091999e+03
5.851074059580533685e+03
5.853061172430365332e+03
5.855048276110140250e+03
5.857035350233924873e+03
5.859022527066081238e+03
5.861009671927734416e+03
5.862996780034560288e+03
5.864983909975107053e+03
5.866971034728810992e+03
5.868958136588335037e+03
5.870945204505981565e+03
5.872932438681871645e+03
5.874919589213991458e+03
5.876906732281328914e+03
5.878893774834742544e+03
5.880880923174611780e+03
5.882868160936715867e+03
5.884855325147615076e+03
5.886842433461938526e+03
5.888829750186028832e+03
5.890816811734288422e+03
5.892803991790412510e+03
5.894791146890987875e+03
5.896778314526133727e+03
5.898765590108679135e+03
5.900752658608399543e+03
5.902739818921631922e+03
5.904726994724656834e+03
5.906714202724643656e+03
5.908701331734600899e+03
5.910688452409013735e+03
5.912675764949334734e+03
5.914662865038237214e+03
5.916650008769378474e+03
5.918637256488006642e+03
5.920624377478918177e+03
5.922611488336175171e+03
5.924598627520765149e+03
5.926585677487960311e+03
5.928572942461916682e+03
5.930560089355196396e+03
5.932547241300349015e+03
5.934534368603720395e+03
5.936521487083081411e+03
5.938508602077198702e+03
5.940495725130510436e+03
5.942360174263737463e+03
5.943917646910462281e+03
5.945904903350483437e+03
5.947892176877695420e+03
5.949586828270894330e+03
5.951349979355511095e+03
5.953337379935383069e+03
5.955324795249712224e+03
5.957312163622199478e+03
5.959299603168468821e+03
5.961287008618816799e+03
5.963274447563918329e+03
5.965261804365375610e+03
5.967249178519681664e+03
5.969236613563770334e+03
5.971224024291706883e+03
5.973211413399764751e+03
5.975198800125584967e+03
5.977186162128286924e+03
5.979173599440144244e+03
5.981160932880023211e+03
5.983148327433753366e+03
5.985135774324519844e+03
5.987123062572110939e+03
5.989110580181573823e+03
5.991097970600610097e+03
5.993085345736313684e+03
5.995072757564028507e+03
5.997060158639639667e+03
5.999047557196075104e+03
6.001034937590705340e+03
6.003022091792995525e+03
6.005009440247390557e+03
6.006996793856827026e+03
6.008984330771295390e+03
6.010971926227868607e+03
6.012959324572828336e+03
6.014946736963845069e+03
6.016934097240908159e+03
6.018921596819182923e+03
6.020908858273089209e+03
6.022896159221677408e+03
6.024883670512138451e+03
6.026870998655882431e+03
6.028858368133152908e+03
6.030845849027571603e+03
6.032833125118114367e+03
6.034820487170056367e+03
6.036807867286992405e+03
6.038795197864354122e+03
6.040782572044647168e+03
6.042770015941966449e+03
6.044757294772211026e+03
6.046744639342271512e+03
6.048731993707281617e+03
6.050719246176516208e+03
6.052706684479922842e+03
6.054694101519477954e+03
6.056681379229868980e+03
6.058668695455528905e+03
6.060017384142758601e+03
6.061693670958980874e+03
6.063680168204335132e+03
6.065666773586318413e+03
6.067653317379186774e+03
6.069639755379121198e+03
6.071626342432913589e+03
6.073612884547652357e+03
6.075599377082873616e+03
6.077585911448386469e+03
6.079572354662238467e+03
6.081558916089560626e+03
6.083545282994468835e+03
6.085531717540782665e+03
6.087518092123403221e+03
6.089504564503531583e+03
6.091490989627486670e+03
6.093477379811142782e+03
6.095463634211791941e+03
6.097450361794119999e+03
6.099436785448437149e+03
6.101423088987353367e+03
6.103409401442796479e+03
6.105395165404333056e+03
6.107381217741678483e+03
6.109367543980095434e+03
6.111354104778833971e+03
6.113341160873720582e+03
6.115327431352281565e+03
6.117313672984090772e+03
6.119299932431833440e+03
6.121286194329029968e+03
6.123272447526535871e+03
6.125258673541216012e+03
6.127244995366751937e+03
6.129231300129572446e+03
6.131217489065201335e+03
6.133203563330190264e+03
6.135189791283487466e+03
6.137175809198304705e+03
6.139161763223554772e+03
6.141147791467021307e+03
6.143134074852074264e+03
6.145120305037690741e+03
6.147106433953773376e+03
6.149092627533575069e+03
6.151078732731542914e+03
6.153064894613977231e+03
6.155050763661978635e+03
6.157036765875338460e+03
6.159022846015670439e+03
6.161008901220623557e+03
6.162994854090705303e+03
6.164980968430851135e+03
6.166966938200273034e+03
6.168953007408224039e+03
6.170939000409073742e+03
6.172925157158073489e+03
6.174911058087393940e+03
6.176897120583531432e+03
6.178882822234206287e+03
6.180868984983801056e+03
6.182854851128415248e+03
6.184840816018105215e+03
6.186826704472437996e+03
6.188812625796097564e+03
6.190798542480362812e+03
6.192784398639519168e+03
6.194770353559637442e+03
6.196756270677663451e+03
6.198742302314640256e+03
6.200728013285325687e+03
6.202713921993732583e+03
6.204699712141110467e+03
6.206685514686039824e+03
6.208671365046659048e+03
6.210657243337027467e+03
6.212643025701913757e+03
6.214628940392986806e+03
6.216614761403903685e+03
6.218600697060002858e+03
6.220586459083569025e+03
6.222572293439672649e+03
6.224558079411235667e+03
6.226543878886997845e+03
6.228529688554717723e+03
6.230515475996916393e+03
6.232501280683044570e+03
6.234487046963209650e+03
6.236472851759973310e+03
6.238458610208343089e+03
6.240444460967690247e+03
6.242430237893443518e+03
6.244415832317074091e+03
6.246401680912906158e+03
6.248387429709860044e+03
6.250373189236818689e+03
6.252358912862446232e+03
6.254344646175166417e+03
6.256330377862823298e+03
6.258315983645974484e+03
6.260301856207513083e+03
6.262287555740975222e+03
6.264177311213545181e+03
6.266258959285109086e+03
6.268244658105613780e+03
6.270230305817985027e+03
6.272215982554493166e+03
6.274201805387497188e+03
6.276187471402728079e+03
6.278173082298122608e+03
6.280158697571528137e+03
6.282144457365494418e+03
6.284130036938221565e+03
6.286115671716529505e+03
6.288101311157865894e+03
6.290086907593968135e+03
6.292072514991595199e+03
6.294058111653811466e+03
6.296043670972983819e+03
6.298029273284741066e+03
6.300014839135373222e+03
6.302000399898941396e+03
6.303986025536267334e+03
6.305971411617397280e+03
6.307956781422995846e+03
6.309942534067541601e+03
6.311928008881612186e+03
6.313797142826377240e+03
6.315416532345411724e+03
6.317402228404079324e+03
6.319387848651309469e+03
6.321136195380519894e+03
6.322907734440026616e+03
6.324893453305300682e+03
6.326879153321713602e+03
6.328864835771750222e+03
6.330850580926186922e+03
6.332836185903826845e+03
6.334821841412024696e+03
6.336807492986739817e+03
6.338793125422336743e+03
6.340778601807126506e+03
6.342764369403509590e+03
6.344749961107254421e+03
6.346735491046236348e+03
6.348720935398854635e+03
6.350706731920286984e+03
6.352692313503847799e+03
6.354677872401396598e+03
6.356663436733954768e+03
6.358648977149307029e+03
6.360634504776869107e+03
6.362620026558877726e+03
6.364605650507220162e+03
6.366591059736915668e+03
6.368576542594362763e+03
6.370561990082365810e+03
6.372547484104366049e+03
6.374532844606650542e+03
6.376518412266648738e+03
6.378503845577999527e+03
6.380489061306459007e+03
6.382474759544824337e+03
6.384460232054632797e+03
6.386445515797989174e+03
6.388430865155703941e+03
6.390416260034839070e+03
6.392401633657873390e+03
6.394386966501672759e+03
6.396372310550037582e+03
6.398357645452365432e+03
6.400342941009527749e+03
6.402328263487160257e+03
6.404313517072252580e+03
6.406298799864687680e+03
6.408284052305510158e+03
6.410269246246086368e+03
6.412254537714082289e+03
6.414239770214508098e+03
6.416224874584077952e+03
6.418210206428397214e+03
6.420195394087496425e+03
6.422180582656164916e+03
6.424165700596735405e+03
6.426150951719206205e+03
6.428135991089871823e+03
6.430332948960780413e+03
6.432106437842202467e+03
6.434091490269034693e+03
6.436076542172910194e+03
6.438061712172746411e+03
6.440046842820603160e+03
6.442031948815030773e+03
6.444017217801723746e+03
6.446002131064114110e+03
6.447987206938962117e+03
6.449972228992064629e+03
6.451957377610876392e+03
6.453942445772599058e+03
6.455199038086373548e+03
6.456829517570578901e+03
6.458813840218328551e+03
6.460798145470447707e+03
6.462782429630886327e+03
6.464766691002749212e+03
6.466750973934193098e+03
6.468735160543005804e+03
6.470719369018841462e+03
6.472703535061474213e+03
6.474593894895288940e+03
6.476671931211390074e+03
6.478655936745400140e+03
6.480640041637063405e+03
6.482624106399537595e+03
6.484608161037113859e+03
6.486592199827757213e+03
6.488576227426306104e+03
6.490560212919681362e+03
6.492544166865857733e+03
6.494527975669344414e+03
6.496512079823237400e+03
6.498496022955415356e+03
6.500479959142664484e+03
6.502463862682442596e+03
6.504447700264753621e+03
6.506431501181241401e+03
6.508415430667724650e+03
6.510399248451512904e+03
6.512383066961412624e+03
6.514366901996716479e+03
6.516350675695090104e+03
6.518334409323555519e+03
6.520318235775440371e+03
6.522302015330867107e+03
6.524285761367978921e+03
6.526269502585528244e+03
6.528253232635351196e+03
6.530236953130891379e+03
6.532220678400517500e+03
6.534204387752889488e+03
6.536188059419751880e+03
6.538171769572300946e+03
6.540155426193802668e+03
6.542139166921468131e+03
6.544122806238845442e+03
6.546106511851538016e+03
6.548090138337607641e+03
6.550073768867541730e+03
6.552057333777441272e+03
6.554041035967731659e+03
6.556024665894266036e+03
6.558008213675389015e+03
6.559991944697025247e+03
6.561975580275504399e+03
6.563959203236684516e+03
6.565942723141607530e+03
6.567926318362742677e+03
6.569910071455273282e+03
6.571893476073747479e+03
6.573877013993929722e+03
6.575860645449933145e+03
6.577844105201691491e+03
6.579827560016483403e+03
6.581811170120174211e+03
6.583794721134327119e+03
6.585778197042207466e+03
6.587761694917860950e+03
6.589745187977867317e+03
6.591728834874482345e+03
6.593711936176444397e+03
6.595695577448184849e+03
6.597679028608204135e+03
6.599662464597638063e+03
6.601645781325147254e+03
6.603629491403586144e+03
6.605612626349516177e+03
6.607596087582459404e+03
6.609579417062821449e+03
6.611562826350562318e+03
6.613546177762801562e+03
6.615529527392933232e+03
6.617512820992055822e+03
6.619496137525968152e+03
6.621479437259850783e+03
6.623462647125415970e+03
6.625446027652716111e+03
6.627429226867792750e+03
6.629412432730304317e+03
6.631395693334175121e+03
6.633378901349521584e+03
6.635362081185826355e+03
6.637345213237258577e+03
6.639328479690901986e+03
6.641311614753175490e+03
6.643294782715760448e+03
6.645277818085384752e+03
6.647260909100456956e+03
6.649243982573436369e+03
6.651226878370611303e+03
6.653210034491160513e+03
6.655193131503297991e+03
6.657176153044664716e+03
6.659159154203483922e+03
6.661142121959773249e+03
6.663125141766287015e+03
6.665108038938735262e+03
6.667090962991962442e+03
6.669073775481617304e+03
6.671056693230567362e+03
6.673039630466446397e+03
6.675022477287795482e+03
6.677005301802571921e+03
6.678988122755676159e+03
6.680970933837744269e+03
6.682953667466136721e+03
6.684936431458611878e+03
6.686919162915599372e+03
6.688901869210873883e+03
6.690884555253153849e+03
6.692867230795926844e+03
6.694849878868829364e+03
6.696832560145697244e+03
6.698815108308680465e+03
6.700797697514471110e+03
6.702780242513475059e+03
6.704762787206883331e+03
6.706745287503807049e+03
6.708727791760290529e+03
6.710710238389189726e+03
6.712692676658291020e+03
6.714675182670743197e+03
6.716657476684223184e+03
6.718639856824902381e+03
6.720622110180749587e+03
6.722604584403774425e+03
6.724586871265385525e+03
6.726569101219280128e+03
6.728551431461120956e+03
6.730533538452280482e+03
6.732515745604586300e+03
6.734497912651325350e+03
6.736479969853734474e+03
6.738462169225483194e+03
6.740444287950655962e+03
6.742426356056530494e+03
6.744408402121612198e+03
6.746390425681305715e+03
6.748372421670136646e+03
6.750354395832065165e+03
6.752336345086579968e+03
6.754318270636776106e+03
6.756300164728787422e+03
6.758282031343351264e+03
6.760263886711552914e+03
6.762245716308730152e+03
6.764227435569373483e+03
6.766209321390915647e+03
6.768191082571044717e+03
6.770172815303365496e+03
6.772154533829690990e+03
6.774136305329213428e+03
6.776117769694079470e+03
6.778099267206706827e+03
6.780081144887942173e+03
6.782062745939004344e+03
6.784044206796611434e+03
6.786025851607036202e+03
6.788007395045730846e+03
6.789988907339388788e+03
6.791970382657704249e+03
6.793951839931695758e+03
6.795933309246792305e+03
6.797914676809820776e+03
6.799896090737801387e+03
6.801877465258738994e+03
6.803858822587478244e+03
6.805840139765311505e+03
6.807821478132743323e+03
6.809803239613906044e+03
6.811784431878890246e+03
6.813765608350875482e+03
6.815746639617226720e+03
6.817727849363469431e+03
6.819709003986014068e+03
6.821689781692323777e+03
6.823558710697574497e+03
6.825199448208675676e+03
6.827180664943138254e+03
6.829161864003198389e+03
6.831142994571119743e+03
6.833124062255789795e+03
6.835105256305765579e+03
6.836870516206499815e+03
6.838644126683139802e+03
6.840625288188802188e+03
6.842606433287563050e+03
6.844587552775330551e+03
6.846568663783691591e+03
6.848549648223202894e+03
6.850530652591276521e+03
6.852511759746612370e+03
6.854492830362946734e+03
6.856473818052825663e+03
6.858454825371728475e+03
6.860435693582179738e+03
6.862416611181716689e+03
6.864397508019442284e+03
6.866378459531878434e+03
6.868359200318610419e+03
6.870340026998818757e+03
6.872320804372623570e+03
6.874301538565279770e+03
6.876282320790649464e+03
6.878263054800272585e+03
6.880243748784505442e+03
6.882224404178053192e+03
6.884204979805811490e+03
6.886185684707392284e+03
6.888166296171235444e+03
6.890146887815416449e+03
6.892127397209245828e+03
6.894107990949046325e+03
6.896088492366352511e+03
6.898069103053172512e+03
6.900049431101653681e+03
6.902029786511970087e+03
6.904010335643290091e+03
6.905990757835815202e+03
6.907971147561982434e+03
6.909951509990634804e+03
6.911931868150162700e+03
6.913912380487967312e+03
6.915892395685710653e+03
6.917872752057504840e+03
6.919853016778591154e+03
6.921833257142695402e+03
6.923813496279074570e+03
6.925793800134947560e+03
6.927773801193393410e+03
6.929753988644716628e+03
6.931734177227163855e+03
6.933714135758221346e+03
6.935694289623230361e+03
6.937674317441483254e+03
6.939654386751839411e+03
6.941634479356584052e+03
6.943614367525301532e+03
6.945594320873507968e+03
6.947574260169944864e+03
6.949554228676086495e+03
6.951534044048719807e+03
6.953513881941290492e+03
6.955493772754559359e+03
6.957473375571767974e+03
6.959453445074660522e+03
6.961433101427999645e+03
6.963412792101656123e+03
6.965392450592281421e+03
6.967372055382077633e+03
6.969351637280461546e+03
6.971331273154233713e+03
6.973310864815720379e+03
6.975290381015498497e+03
6.977269875243226124e+03
6.979249453539123351e+03
6.981228797173061139e+03
6.983208214535273328e+03
6.985187588441192929e+03
6.987166949883560847e+03
6.989146320945632397e+03
6.991125506293054968e+03
6.993104810107558478e+03
6.995084023294812141e+03
6.997063234378689231e+03
6.999042396737546369e+03
7.001021543939503317e+03
7.003000734382410883e+03
7.004979910519735313e+03
7.006958666393608837e+03
7.008937582067180301e+03
7.010916658775126962e+03
7.012895698006625935e+03
7.014874610360387123e+03
7.016853438727170214e+03
7.018832332020780086e+03
7.020811161380047452e+03
7.022789975656218303e+03
7.024768843427336833e+03
7.026747355002038603e+03
7.028726255483338718e+03
7.030704818159972092e+03
7.032683447366929613e+03
7.034662061523003104e+03
7.036640640941439415e+03
7.038619149163186194e+03
7.040597693741202420e+03
7.042576185645754776e+03
7.044554652507795254e+03
7.046533040212956621e+03
7.048511464284712929e+03
7.050489824849335491e+03
7.052468155918743832e+03
7.054446485637869955e+03
7.056424748258697946e+03
7.058402825495847537e+03
7.060381235614258003e+03
7.062359499301551296e+03
7.064337580711242481e+03
7.066315707399996427e+03
7.068293829115619701e+03
7.070271901480533415e+03
7.072249951343852445e+03
7.074228028955000809e+03
7.076206044852635387e+03
7.078183937923282429e+03
7.080161869584384476e+03
7.082139778410726649e+03
7.084117606014012381e+03
7.086095529582378731e+03
7.088073348382471522e+03
7.090051111006142492e+03
7.092028936271333805e+03
7.094006773406268621e+03
7.095984736479716958e+03
7.097962446101335445e+03
7.099940122745667395e+03
7.101917420901991136e+03
7.103895024741758789e+03
7.105872670112074047e+03
7.107850182879757085e+03
7.109827711233517221e+03
7.111805308435508778e+03
7.113782717805008360e+03
7.115760159236716390e+03
7.117737584772608898e+03
7.119921929017987168e+03
7.121692366895207670e+03
7.123669709124317706e+03
7.125647031437621081e+03
7.127624335634042836e+03
7.129601737302249603e+03
7.131578830718996869e+03
7.133556027546137557e+03
7.135533222178216420e+03
7.137510384820129730e+03
7.139487500356611235e+03
7.141464528688047722e+03
7.143441669628664386e+03
7.145418726696573685e+03
7.147395743112578202e+03
7.149372725954942325e+03
7.151349678258367021e+03
7.153326413776424488e+03
7.155303518010598964e+03
7.157280395821735510e+03
7.159257270320018506e+03
7.161234147485757603e+03
7.163210850487413154e+03
7.165187510259912415e+03
7.167164326457698735e+03
7.169140992059721611e+03
7.171117717929811988e+03
7.173094366287827143e+03
7.175071017957596268e+03
7.177047574992509908e+03
7.179024131715471412e+03
7.181000687298359480e+03
7.182977166526955443e+03
7.184953603954488244e+03
7.186930077038664422e+03
7.188906493188942477e+03
7.190882878311953391e+03
7.192859198543306775e+03
7.194835596526951122e+03
7.196811669575165070e+03
7.198788204646393751e+03
7.200764358594339683e+03
7.202740587834250618e+03
7.204716779864471391e+03
7.206692975305476466e+03
7.208669469871574620e+03
7.210645158346525932e+03
7.212621226316512548e+03
7.214597242216279483e+03
7.216573103637852000e+03
7.218549428101844569e+03
7.220525192267790771e+03
7.222501083236270460e+03
7.224476982601344389e+03
7.226452926231167112e+03
7.228428582614986226e+03
7.230404551143254139e+03
7.232380196610345592e+03
7.234355948786467707e+03
7.236331649070559251e+03
7.238307223643992984e+03
7.240282872672589292e+03
7.242258555983631595e+03
7.244234117214938124e+03
7.246209642897022604e+03
7.248185144393445626e+03
7.250160606289355201e+03
7.252136037013233363e+03
7.254111426332630799e+03
7.256086727495529885e+03
7.258062101871589221e+03
7.260037382360218544e+03
7.262012620665640497e+03
7.263987836277813585e+03
7.265962986616469607e+03
7.267938059813855034e+03
7.269913293093908578e+03
7.271888272431833684e+03
7.273863257757621795e+03
7.275838230488150657e+03
7.277813181394790263e+03
7.279788015815385734e+03
7.281762850305295615e+03
7.283737629998537159e+03
7.285712373410062355e+03
7.287687063749135632e+03
7.289661654951200035e+03
7.291636531146914422e+03
7.293610876418144471e+03
7.295585386575809025e+03
7.297559848081707969e+03
7.299534244171899445e+03
7.301508636951859444e+03
7.303482956057324373e+03
7.305457232228608518e+03
7.307431521567740674e+03
7.309405637949550510e+03
7.311379773250021572e+03
7.313353835435456858e+03
7.315327884040943900e+03
7.317301871243991627e+03
7.319275840842831713e+03
7.321249714690547080e+03
7.323223565859662813e+03
7.325197365531966170e+03
7.327171135196291289e+03
7.329144836751849653e+03
7.331118476332923819e+03
7.333092238151970378e+03
7.335065751342543081e+03
7.337039329198055384e+03
7.339012798770955669e+03
7.340986147722059286e+03
7.342959693972502464e+03
7.344932944701362430e+03
7.346906514423633780e+03
7.348879694112686593e+03
7.350852970230508618e+03
7.352826161402868820e+03
7.354799376642018615e+03
7.356772502103359329e+03
7.358745689254045828e+03
7.360718737864288414e+03
7.362692001262252234e+03
7.364664462156761147e+03
7.366637782857998900e+03
7.368610860874158789e+03
7.370583544354090918e+03
7.372556308251120754e+03
7.374529213853762485e+03
7.376501973525038920e+03
7.378474757555163706e+03
7.380447468420356017e+03
7.382420144861725021e+03
7.384392792068086237e+03
7.386365414647829311e+03
7.388338073388514204e+03
7.390310569019338800e+03
7.392283092265468440e+03
7.394255329624962542e+03
7.396227968093932759e+03
7.398200319466064684e+03
7.400172604035772565e+03
7.402144993384099507e+03
7.404117331792359437e+03
7.406089611201230582e+03
7.408061907255063488e+03
7.410034058327823914e+03
7.412006501584100079e+03
7.413978593641837506e+03
7.415950616035695020e+03
7.417922612831951483e+03
7.419894588965821640e+03
7.421866627787702782e+03
7.423838716431113426e+03
7.425810708299659382e+03
7.427782618062300571e+03
7.429754831544426452e+03
7.431726537792054842e+03
7.433698440209077489e+03
7.435670638806661373e+03
7.437642502966097709e+03
7.439614264470243143e+03
7.441586160245087740e+03
7.443557880144126102e+03
7.445529855790834517e+03
7.447501639307786718e+03
7.449473413736473049e+03
7.451445155514134967e+03
7.453416875961833284e+03
7.455388428488371574e+03
7.457360187391394902e+03
7.459331987480546559e+03
7.461303504293595324e+03
7.463494797667372950e+03
7.465246791731667145e+03
7.467218163127335174e+03
7.469189775719172758e+03
7.471161334661772344e+03
7.473132701041210566e+03
7.475104253195449019e+03
7.477075766778717480e+03
7.479047231819698936e+03
7.481018732830192675e+03
7.482990194526581945e+03
7.484961740401934549e+03
7.486933059554322426e+03
7.488904524458216656e+03
7.490875730856343580e+03
7.492847139946396055e+03
7.494818331727032273e+03
7.496789579692041116e+03
7.498760798493737639e+03
7.500731992154650470e+03
7.502703157890960938e+03
7.504674251063033807e+03
7.506645330706872301e+03
7.508616364951677497e+03
7.574065783614155407e+03
7.576034805341559149e+03
7.578163393595048547e+03
7.580439956499302752e+03
7.582409270485964043e+03
7.584378481169970655e+03
7.586347729709598752e+03
7.588317125764184311e+03
7.590286147810218608e+03
7.592255241619316621e+03
7.594224395715899846e+03
7.596193503834654621e+03
7.598162593758876937e+03
7.600131550982442604e+03
7.602100485339925399e+03
7.604069696271778412e+03
7.606038677235018440e+03
7.608007630605928171e+03
7.609976566115458809e+03
7.611945469910554493e+03
7.613914346065920654e+03
7.615883168425909389e+03
7.617851994023676525e+03
7.619820776637983727e+03
7.621789532992358545e+03
7.623758286321995001e+03
7.625726956392772991e+03
7.627695617593459247e+03
7.629664249680265129e+03
7.631632852846641981e+03
7.633601415852629543e+03
7.635569951192722328e+03
7.637538446937835943e+03
7.639506914753957972e+03
7.641475346313776754e+03
7.643443749939090594e+03
7.645412115789444215e+03
7.647380444680765322e+03
7.649348733051260751e+03
7.651317011918608841e+03
7.653285108784608383e+03
7.655253370692724275e+03
7.657221461886316320e+03
7.659189624231890775e+03
7.661157700004141589e+03
7.663125724472954971e+03
7.665093713121172186e+03
7.667061594241695275e+03
7.669029559649293333e+03
7.670997433559732599e+03
7.672965246201688387e+03
7.674933030787994539e+03
7.676900763935087525e+03
7.678868456081342629e+03
7.680836112601968125e+03
7.682803428559721397e+03
7.684771272671256156e+03
7.686738807658866790e+03
7.688706263785140436e+03
7.690673687222679291e+03
7.692641064723336058e+03
7.694608403579645710e+03
7.696575674288891605e+03
7.698542918747784825e+03
7.700510101887539349e+03
7.702477291853825591e+03
7.704444579787783368e+03
7.706411367511197568e+03
7.708378325824346575e+03
7.710345224797385526e+03
7.712312439918791824e+03
7.714279018052524407e+03
7.716245891644803123e+03
7.718212589595353165e+03
7.720179220661996624e+03
7.722145849441057180e+03
7.724112396944007742e+03
7.726078952028278763e+03
7.728045348064827522e+03
7.730011882417514244e+03
7.731978249573490757e+03
7.733944435214306395e+03
7.735910869258652383e+03
7.737877106775329594e+03
7.739843294558133493e+03
7.741809431496598336e+03
7.743775496161746560e+03
7.745741562286957560e+03
7.747707553614366589e+03
7.749673500818409593e+03
7.751639495220306344e+03
7.753605170422270930e+03
7.755571036585770344e+03
7.757536762767420441e+03
7.759502655827386661e+03
7.761468298960843640e+03
7.763433868142052233e+03
7.765399454896859424e+03
7.767364908143549656e+03
7.769330505616494520e+03
7.771295972409410751e+03
7.773261405769162593e+03
7.775226619274811128e+03
7.777191942468904926e+03
7.779157458382069308e+03
7.781122745320953072e+03
7.783088098355951843e+03
7.785053351765071056e+03
7.787018525285320720e+03
7.788983437624822727e+03
7.790948439392022919e+03
7.792913584215734772e+03
7.794878608365757827e+03
7.796843843015965831e+03
7.798808539586242659e+03
7.800773559985561405e+03
7.802738528197298365e+03
7.804703239427270091e+03
7.806668017644247811e+03
7.808632792123371473e+03
7.810597550896108260e+03
7.812562368532543587e+03
7.814526863465019233e+03
7.816491574726083854e+03
7.818456331004327694e+03
7.820420745161422929e+03
7.822385412329217615e+03
7.824349845892505073e+03
7.826314457771650268e+03
7.828278958020655409e+03
7.830243391754116601e+03
7.832207820077754150e+03
7.834172200904062265e+03
7.836136578795359128e+03
7.838100893065651690e+03
7.840065183348017854e+03
7.842029387756368124e+03
7.843993570209000609e+03
7.845957850326542939e+03
7.847922152951784483e+03
7.849886274563871666e+03
7.852380543004493120e+03
7.854760320377990865e+03
7.856724604124471625e+03
7.858688840202867141e+03
7.860653164139286673e+03
7.862617316937672513e+03
7.864581608069717731e+03
7.866545833357149604e+03
7.868510047363974991e+03
7.870474293559011130e+03
7.872438448496836827e+03
7.874402620252777524e+03
7.876366798772158290e+03
7.878330982540721379e+03
7.880295115340180928e+03
7.882259205688218572e+03
7.884223339832124111e+03
7.886187434936322461e+03
7.888151562563813059e+03
7.890115724423604661e+03
7.892079751020093681e+03
7.894043801036226796e+03
7.896007891197024946e+03
7.897971944634114152e+03
7.899935844875596558e+03
7.901899991029576086e+03
7.903864266846270766e+03
7.905828047491507277e+03
7.907792269318212675e+03
7.909756112225466495e+03
7.911720121748360725e+03
7.913684105437018843e+03
7.915648085645545507e+03
7.917611957006446573e+03
7.919576002347930626e+03
7.921539959277114576e+03
7.923503899288897628e+03
7.925467813412904434e+03
7.927431727755345491e+03
7.929395628407138247e+03
7.931359527941554006e+03
7.933323395963440817e+03
7.935287269674371601e+03
7.937251100637873606e+03
7.939214953859652269e+03
7.941178768319191477e+03
7.943142697629410577e+03
7.945106291380227958e+03
7.947070165440706660e+03
7.949033766241147532e+03
7.950997733033631448e+03
7.953213271996388357e+03
7.955402147051035172e+03
7.957365444285786907e+03
7.959502604129134852e+03
7.961800115936490329e+03
7.963762707812408735e+03
7.965725514473304429e+03
7.967688396625034329e+03
7.969651122277657123e+03
7.971614030443520278e+03
7.973576749382887101e+03
7.975539430787565834e+03
7.977502190998957303e+03
7.979464971227886053e+03
7.981310371182934432e+03
7.983390314762341404e+03
7.985353105635840620e+03
7.987315826914988975e+03
7.989278505673098152e+03
7.991241383936421698e+03
7.993203906293433647e+03
7.995166584187269109e+03
7.997129261398370545e+03
7.999091931759807267e+03
8.001054581024965046e+03
8.003017238925876882e+03
8.004979883489273561e+03
8.006942539916311944e+03
8.008905073081476075e+03
8.010867813000799288e+03
8.012830452680790586e+03
8.014793085999471259e+03
8.016755707324717150e+03
8.018718342399145513e+03
8.020680966246226490e+03
8.022643576580052468e+03
8.024606052380900110e+03
8.026568838050965496e+03
8.028531469375489905e+03
8.030494054405441602e+03
8.032456722893211918e+03
8.034419225621828446e+03
8.036381938664459085e+03
8.038344574882740744e+03
8.040307045010262300e+03
8.042269848820959851e+03
8.044232315949922850e+03
8.046195146134021343e+03
8.048157791661113151e+03
8.050120444130811848e+03
8.052083093791117790e+03
8.054045710872155723e+03
8.056008405952353314e+03
8.057971112406260545e+03
8.059933742976673784e+03
8.061896413666109765e+03
8.063859093152751484e+03
8.065821774135334636e+03
8.067784463409449017e+03
8.069747105932774502e+03
8.071709986912640488e+03
8.073672557213226355e+03
8.075635248410128042e+03
8.077597958789048789e+03
8.079560679272325615e+03
8.081523403779899127e+03
8.083486165100710423e+03
8.085448783236948657e+03
8.087411599186479179e+03
8.089374342602640354e+03
8.091337080741440332e+03
8.093299887068292264e+03
8.095262626456259568e+03
8.097225378158144849e+03
8.099188268107393014e+03
8.101151051406008264e+03
8.103113714909809460e+03
8.105076682702065227e+03
8.107039273708804103e+03
8.109001959544691090e+03
8.110964857864215446e+03
8.112927710468428813e+03
8.114890493217131734e+03
8.116853309099642502e+03
8.118816127393623901e+03
8.120778957889975572e+03
8.122741711128734096e+03
8.124704634760902991e+03
8.126667353042887953e+03
8.128630356258788197e+03
8.130593226979686733e+03
8.132556077475802340e+03
8.134518815375031409e+03
8.136481868953762387e+03
8.138444747055665175e+03
8.140407662683495801e+03
8.142370584510948902e+03
8.144333463133015357e+03
8.146296380281363781e+03
8.148259284430652770e+03
8.150222275287358570e+03
8.152185303087017019e+03
8.154148126805054744e+03
8.156684883149462621e+03
8.159110746910255330e+03
8.161074039737950443e+03
8.163037748635485514e+03
8.165001272578831959e+03
8.166964806430100907e+03
8.168928325202296946e+03
8.170891923879068599e+03
8.172855507216610931e+03
8.174819088552759240e+03
8.176782530457236135e+03
8.178746342856407864e+03
8.180709985496551781e+03
8.182673679673984225e+03
8.184637298999164159e+03
8.186600823999703607e+03
8.188564590178229992e+03
8.190528274789654461e+03
8.192491971307998028e+03
8.194455678503863965e+03
8.196419381359602994e+03
8.198383072770911895e+03
8.200346772199591214e+03
8.202310293960088529e+03
8.204274204845147324e+03
8.206237895828313412e+03
8.208201652375295453e+03
8.210165411947826215e+03
8.212129116293863262e+03
8.214092787116158433e+03
8.216056497621135350e+03
8.218020171525980913e+03
8.219983877309170566e+03
8.221947577955759698e+03
8.223911241153706214e+03
8.225874964652333801e+03
8.227838572050273797e+03
8.229802251849603635e+03
8.231765861807682086e+03
8.233729475462116170e+03
8.235693003640328243e+03
8.237656807459365155e+03
8.239620156010885694e+03
8.241583641952149264e+03
8.243547392484912052e+03
8.245510766515966679e+03
8.247474152710101407e+03
8.249437588837043222e+03
8.251401142996925046e+03
8.253364649814344375e+03
8.255555092766582675e+03
8.257732810277741009e+03
8.259696406862592994e+03
8.261821136543961984e+03
8.264095154355740306e+03
8.266059036737469796e+03
8.268022762516191506e+03
8.269986906258724048e+03
8.271950730173903139e+03
8.273915052775524600e+03
8.275879043095281304e+03
8.277843160330783576e+03
8.279807125208197249e+03
8.281770883956431135e+03
8.283735007955876426e+03
8.285699019562693138e+03
8.287663036148258470e+03
8.289627108177624905e+03
8.291591300785294152e+03
8.293555297520017120e+03
8.295519300701947941e+03
8.297483452351174492e+03
8.299447602758969879e+03
8.301411684303575385e+03
8.303280804952075414e+03
8.305339791777603750e+03
8.307304084160803541e+03
8.309268405899856589e+03
8.311232321409255746e+03
8.313196423687621063e+03
8.315160679082049683e+03
8.317124660636840417e+03
8.319088756843082592e+03
8.321052862673916025e+03
8.323016938117683821e+03
8.324980983459880008e+03
8.326945006694826589e+03
8.328909208682833196e+03
8.330873203078182996e+03
8.332837241514667767e+03
8.334801275255984365e+03
8.336765406600054121e+03
8.338729307603913185e+03
8.340693198393195416e+03
8.342657137631516889e+03
8.344621220696193632e+03
8.346585203979662765e+03
8.348549030643656806e+03
8.350512946477188962e+03
8.352476758407703528e+03
8.354440683254291798e+03
8.356404540286499468e+03
8.358368342514124379e+03
8.360331892687710933e+03
8.362295948277291245e+03
8.364259741891679369e+03
8.366223284845727903e+03
8.368187141449163391e+03
8.370150852732165731e+03
8.372114464953845527e+03
8.374078134229126590e+03
8.376041774350924243e+03
8.378005406108140960e+03
8.379969009862841631e+03
8.381932471810396237e+03
8.383895919093105476e+03
8.385859559004407856e+03
8.387823092069116683e+03
8.389786639192539951e+03
8.391749987058839906e+03
8.393713363408807709e+03
8.395676848381508535e+03
8.397986823260433084e+03
8.399603316252956574e+03
8.401566683491279036e+03
8.403529939596004624e+03
8.405493017250046250e+03
8.407456308156601153e+03
8.409419541934536028e+03
8.411382680725319005e+03
8.413345833531355311e+03
8.415308828169429034e+03
8.417271945203960058e+03
8.419234842945446871e+03
8.421197773057343511e+03
8.423160662280117322e+03
8.425123513682108751e+03
8.427086317071640224e+03
8.429049010667162293e+03
8.431011806284497652e+03
8.432974579834164615e+03
8.434937098048791086e+03
8.436899674453212356e+03
8.438862341448417283e+03
8.440824623909886213e+03
8.442786904109218085e+03
8.444749288514705768e+03
8.446711558026723651e+03
8.448673638310170645e+03
8.450635817449092428e+03
8.452597873280141357e+03
8.454559840859279575e+03
8.456521729781703471e+03
8.458483537069778322e+03
8.460445247861427561e+03
8.462406866850173174e+03
8.464910630832977404e+03
8.467300998478043766e+03
8.469261185855086296e+03
8.471221338133231257e+03
8.473181368388342889e+03
8.475141395771870521e+03
8.477101154856962239e+03
8.479060905217724212e+03
8.481020578587598720e+03
8.482980150335401049e+03
8.484939644385534848e+03
8.486899030925776970e+03
8.488858297454165950e+03
8.490817363470863711e+03
8.492776515668441789e+03
8.494735564267481095e+03
8.496694440359768123e+03
8.498653207861691044e+03
8.500611923728774855e+03
8.502570379366110501e+03
8.504529038559978289e+03
8.506487341018542793e+03
8.508445495157109690e+03
8.510403485392878792e+03
8.512361287572552101e+03
8.514319017098534459e+03
8.516276345794018198e+03
8.518233772037418021e+03
8.520191050668903699e+03
8.522148026798249703e+03
8.524105211075897387e+03
8.526061952533678777e+03
8.528018584768538858e+03
8.529975054569542408e+03
8.531931355119120781e+03
8.533887439396276022e+03
8.535843464797872002e+03
8.538062232155198217e+03
8.540248145532321359e+03
8.542384605395434846e+03
8.544687002392754948e+03
8.546642834988801042e+03
8.548598344897125571e+03
8.550553722616681625e+03
8.552508913230096368e+03
8.554463900496508359e+03
8.556418685256712706e+03
8.558373253661287890e+03
8.560327654684859226e+03
8.562281943236923325e+03
8.564235751230724418e+03
8.566189495784925384e+03
8.568142997920946073e+03
8.570096212861768436e+03
8.572049242359405980e+03
8.574002159143990866e+03
8.575954756554032429e+03
8.577907119255458383e+03
8.579859220088770599e+03
8.581811077574840965e+03
8.583762751655725879e+03
8.585714070782851195e+03
8.587665115577548931e+03
8.589615922815815793e+03
8.591566485265966548e+03
8.593516783447270427e+03
8.595466817243333935e+03
8.597416482996946797e+03
8.599365902603158247e+03
8.601315047419322582e+03
8.603263885855034459e+03
8.605212418999937654e+03
8.607160645265807034e+03
8.609108572738823568e+03
8.611056172104694269e+03
8.613003406194953641e+03
8.614950433906973558e+03
8.616897141022862343e+03
8.618843341723892081e+03
8.620789295533317272e+03
8.622734878889492393e+03
8.624680150119944301e+03
8.626625032889263821e+03
8.628569691695684014e+03
8.630513768329441518e+03
8.632457567482386366e+03
8.634400924917006705e+03
8.636344073064441545e+03
8.638772609898871451e+03
8.641085477867822192e+03
8.643025334741218103e+03
8.644964864851841412e+03
8.646903975107637962e+03
8.648842660306168909e+03
8.650780861849778375e+03
8.652718804313917644e+03
8.654656234286709150e+03
8.656593239259902475e+03
8.658529614736868098e+03
8.660465838111456833e+03
8.662401473687108592e+03
8.664336648145867002e+03
8.666271423145501103e+03
8.668205671709605667e+03
8.670434037604800324e+03
8.672805367090590153e+03
8.675115472148670960e+03
8.677049239247184232e+03
8.678982315071574703e+03
8.680914797551529773e+03
8.682846803637359699e+03
8.684778294225925492e+03
8.686709415243798503e+03
8.688639874902684824e+03
8.690569838090079429e+03
8.692498900374970617e+03
8.694427833291767456e+03
8.696356065600812144e+03
8.698283621791897531e+03
8.700210652231528002e+03
8.702137088537097952e+03
8.704062891768218833e+03
8.705988049554422105e+03
8.707912672647842555e+03
8.709836627106049491e+03
8.711759927548075211e+03
8.713682656281695017e+03
8.715604682218978269e+03
8.717526049415475427e+03
8.719446967854422837e+03
8.721366849010795704e+03
8.723731061354736084e+03
8.725980236781811982e+03
8.727896363249763453e+03
8.729811728202181257e+03
8.731726478619471891e+03
8.733640449671020178e+03
8.735553678396085161e+03
8.737466230305682984e+03
8.739377869138326787e+03
8.741288764783737861e+03
8.743511450245612650e+03
8.745872001899073439e+03
8.748173344151684432e+03
8.750082311503070741e+03
8.751990756983290339e+03
8.753898209392044009e+03
8.755804811158121083e+03
8.757710621023094063e+03
8.759615593311707926e+03
8.761519802605575023e+03
8.763423003090931161e+03
8.765325391561200377e+03
8.767226915629566065e+03
8.769127501292939996e+03
8.771027261039927907e+03
8.772926076617686704e+03
8.774823938879093475e+03
8.776720863214241035e+03
8.779030497233308779e+03
8.781226680950181617e+03
8.783118680942967330e+03
8.785009599186574633e+03
8.786899589571141405e+03
8.788788638028687274e+03
8.790676664063961653e+03
8.793109954840479986e+03
8.795636518694995175e+03
8.797522543692461113e+03
8.799407382715067797e+03
8.801291238222242100e+03
8.803173845653062017e+03
8.805055429146175811e+03
8.806935879994796778e+03
8.808815203867385208e+03
8.810693293181233457e+03
8.812570511678888579e+03
8.814446256718141740e+03
8.816320833316522112e+03
8.818587524703691088e+03
8.820742716925919012e+03
8.822612283258156822e+03
8.824480706729185840e+03
8.826348106977053249e+03
8.828214144992383808e+03
8.830631598834856050e+03
8.833137894289167889e+03
8.835000140790167279e+03
8.836861046984231507e+03
8.838720624879724710e+03
8.840578749549491477e+03
8.842435608377212702e+03
8.844291101098087893e+03
8.846145248229071512e+03
8.847997937599000579e+03
8.850232034924301843e+03
8.852356287973745566e+03
8.854203868525873986e+03
8.856050045816375132e+03
8.857894678110227687e+03
8.860288291292146823e+03
8.862767860135607407e+03
8.864607512308770310e+03
8.866445505593843336e+03
8.868282159590793526e+03
8.870117045528902963e+03
8.871950409627412228e+03
8.873782200510906478e+03
8.875612384866491993e+03
8.877816517473416752e+03
8.879912216815784632e+03
8.881736629919190818e+03
8.883559419743496619e+03
8.885926353046945223e+03
8.888377582488852568e+03
8.890194398760795593e+03
8.892009470814247834e+03
8.893822781123522873e+03
8.895634320256762294e+03
8.897444067721464307e+03
8.899621370081216810e+03
8.901691150474127426e+03
8.903494343069107344e+03
8.905295658079019631e+03
8.907636727439999959e+03
8.910060630563957602e+03
8.911855397284509309e+03
8.913648139009630540e+03
8.915439053084150146e+03
8.917227871907205554e+03
8.919377218717605501e+03
8.921420211237216790e+03
8.923201680652602590e+03
8.925519397232006668e+03
8.927918236198051090e+03
8.929692631692676514e+03
8.931464937371882115e+03
8.933234965366265897e+03
8.935002873103123420e+03
8.937124632355329595e+03
8.939140977470613507e+03
8.940900993552657383e+03
8.943192597205395941e+03
8.945563321355608423e+03
8.947315418088961451e+03
8.949065072988298198e+03
8.950812466705852785e+03
8.952907143748521776e+03
8.954897840972218546e+03
8.957166455631757344e+03
8.959512775517818227e+03
8.961245439487800468e+03
8.962975631703076942e+03
8.964703258879682835e+03
8.966772983027891314e+03
8.968739712678183423e+03
8.970982921793700370e+03
8.973302281179701822e+03
8.975014112830591330e+03
8.976723325786386340e+03
8.978429797756272819e+03
8.980473391868419640e+03
8.982415149275153453e+03
8.984630392947628934e+03
8.986920256156416144e+03
8.988609947113505768e+03
