5.000542052236554809e+03
5.002000495486025102e+03
5.003458971820288752e+03
5.004917550837608360e+03
5.006375929557951167e+03
5.007834534249591343e+03
5.009293181912628825e+03
5.010751825632864893e+03
5.012210442624224015e+03
5.014241609931862513e+03
5.016104970092633266e+03
5.017699359926543366e+03
5.019504351732223768e+03
5.020963213537393131e+03
5.022422073938266294e+03
5.023880987792827909e+03
5.025339865755654500e+03
5.026798962575944643e+03
5.028257971614412781e+03
5.029717021388382818e+03
5.031176151669121282e+03
5.032635282509851095e+03
5.034094453357381099e+03
5.035553596651801854e+03
5.037012814554036595e+03
5.038472141150838070e+03
5.039931440295401444e+03
5.041390777651693497e+03
5.042850135431128365e+03
5.044309531764536587e+03
5.045768959134226861e+03
5.047228415509596744e+03
5.048687913461469179e+03
5.050147425252019275e+03
5.051606983642470368e+03
5.053066602447871446e+03
5.054526224531909975e+03
5.055985879341093096e+03
5.057445582067325631e+03
5.058905304948643789e+03
5.060365061676865480e+03
5.061824883566746394e+03
5.063284700631662417e+03
5.064744528002029256e+03
5.066567278098679708e+03
5.068395769418079908e+03
5.070102184279976427e+03
5.071697885958277766e+03
5.073504371681236989e+03
5.074964463703028741e+03
5.076424597575219195e+03
5.077884877909071292e+03
5.079344959373364873e+03
5.080805160457377497e+03
5.082265525185411207e+03
5.083725712548638512e+03
5.085186074120756530e+03
5.086646448108512232e+03
5.088106762849769439e+03
5.089567188031625847e+03
5.091027649801393636e+03
5.092488147618901166e+03
5.093948648597153806e+03
5.095409130449849727e+03
5.096869712735982830e+03
5.098330402292570398e+03
5.099791040701748898e+03
5.150934652599223227e+03
5.152396493902616385e+03
5.153858372065532421e+03
5.155320289175230755e+03
5.156782224503169346e+03
5.158244195970316468e+03
5.159706199385886976e+03
5.161168194034201406e+03
5.162630248975507129e+03
5.164092414829239715e+03
5.165554553048303205e+03
5.167016718634489735e+03
5.168478913915419071e+03
5.169941145903676443e+03
5.171403435419782909e+03
5.172865737930261275e+03
5.174328119592250005e+03
5.175790501696335923e+03
5.177252828478744959e+03
5.179289134842359090e+03
5.181157264719940940e+03
5.182755670824185472e+03
5.184565326438646480e+03
5.186027921098521801e+03
5.187490546176250064e+03
5.188953205388501374e+03
5.190415903560999141e+03
5.191878662325540972e+03
5.193341438487902451e+03
5.194804195684267142e+03
5.196267020675310960e+03
5.197729874267795822e+03
5.199192779391605654e+03
5.200655701241447787e+03
5.202118641374829167e+03
5.203581653508153977e+03
5.205044693559191728e+03
5.206507719682117568e+03
5.207970764571331529e+03
5.209433954410689694e+03
5.210897113851251561e+03
5.212360323267920649e+03
5.213823467583655656e+03
5.215286777231514861e+03
5.216750155728989739e+03
5.218213405400440024e+03
5.219676765101645287e+03
5.221140103192653442e+03
5.222603317155051627e+03
5.224066578402349478e+03
5.225530230477050281e+03
5.226994131424603438e+03
5.228457919707092515e+03
5.229921344436816071e+03
5.231384806038257921e+03
5.232848474963236185e+03
5.234312133577681379e+03
5.235775846349868516e+03
5.237814007337799012e+03
5.239683813123528125e+03
5.241147652898212982e+03
5.242747528990820683e+03
5.244558844661381954e+03
5.246022833645086394e+03
5.247486744008813730e+03
5.248950749046258352e+03
5.250414829296732023e+03
5.251878898695230419e+03
5.253343013037794663e+03
5.254807153566014676e+03
5.256271334289816878e+03
5.257735540561535345e+03
5.259199791898010517e+03
5.260664064789799340e+03
5.262128321698737636e+03
5.263592660406184223e+03
5.265057093520818853e+03
5.266521441585748107e+03
5.267985926707597173e+03
5.269450405345854051e+03
5.270914882480471533e+03
5.272379418106656885e+03
5.273844038815577733e+03
5.275308639177076657e+03
5.276773271119092897e+03
5.278237955809220693e+03
5.279702651306604821e+03
5.281167393428537252e+03
5.282632155408281506e+03
5.284096958946744053e+03
5.285561776702206771e+03
5.287026644201039744e+03
5.288491548937971857e+03
5.289956502577271749e+03
5.291421466984702420e+03
5.292886453085920948e+03
5.294351492577307909e+03
5.295816424449389160e+03
5.297645783869173101e+03
5.299480903144081822e+03
5.301193277126532848e+03
5.302794602183151255e+03
5.304607626039331990e+03
5.306072980323909178e+03
5.307538327240441504e+03
5.309003613958248934e+03
5.310468992873007664e+03
5.311934431559133373e+03
5.313399888522699257e+03
5.314865311041765381e+03
5.316330867248409049e+03
5.317796548380961212e+03
5.319262052398723426e+03
5.320727660807460779e+03
5.322193318695578455e+03
5.323659003524728178e+03
5.325124724275341578e+03
5.326590480567057966e+03
5.328056270265361491e+03
5.329522090120069151e+03
5.330987934215964742e+03
5.332453906847472354e+03
5.333919752477497241e+03
5.335385688052318073e+03
5.336851662221259176e+03
5.338317690683873479e+03
5.339783731626096596e+03
5.341249816100466887e+03
5.342715932668089408e+03
5.344182083311795395e+03
5.345648268578364878e+03
5.347114479000806568e+03
5.348580726584871627e+03
5.350047018968685734e+03
5.351513339926244953e+03
5.352979659690140579e+03
5.354445965256853924e+03
5.355912422438972499e+03
5.357378768897443479e+03
5.358845463158817438e+03
5.360311923251666485e+03
5.362353986424171126e+03
5.364227271829915480e+03
5.365693876690477737e+03
5.367296751528446293e+03
5.369111588726522314e+03
5.370578210355804003e+03
5.372045106926208064e+03
5.373511938975235353e+03
5.374978721367026083e+03
5.376445565103189438e+03
5.377912488130858947e+03
5.379379418211258781e+03
5.380846424842161468e+03
5.382313397105297554e+03
5.383780469564561827e+03
5.385247488996481479e+03
5.386714576286348347e+03
5.388181701662683736e+03
5.389648868205947110e+03
5.391116056620855488e+03
5.392583284155318324e+03
5.394050548414387777e+03
5.395517835677279436e+03
5.396985138533517784e+03
5.398452495143766100e+03
5.399919903069881002e+03
5.401387319767824920e+03
5.402854788095676668e+03
5.404322282400075892e+03
5.405789775337529136e+03
5.407257345247257035e+03
5.408724935824293425e+03
5.410192556215999502e+03
5.411660206083939556e+03
5.413127896458707255e+03
5.414595665388662383e+03
5.416063420294463867e+03
5.417531127140677199e+03
5.418998957347420401e+03
5.420466778321431775e+03
5.421934659550831384e+03
5.423402635521279080e+03
5.424870593384011954e+03
5.426338524866210719e+03
5.428382754165246297e+03
5.430257792205348778e+03
5.431725872741070816e+03
5.433330400652971548e+03
5.435147129106078864e+03
5.436615349199876619e+03
5.438083528554108852e+03
5.439551790128874018e+03
5.441020100131641811e+03
5.442488434577842781e+03
5.443956798075966617e+03
5.445425199929376504e+03
5.446893641781458427e+03
5.448362103218470111e+03
5.449830600372918525e+03
5.451299136987898237e+03
5.452767710523124151e+03
5.454236300407837916e+03
5.455704927264630896e+03
5.457173599811467284e+03
5.458642280242381275e+03
5.460111019327985559e+03
5.461579780753754676e+03
5.463048579035742478e+03
5.464517394764332494e+03
5.465986247995519079e+03
5.467455143629473241e+03
5.468924073469600444e+03
5.470393028756267086e+03
5.471862011075942064e+03
5.473331034578297476e+03
5.474800095700124075e+03
5.476269184066356502e+03
5.477738255219229359e+03
5.479207392484525371e+03
5.480676639777795572e+03
5.482145856426575847e+03
5.483615111239067119e+03
5.485084393498716054e+03
5.486553701892442405e+03
5.488023043822081490e+03
5.489492426732661443e+03
5.490961839169782252e+03
5.492431289976418157e+03
5.493900772847847293e+03
5.495370274271122980e+03
5.497205063386059010e+03
5.499045710171481005e+03
5.500763314847116817e+03
5.502369429190792289e+03
5.504188006806877638e+03
5.505657747065605690e+03
5.507127532424914534e+03
5.508597329263014217e+03
5.510067176141501477e+03
5.511537089233024744e+03
5.513006991229417508e+03
5.514476943039052458e+03
5.515946838398898763e+03
5.517416897269881702e+03
5.518886833114195724e+03
5.520356918778845284e+03
5.521827015580293846e+03
5.523297134985642515e+03
5.524767293448044256e+03
5.526237501460461317e+03
5.527707769040728635e+03
5.529178029682600936e+03
5.530648268501612620e+03
5.532118590902512551e+03
5.533588943285772984e+03
5.535059344232206058e+03
5.536529775479613818e+03
5.538000211478304664e+03
5.539470729465298064e+03
5.540941213706003509e+03
5.542411810042889556e+03
5.543882416286829539e+03
5.545352978228509528e+03
5.546823633307995806e+03
5.548294238313553251e+03
5.549765100606815395e+03
5.551235849588886595e+03
5.552706580890096120e+03
5.554177401872114388e+03
5.555648191128785584e+03
5.557119065772326394e+03
5.558589964706346109e+03
5.560060900236408997e+03
5.561531896979737212e+03
5.563003125255775558e+03
5.564474452755832317e+03
5.575893981334435011e+03
5.577714580842040959e+03
5.579186064183094459e+03
5.580657567442939580e+03
5.582128904119828803e+03
5.583600348698054404e+03
5.585071852489941193e+03
5.586543362128697481e+03
5.588014820118747593e+03
5.589486505204774403e+03
5.590958076946074470e+03
5.592429852407561157e+03
5.593901503166982366e+03
5.595373227895967830e+03
5.596844932439378681e+03
5.598316778388529201e+03
5.599788537301329598e+03
5.601260385838023467e+03
5.602732259617991986e+03
5.604204165459704200e+03
5.605676114465407409e+03
5.607148093815787433e+03
5.608620106666000538e+03
5.610092148773431290e+03
5.611564176040605162e+03
5.613036262050888581e+03
5.614508465262310892e+03
5.615980632540329680e+03
5.617452839743335971e+03
5.618925073171379154e+03
5.620397308543129839e+03
5.621869626230438371e+03
5.623342005962868825e+03
5.624814336512681621e+03
5.626286741213983078e+03
5.627759177436346363e+03
5.629231644056238110e+03
5.630704119386472485e+03
5.632176706823048335e+03
5.633649215003179961e+03
5.635121800420843101e+03
5.636594428947617416e+03
5.638067096104587108e+03
5.639539765244901901e+03
5.641012479825246373e+03
5.642485220198184834e+03
5.643957994299119491e+03
5.645430833337613876e+03
5.646903688399864222e+03
5.648954638174105639e+03
5.650836044789488369e+03
5.652308991084969421e+03
5.653918783462923784e+03
5.655741470992620634e+03
5.657214530654679947e+03
5.658687739372295255e+03
5.660160893019770810e+03
5.661634190811959343e+03
5.663107533146770947e+03
5.664580718691348011e+03
5.666054267614898890e+03
5.667527810847076580e+03
5.669001160366738077e+03
5.670474407079355842e+03
5.671947604191650498e+03
5.673420450745804374e+03
5.674893234555106574e+03
5.676366689594364288e+03
5.677840075914349654e+03
5.679313813382441367e+03
5.680787468178249583e+03
5.682261322228039717e+03
5.683735163134820141e+03
5.685208870295332417e+03
5.686682667952753945e+03
5.688156424975289156e+03
5.689630297500194501e+03
5.691104200576086441e+03
5.692578057585898023e+03
5.694051903418258007e+03
5.695525837161000709e+03
5.696999776381690936e+03
5.698473735436818970e+03
5.699947749662701426e+03
5.701421801408458123e+03
5.702895979736975278e+03
5.704369981016507154e+03
5.705844213881088763e+03
5.707318295147797471e+03
5.708792489397425925e+03
5.710266747192256844e+03
5.711740992347156862e+03
5.713215287558197815e+03
5.714689618582209732e+03
5.716163991347365481e+03
5.717638385642176218e+03
5.719112933350508683e+03
5.720587345165096849e+03
5.722061764035970555e+03
5.723536307351781943e+03
5.725010862373530472e+03
5.726485441546013135e+03
5.727960061719255464e+03
5.729434716251625105e+03
5.731488479706697944e+03
5.733372222586040152e+03
5.734847010664465415e+03
5.736321612397655372e+03
5.737933130257757512e+03
5.739758182140763893e+03
5.741233083075573632e+03
5.742708067198451317e+03
5.744183056383094481e+03
5.745658009994110216e+03
5.747133039434552302e+03
5.748608085374388793e+03
5.750083188960726147e+03
5.751558299320307924e+03
5.753033563695579687e+03
5.754508650572654005e+03
5.755983861155804334e+03
5.757459259266673143e+03
5.758955672310407863e+03
5.760409858676638578e+03
5.761885223343570942e+03
5.763360515787985605e+03
5.764836029005366072e+03
5.766311488912867389e+03
5.767786968048064409e+03
5.769262490853885538e+03
5.770737991629515818e+03
5.772213493669950367e+03
5.773689172061669524e+03
5.775164900031353682e+03
5.776640584399523505e+03
5.778116286061339451e+03
5.779592037461697146e+03
5.781067819272285305e+03
5.782543627630081573e+03
5.784019465865052553e+03
5.785495344998132168e+03
5.786971242583968888e+03
5.788447132818783757e+03
5.789923092847121552e+03
5.791399152083217814e+03
5.792875186287940778e+03
5.794351250515677748e+03
5.795827333557469501e+03
5.797303456957707567e+03
5.798779618269610182e+03
5.800255808662400341e+03
5.801732061051529854e+03
5.803208315739565478e+03
5.804684602316573546e+03
5.806160911352148105e+03
5.807637269950951122e+03
5.809113723162746282e+03
5.810590077053460845e+03
5.812066518156858365e+03
5.813542965704718881e+03
5.815019452751732388e+03
5.816496053572862365e+03
5.817972630575086441e+03
5.819816235922388842e+03
5.821666010959355845e+03
5.823391700453111298e+03
5.824868344776665253e+03
5.826345089185060715e+03
5.827958907566742710e+03
5.829786443477615649e+03
5.831263270370787723e+03
5.832740167596126412e+03
5.834217084459246507e+03
5.835694040150240653e+03
5.837171033962768888e+03
5.838648061326451170e+03
5.840125113781472464e+03
5.841602208484779112e+03
5.843079324056117912e+03
5.844556474765593521e+03
5.846033688737735247e+03
5.847511001736736034e+03
5.848988267799687492e+03
5.850465467613521469e+03
5.851942875100506171e+03
5.853420087308832080e+03
5.854897443166926678e+03
5.856374838857012946e+03
5.857852287289366359e+03
5.859329759870930502e+03
5.860807246007620961e+03
5.862284779563615302e+03
5.863762351009932900e+03
5.865239954097240116e+03
5.866717586334034422e+03
5.868195240658443254e+03
5.869672936836807821e+03
5.871150661961905826e+03
5.872628364291528669e+03
5.874106204718270419e+03
5.875584014631118407e+03
5.877061847233745539e+03
5.878539767954592207e+03
5.880017675815475741e+03
5.881495624253314418e+03
5.882973609000083343e+03
5.884451739143669329e+03
5.885929681890640495e+03
5.887407745526966210e+03
5.888885850022275008e+03
5.890363986200749423e+03
5.891842156301335308e+03
5.893320095005909025e+03
5.894798565057140877e+03
5.896276905314052783e+03
5.897755183194522942e+03
5.899233444055246764e+03
5.900711855754650969e+03
5.902190147049487678e+03
5.903668659285486683e+03
5.905147048265132071e+03
5.906625569415246900e+03
5.908104071297519113e+03
5.909582685033072266e+03
5.911061266980781511e+03
5.912539900119345475e+03
5.914018631873159393e+03
5.915497243754442934e+03
5.917343427546650673e+03
5.919195814906294800e+03
5.920923908170190771e+03
5.922402676405710736e+03
5.923881531835616443e+03
5.925497698640997442e+03
5.927327680486600002e+03
5.928806743980937426e+03
5.930285741849670558e+03
5.931764887451221512e+03
5.933243856208578109e+03
5.934722975980439514e+03
5.936202122276136834e+03
5.937681287282733138e+03
5.939160413845114817e+03
5.940639634561114690e+03
5.942118884180144960e+03
5.943598040333097742e+03
5.945077454120314542e+03
5.946556761233910038e+03
5.948036126752687778e+03
5.949515598992855303e+03
5.950995041313673028e+03
5.952474520354016022e+03
5.953954037330413485e+03
5.955433571779330123e+03
5.956913183615684829e+03
5.958392746352762515e+03
5.959872330466027961e+03
5.961352017092116512e+03
5.962831639540851029e+03
5.964311440297278750e+03
5.965791186962279426e+03
5.967271000678778364e+03
5.968750823478100756e+03
5.970230531335046180e+03
5.971710531759095829e+03
5.973190455207314699e+03
5.974670308369099075e+03
5.976150376437159139e+03
5.977630405655495451e+03
5.979110437272337549e+03
5.980590513924210427e+03
5.982070619729127429e+03
5.983550701505268989e+03
5.985030918824526452e+03
5.986511176180565599e+03
5.987991428110489323e+03
5.989471619965930586e+03
5.990951889292148735e+03
5.992432239236677560e+03
5.993912608705666571e+03
5.995392925565018231e+03
5.996873232064038348e+03
5.998353840984368617e+03
5.999834337513279024e+03
6.001314860544681324e+03
6.002795417159253702e+03
6.004275943684753656e+03
6.005756589294117475e+03
6.007237404248279745e+03
6.008717935945815043e+03
6.010198588798470155e+03
6.011679322933090589e+03
6.013160164146844181e+03
6.014640968546555996e+03
6.016121739154752504e+03
6.017602491393022319e+03
6.019083453070800715e+03
6.020564382796596874e+03
6.022045390571454845e+03
6.023526366821182819e+03
6.025375473554699965e+03
6.027230807282292517e+03
6.028961644850709490e+03
6.030442755756308543e+03
6.031923853247543775e+03
6.033542433916531081e+03
6.035375319551335451e+03
6.036856711965498107e+03
6.038338027630467877e+03
6.039819403484764734e+03
6.041300782566881935e+03
6.042782106996567563e+03
6.044263520384458388e+03
6.045744979402937133e+03
6.047226462800822446e+03
6.048708031922995360e+03
6.050189636858137419e+03
6.051671079248658316e+03
6.053152785424193098e+03
6.054634449332131226e+03
6.056116122953008016e+03
6.057597833217185325e+03
6.059079581921510908e+03
6.060561312908387663e+03
6.062043203912303397e+03
6.063525005487459566e+03
6.065006869181928778e+03
6.066488768029777930e+03
6.067970687118591741e+03
6.069452652483354541e+03
6.070934640928672707e+03
6.072416685474675432e+03
6.073898748995312417e+03
6.075380821197325531e+03
6.076862940643841284e+03
6.078345093008856566e+03
6.079827278180575377e+03
6.081309535085963034e+03
6.082791780742757510e+03
6.084274073229394162e+03
6.085756395726850315e+03
6.087238578490915643e+03
6.088721025771741552e+03
6.090203435601296405e+03
6.091685872473006384e+03
6.093168396293664955e+03
6.094650912002080986e+03
6.096133369617833523e+03
6.097615927513558745e+03
6.099098503458052619e+03
6.100581138051138623e+03
6.102063795418866903e+03
6.103546516532013811e+03
6.105029235241573588e+03
6.106511938312048187e+03
6.107994714516678869e+03
6.109477514849683757e+03
6.110960387668432304e+03
6.112443247828957283e+03
6.113926147984593626e+03
6.115409076542220646e+03
6.116892069154225283e+03
6.118375078492772445e+03
6.119858082786320665e+03
6.121341130040596909e+03
6.122824225054646377e+03
6.124307353138624421e+03
6.125790440263006531e+03
6.127273609423460584e+03
6.128756923244407517e+03
6.130240155392109045e+03
6.131723425579529248e+03
6.133206738404487623e+03
6.134690135584751260e+03
6.136173426582274260e+03
6.137656748028647598e+03
6.139140291262775463e+03
6.140623852064954917e+03
6.142107258752862435e+03
6.143590792241530835e+03
6.145074496653332972e+03
6.146926724659588217e+03
6.148785229061857535e+03
6.150518978201435857e+03
6.152002674172729712e+03
6.153486519744831639e+03
6.154970193464883778e+03
6.156591590253743561e+03
6.158427813204814811e+03
6.159911875354016956e+03
6.161396023425687417e+03
6.162880060436294116e+03
6.164364171710182745e+03
6.165848308599318443e+03
6.167332137219257675e+03
6.168815947531266829e+03
6.170299862362306158e+03
6.171783846025432467e+03
6.173267923236448041e+03
6.174752121069018358e+03
6.176236319234941220e+03
6.177720564605727304e+03
6.179204847000934024e+03
6.226719626223907653e+03
6.228204261782071626e+03
6.229688766986431801e+03
6.231174135180920530e+03
6.232659530508015450e+03
6.234144958045239036e+03
6.235630468474272675e+03
6.237115963237800315e+03
6.238601532658940414e+03
6.240086974888039549e+03
6.241572541147416814e+03
6.243058159893458651e+03
6.244543758861974311e+03
6.246029454712918778e+03
6.247515169115708886e+03
6.249000913007945201e+03
6.250486683276652002e+03
6.251972481694283488e+03
6.253458304644784221e+03
6.254944157992303190e+03
6.256430048874432032e+03
6.257915999221253514e+03
6.259401969167746756e+03
6.260887923965020491e+03
6.262373954583588784e+03
6.263859896534618201e+03
6.265346043385268786e+03
6.266832150340404951e+03
6.268318285326573459e+03
6.269804453656062833e+03
6.271290654869497303e+03
6.272776884047902968e+03
6.274263150152144590e+03
6.275749440675429469e+03
6.277235767230191414e+03
6.278722024802455962e+03
6.280208482799496778e+03
6.281694909251081299e+03
6.283181359966214586e+03
6.284667839537628424e+03
6.286154345708082474e+03
6.287640885922099187e+03
6.289127445896364407e+03
6.290614044724418818e+03
6.292470129844079565e+03
6.294332541512242642e+03
6.296069810683392461e+03
6.297556553912779236e+03
6.299043307348018971e+03
6.300530099052667538e+03
6.302016959569072242e+03
6.303503839227804747e+03
6.305128617961784585e+03
6.306968644300761298e+03
6.308455727064300845e+03
6.309942668856573619e+03
6.311429686102234882e+03
6.312916739929201867e+03
6.314403849681031716e+03
6.315890983521599082e+03
6.317378156014726301e+03
6.318865351078216918e+03
6.320352573098491121e+03
6.321839830173564224e+03
6.323327046863258147e+03
6.324814396048134768e+03
6.326301657097006682e+03
6.327788997752953037e+03
6.329276396226142424e+03
6.330763827638160365e+03
6.332251303591273427e+03
6.333738827087685422e+03
6.335226355404488459e+03
6.336713933851114234e+03
6.338201514754178788e+03
6.339689146817612709e+03
6.341176792109422422e+03
6.342664445314277145e+03
6.344152150695817909e+03
6.345639895735053869e+03
6.347127640024247739e+03
6.348615419213758287e+03
6.350103228987291004e+03
6.351591089296157406e+03
6.353079046849260521e+03
6.354566937231954398e+03
6.356054879898048057e+03
6.357542841453405345e+03
6.359030856832898280e+03
6.360518959671529956e+03
6.362007037692722406e+03
6.363495135385741378e+03
6.364983269210852995e+03
6.366471426411250832e+03
6.367959622703255263e+03
6.369447857885638768e+03
6.370936122669262659e+03
6.372424402186430598e+03
6.373912716835636274e+03
6.426023890120038232e+03
6.427513112056552927e+03
6.429002539794162658e+03
6.430491970008534736e+03
6.431981548074637431e+03
6.433470749254914153e+03
6.434960184295775434e+03
6.436449779870981729e+03
6.437939361311255198e+03
6.439428997363310373e+03
6.440918704934588277e+03
6.442408424609186113e+03
6.443898169794349087e+03
6.445387950353433553e+03
6.446877764582076452e+03
6.448367604455439505e+03
6.449857480866403421e+03
6.475190185451723664e+03
6.476680448361853450e+03
6.478171839971011650e+03
6.480031808082691896e+03
6.481663463213099021e+03
6.483389583036891054e+03
6.485131308649460152e+03
6.486621936500643642e+03
6.488112583618143617e+03
6.489603260437499557e+03
6.491093971628687541e+03
6.492584713442518478e+03
6.494075487957355108e+03
6.495704532044571351e+03
6.497550319526627391e+03
6.499042727408837891e+03
6.500541893499371326e+03
6.502032849343757334e+03
6.503512197820901747e+03
6.505003970366922658e+03
6.506495120145542387e+03
6.507986180770821193e+03
6.509477261004919455e+03
6.510968379471834851e+03
6.512459524976841749e+03
6.513950704765262344e+03
6.515441897571684422e+03
6.516933162014207483e+03
6.518424685311594658e+03
6.519916464349845228e+03
6.521407839791435435e+03
6.522899150375757927e+03
6.524389837871522104e+03
6.525881172456164677e+03
6.527372624451814772e+03
6.528864105511075650e+03
6.530355611172316458e+03
6.531847147420626243e+03
6.533338705770775960e+03
6.534830291621441575e+03
6.536321921802827092e+03
6.537813597132051655e+03
6.539305278843746237e+03
6.540797002566926494e+03
6.542288745510688386e+03
6.543780525176007359e+03
6.545272330105945002e+03
6.546764160855410410e+03
6.548256029004313859e+03
6.549747935707195211e+03
6.551239864669445524e+03
6.552731822207474579e+03
6.554223813289037025e+03
6.555715832715673969e+03
6.557207872308068545e+03
6.558699949870057026e+03
6.560192060832278912e+03
6.561684201259555266e+03
6.563176364817186368e+03
6.564668535587617043e+03
6.566160757453372753e+03
6.567653050743836502e+03
6.569145333637381555e+03
6.570637647446263145e+03
6.572130007803470107e+03
6.573622389418974308e+03
6.575114766519999648e+03
6.576607222164016093e+03
6.578099759404039105e+03
6.579592266716584163e+03
6.581085000976724587e+03
6.582577921263482494e+03
6.584070607923411444e+03
6.585563177702849316e+03
6.587055862008989607e+03
6.588548568978992080e+03
6.590041023255047548e+03
6.591533663159323623e+03
6.593026248584957102e+03
6.594518885302065428e+03
6.596011635449267487e+03
6.597504500205496697e+03
6.598997378280555495e+03
6.600490277973688535e+03
6.601983224335071100e+03
6.603476213655145330e+03
6.604969177617099376e+03
6.606462207132502044e+03
6.607955242857601661e+03
6.609448417178830823e+03
6.610941546429461596e+03
6.612434693494092244e+03
6.613927874439674270e+03
6.615421097445524538e+03
6.616914344921235170e+03
6.618407616628986034e+03
6.619900873966016661e+03
6.621394191124467397e+03
6.622887621751637198e+03
6.624381014510843670e+03
6.625874439856213030e+03
6.627367843050960801e+03
6.628861446389980301e+03
6.630354931014058820e+03
6.631848368766623935e+03
6.633341995342712835e+03
6.634835604726783458e+03
6.636329236856026910e+03
6.637822903672160464e+03
6.639316530514523038e+03
6.640810236143791371e+03
6.642304139144825058e+03
6.643797846335157374e+03
6.645291651091898530e+03
6.646785494461562848e+03
6.648279536235566411e+03
6.649774882329149477e+03
6.651277891527757674e+03
6.652771839536883817e+03
6.654265830159027246e+03
6.655748862728199128e+03
6.657243202581808873e+03
6.658737284096845542e+03
6.660231405123231525e+03
6.661725535830031731e+03
6.663219616080771630e+03
6.664713894390305541e+03
6.666208133367362279e+03
6.667702380577602526e+03
6.669196645034737230e+03
6.670690950058155067e+03
6.672185331444565236e+03
6.673679653948631312e+03
6.675174015104240425e+03
6.676668509892291695e+03
6.678163019985055143e+03
6.679657506652735719e+03
6.681152021348397284e+03
6.682646578963116553e+03
6.684141165567254575e+03
6.685635652979894076e+03
6.687130406802692960e+03
6.688625097468520835e+03
6.690119812809501127e+03
6.691614545924846425e+03
6.693109268216418059e+03
6.694604061647114577e+03
6.696098948038271374e+03
6.697593863584505925e+03
6.755915781798708849e+03
6.757411853309717117e+03
6.758907924702834862e+03
6.760404100257238497e+03
6.761900136092479443e+03
6.763396271571481520e+03
6.764892439387651393e+03
6.766388643347093421e+03
6.767884876287822408e+03
6.769381138349077446e+03
6.770877340211855881e+03
6.772373787327113860e+03
6.773870150287278193e+03
6.775366473371239408e+03
6.776862880466992465e+03
6.778359314171949336e+03
6.779855850507621653e+03
6.781352304625301258e+03
6.782848782077614487e+03
6.784345343447201230e+03
6.785842075481778920e+03
6.787338566923691360e+03
6.788835106566458307e+03
6.790331950240384685e+03
6.791828889543615333e+03
6.793325568030496470e+03
6.794822195632430521e+03
6.796318884754050487e+03
6.797815663139786011e+03
6.799312512818109099e+03
6.800809391101684923e+03
6.802306291190334377e+03
6.803803226315489155e+03
6.805300193749355458e+03
6.806797200357148540e+03
6.808294223368293387e+03
6.809791222880165151e+03
6.811288292815671412e+03
6.812785452919818454e+03
6.814282591758552371e+03
6.815779756382258711e+03
6.817649011516567043e+03
6.819288124453089949e+03
6.820785381882776164e+03
6.822282674046103239e+03
6.823780003311092514e+03
6.825277350752906386e+03
6.827011375804318959e+03
6.828761083394034358e+03
6.830258617492584563e+03
6.831756032048906491e+03
6.833253526354587848e+03
6.834751062900426405e+03
6.836248626042258365e+03
6.837746231896834615e+03
6.839243854884477514e+03
6.840741505174456506e+03
6.842239251141509158e+03
6.843736956268889116e+03
6.845234630205507528e+03
6.846732393475354002e+03
6.848230191447336438e+03
6.849728028755856940e+03
6.851225890400082790e+03
6.852723775845429373e+03
6.854221584365763192e+03
6.855719616991054863e+03
6.857217607532701550e+03
6.858715570801488866e+03
6.860213585918691024e+03
6.861711701943951084e+03
6.863209793231046206e+03
6.864707862012822261e+03
6.866205993713752832e+03
6.867704225057425901e+03
6.869202388623951265e+03
6.870700646109323316e+03
6.872199006859593283e+03
6.873697221350703330e+03
6.875334466286108182e+03
6.877188755107116776e+03
6.878687075246385575e+03
6.880185486340921670e+03
6.881683816370985369e+03
6.883182391785645450e+03
6.884680914675025633e+03
6.886179445305690024e+03
6.887678005444094197e+03
6.889176598574174022e+03
6.890675216783901305e+03
6.892173860897510167e+03
6.893672400996180841e+03
6.895171025955268306e+03
6.896669913630204064e+03
6.898168704960343348e+03
6.899667374622123134e+03
6.901166376684526767e+03
6.902665244017880468e+03
6.904164076176514754e+03
6.905662987662735759e+03
6.907161908049858539e+03
6.908660770873817455e+03
6.910159869151942075e+03
6.911658894389416673e+03
6.913157991956120895e+03
6.914657040517046880e+03
6.916156150711486589e+03
6.917655287601518467e+03
6.919154450502145664e+03
6.920653647338604969e+03
6.922152871477397639e+03
6.923652137431527080e+03
6.925151419243246892e+03
6.926650715551707435e+03
6.928150052214043171e+03
6.929649419422794381e+03
6.931148814537570615e+03
6.932648285515312637e+03
6.934147752644261345e+03
6.935647179061593306e+03
6.937146697246230360e+03
6.938646219852862487e+03
6.940145778939168849e+03
6.941645415901761226e+03
6.943145054831944435e+03
6.944644634131772364e+03
6.946144365673821085e+03
6.947644079283974861e+03
6.949143815546811311e+03
6.950643586389826851e+03
6.952143385024023701e+03
6.953643213409877717e+03
6.955143111600430530e+03
6.956642959843081371e+03
6.958142915563260431e+03
6.959642861939424620e+03
6.961142779433898795e+03
6.962642657368243817e+03
6.964142794854642489e+03
6.965642904490912770e+03
6.967142997901686613e+03
6.968643063157437609e+03
6.970143205165428299e+03
6.971643369091308159e+03
6.973144126674228573e+03
6.974644622863526820e+03
6.976144967199858002e+03
6.977645199161029268e+03
6.979144710813799065e+03
6.980644992367164377e+03
6.982145361339012197e+03
6.983645743555502122e+03
6.985146299680049196e+03
6.986646657916544427e+03
6.988147131454175906e+03
6.989647643382155366e+03
6.991148207644351714e+03
6.992648887285939054e+03
6.994149371383100515e+03
6.995649979720921692e+03
6.997150627881081164e+03
6.998651329296239055e+03
7.000152037307292630e+03
7.001652773779279414e+03
7.003153667545595454e+03
7.004654459875368957e+03
7.006155426157917645e+03
7.007656366767287182e+03
7.009157248827666990e+03
7.010658157056170239e+03
7.012159091818670277e+03
7.013660154457194949e+03
7.015161411746800695e+03
7.016662535212899456e+03
7.018163460566337562e+03
7.019664419178745447e+03
7.021165169434020754e+03
7.022666056314789785e+03
7.024167286685213185e+03
7.025668455143654683e+03
7.027169705108665767e+03
7.028670972080721185e+03
7.030172177271899272e+03
7.031673564738469395e+03
7.033174894291246346e+03
7.034676288289683725e+03
7.036177679745297610e+03
7.037679078513310742e+03
7.039180529857421789e+03
7.040682004044267160e+03
7.042183509602779850e+03
7.043685041835541597e+03
7.045186605400332155e+03
7.046688194841563927e+03
7.048189821995260900e+03
7.049691469824907472e+03
7.051193141253426802e+03
7.052694850602757469e+03
7.054196594855455260e+03
7.055698358866367016e+03
7.057200134693993277e+03
7.058701893609092622e+03
7.060203789019597025e+03
7.061705635909107514e+03
7.063207515147979393e+03
7.064709473887215609e+03
7.066211462912688148e+03
7.067713466249933845e+03
7.069215468520047580e+03
7.070717510085031790e+03
7.072219575923725642e+03
7.073721687620663943e+03
7.075223818698762443e+03
7.076726029275190740e+03
7.078228201609652388e+03
7.079730334370771743e+03
7.081232604515556886e+03
7.082734872208985507e+03
7.084237174981605676e+03
7.085739500987225256e+03
7.087241888473909967e+03
7.088744285465190842e+03
7.090246646045904527e+03
7.091749082189771798e+03
7.093251548745899527e+03
7.094754044521136166e+03
7.096256558913261870e+03
7.097759016310344123e+03
7.099261682930458846e+03
7.100764301629206784e+03
7.102266959212231086e+03
7.103737682619273983e+03
7.104776063353464451e+03
7.106278717995270199e+03
7.107781436638607374e+03
7.109284273386081622e+03
7.110787073940482514e+03
7.112289890589276183e+03
7.113792726615166430e+03
7.115295586697271574e+03
7.116798510051194171e+03
7.118301460256205246e+03
7.119804419984104243e+03
7.121307415218044298e+03
7.122810552592016393e+03
7.124313740385458914e+03
7.125816814900237659e+03
7.127319915916491482e+03
7.128822925163409309e+03
7.130325921769377601e+03
7.131829078185058279e+03
7.133332301895135060e+03
7.134835573939206370e+03
7.136338852459246482e+03
7.137842166619483578e+03
7.139345497341617374e+03
7.140848826986457425e+03
7.142352225334308059e+03
7.143855631493570399e+03
7.145359041876644369e+03
7.146862549452121129e+03
7.148366050189820271e+03
7.149869528361222365e+03
7.151373078126042856e+03
7.152646622995313919e+03
7.153889239666350477e+03
7.155392846255469522e+03
7.156896609597223687e+03
7.158400300780485850e+03
7.159903945119676791e+03
7.160913250744267316e+03
7.162395314702258474e+03
7.163899017965462917e+03
7.165402858953814757e+03
7.166906655256751947e+03
7.168410507672570930e+03
7.169914455740055928e+03
7.171418375653534895e+03
7.172922321074531283e+03
7.174426296560211085e+03
7.175930293943450124e+03
7.177434384809538642e+03
7.178938457101420681e+03
7.180442473465392140e+03
7.181946588200694350e+03
7.183450725711656560e+03
7.184954894561761648e+03
7.186459069729290604e+03
7.187963288445992475e+03
7.189467572231359554e+03
7.190971847632112258e+03
7.192476129677544122e+03
7.193980440094474943e+03
7.195484841581518594e+03
7.196989271070118775e+03
7.198493700721330242e+03
7.199998113769992415e+03
7.201502584996689620e+03
7.203007081062170073e+03
7.204511617428674072e+03
7.206016172050259229e+03
7.207520763645448824e+03
7.209025374349425874e+03
7.210530105645483673e+03
7.212034699921716310e+03
7.213539352857718768e+03
7.215044088800376812e+03
7.216548845559233087e+03
7.218053626032827196e+03
7.219558435005972569e+03
7.221063264571729633e+03
7.222568106577204162e+03
7.224073041406953962e+03
7.225577979336468161e+03
7.227082863458109387e+03
7.228587844448963551e+03
7.230092848180923284e+03
7.231597862553719096e+03
7.233102884609870671e+03
7.234607970606572053e+03
7.236113116328144315e+03
7.237618268241120859e+03
7.239123443193995627e+03
7.240628597123341933e+03
7.242133931371673498e+03
7.243639078784396588e+03
7.245144342620269526e+03
7.246649637331846861e+03
7.248154963327685437e+03
7.249660304991064550e+03
7.251165681347429199e+03
7.252671116513982270e+03
7.254176553036300902e+03
7.255682015895450604e+03
7.257187507046827704e+03
7.258693148186230246e+03
7.260198590808482550e+03
7.261704114095794466e+03
7.263209707033326595e+03
7.264715385957354556e+03
7.266220994637633339e+03
7.267726674120635835e+03
7.269232450485047593e+03
7.270738068554061101e+03
7.272243941580359206e+03
7.273749753383737698e+03
7.275255564319180849e+03
7.276761402821200136e+03
7.278267308420451627e+03
7.279773209027554003e+03
7.281279134044554667e+03
7.282785107712635181e+03
7.284291100961075244e+03
7.285797113045931837e+03
7.287303151020439145e+03
7.288809208841580585e+03
7.290315295715154207e+03
7.291821414915730202e+03
7.293327548381327688e+03
7.294833678049966693e+03
7.296339895217379308e+03
7.297846177095712846e+03
7.299352446302608769e+03
7.300858731973836257e+03
7.302365034668370754e+03
7.303871374578390714e+03
7.305377745479974692e+03
7.306884141960217676e+03
7.308390553349825495e+03
7.309897006654372490e+03
7.311403487429959569e+03
7.312909993381745153e+03
7.314416527107436195e+03
7.315923078693877869e+03
7.317429693964759281e+03
7.318936286228261451e+03
7.320442919024509138e+03
7.321949584694538316e+03
7.323456278258398015e+03
7.324962907426394850e+03
7.326469734044409961e+03
7.327976529536708767e+03
7.329483329332093490e+03
7.330990159612914795e+03
7.332497011968137485e+03
7.334003894318929270e+03
7.335510803951730850e+03
7.337017744130948813e+03
7.338524710022979889e+03
7.340031710331561044e+03
7.341538723679487703e+03
7.343045709019756032e+03
7.344552770427268115e+03
7.346059948237603749e+03
7.347567072132334943e+03
7.349074233380772966e+03
7.350581412376133812e+03
7.352088613258891201e+03
7.353595838254781484e+03
7.355103023699687583e+03
7.356610503707746830e+03
7.358117743552023057e+03
7.359625066260671701e+03
7.361132435742248163e+03
7.362639718651933435e+03
7.364147243564928431e+03
7.365654711214573581e+03
7.367162196960755864e+03
7.368669699457869683e+03
7.370177225574184376e+03
7.371684791087004669e+03
7.373192380540179329e+03
7.374699984185201174e+03
7.376207625598588493e+03
7.377715297875481156e+03
7.379222991098662533e+03
7.380730743331228041e+03
7.382238542304200564e+03
7.383704715247894455e+03
7.385253717730684002e+03
7.386761334207721120e+03
7.388269324079535181e+03
7.389777397775122154e+03
7.391287577846126624e+03
7.392795289489034076e+03
7.394302252169504754e+03
7.395809883314027502e+03
7.397317462364183484e+03
7.398825452860014593e+03
7.400333526893020462e+03
7.401841685158356086e+03
7.403349817924305171e+03
7.404857905149101498e+03
7.406366086657602864e+03
7.407874193080620898e+03
7.409382492922946767e+03
7.410890763245335620e+03
7.412399051771991253e+03
7.413907364995142416e+03
7.415415710506678806e+03
7.416924071321910560e+03
7.418432458573576696e+03
7.419940999793162518e+03
7.421449973658793169e+03
7.422959029652979552e+03
7.424468204552162206e+03
7.425973633104524197e+03
7.427482104661695303e+03
7.428991462501959177e+03
7.430500530982613782e+03
7.432009210297287609e+03
7.433517794346496885e+03
7.435026467181136468e+03
7.436535230687491094e+03
7.438043972513778499e+03
7.439552735481485797e+03
7.441061528674453257e+03
7.442570349791741137e+03
7.444079199581355169e+03
7.445588066235730366e+03
7.447096223027408087e+03
7.448604715793077048e+03
7.450115707382848996e+03
7.451625394249563215e+03
7.453133854027624693e+03
7.454642332719340629e+03
7.456150998803603215e+03
7.457660029983399909e+03
7.459169098018907789e+03
7.460678190342353446e+03
7.462187344707871489e+03
7.463696590476852180e+03
7.465205816624822546e+03
7.466715060332713620e+03
7.468224325303984187e+03
7.469733618506501443e+03
7.471242941737113142e+03
7.472752292589181707e+03
7.474261679046891913e+03
7.475771077936187794e+03
7.477280561218394723e+03
7.478789967807307221e+03
7.480299431883158832e+03
7.481808942370133991e+03
7.483318420975251684e+03
7.484827977046064007e+03
7.486337630179192274e+03
7.487847241966522233e+03
7.489356886627634594e+03
7.490866552602940828e+03
7.492376239368022652e+03
7.493886017536568943e+03
7.495395824940482271e+03
7.496873466068035668e+03
7.497916708701053722e+03
7.499426524873747439e+03
7.500936369576486868e+03
7.502446218797769689e+03
7.503956138024982465e+03
7.505466137762777180e+03
7.506976068297530219e+03
7.508485968352945747e+03
7.509995972664165492e+03
7.511274975763971270e+03
7.512522981135696682e+03
7.513536488169615041e+03
7.515024872310250430e+03
7.516534921691052659e+03
7.518045052407684125e+03
7.519555217784781235e+03
7.521065418072360444e+03
7.522575718761872849e+03
7.524085989528985920e+03
7.525596153969040643e+03
7.527106450672558822e+03
7.528616779999842947e+03
7.530127134505357390e+03
7.531637513900472186e+03
7.533147919071410797e+03
7.534658346680589602e+03
7.536168805637044898e+03
7.537679289115190841e+03
7.539189791053711815e+03
7.540700328301110858e+03
7.542210885799637254e+03
7.543721484601278462e+03
7.545231992373458525e+03
7.546742714657582837e+03
7.548253388160535906e+03
7.549764080036463383e+03
7.551274797054035844e+03
7.552785530283891603e+03
7.554296309825271237e+03
7.555807109455166028e+03
7.557317926429523141e+03
7.558828776204487440e+03
7.560339651531687196e+03
7.561850588821686870e+03
7.563361530132236112e+03
7.564872435562738247e+03
7.590562601309674392e+03
7.592074021612342221e+03
7.593585459773727052e+03
7.595096945781274371e+03
7.596608435250393995e+03
7.598119914082743890e+03
7.599631440582381401e+03
7.601143088586753038e+03
7.602654690322287934e+03
7.604166327720377012e+03
7.605677977025633481e+03
7.607189651023321858e+03
7.608701354000266292e+03
7.610213085755235625e+03
7.611724840495224271e+03
7.613236629812342471e+03
7.614748433487984585e+03
7.616260263469967867e+03
7.617772120815263406e+03
7.619284017898545244e+03
7.620795924911241855e+03
7.622307854565441630e+03
7.623819906435798657e+03
7.625331918212456912e+03
7.626843804441476095e+03
7.628355976529908730e+03
7.629867946946540542e+03
7.631380026046054809e+03
7.632892140808122349e+03
7.634404288039479979e+03
7.635916465691228950e+03
7.637428640863166947e+03
7.638940851565536832e+03
7.640453098587003296e+03
7.641965380531146366e+03
7.643477692712744101e+03
7.644990018834143484e+03
7.646502372298527916e+03
7.648014746424632904e+03
7.649527148767755534e+03
7.651039567467479174e+03
7.652552021183382749e+03
7.654064525296400461e+03
7.655577032127048369e+03
7.657089523952795389e+03
7.658602084997845850e+03
7.660114614839937531e+03
7.661627311173008820e+03
7.663139894705082952e+03
7.664652541427667529e+03
7.666165274870527355e+03
7.667677987934203884e+03
7.669190680025168149e+03
7.670703442922922477e+03
7.672216229074001603e+03
7.673729042913614649e+03
7.675241877764560741e+03
7.676754763289059156e+03
7.678267651364515586e+03
7.679780539124911229e+03
7.681293474644063281e+03
7.682806433335239490e+03
7.684319430323263077e+03
7.685832447448586208e+03
7.687345481080926220e+03
7.688858549562768530e+03
7.690371638726654965e+03
7.691884749658016517e+03
7.693397894428657310e+03
7.694911118644781709e+03
7.696424346312315720e+03
7.697937579049239503e+03
7.699450721657158283e+03
7.700963986558474062e+03
7.702445115667092068e+03
7.703490914214531585e+03
7.705004260864300704e+03
7.706517554275334078e+03
7.708030953125165070e+03
7.709544364353733727e+03
7.711057764943498114e+03
7.712339665789148967e+03
7.713092824280878631e+03
7.714584558431572077e+03
7.716098082666434493e+03
7.717611627227629469e+03
7.719125194818564523e+03
7.720638791260699691e+03
7.722152406644944676e+03
7.723666054327737584e+03
7.725179743592114392e+03
7.726693504053543620e+03
7.728207114171236753e+03
7.729720814025632535e+03
7.731234541578725839e+03
7.732748301196612374e+03
7.734262070882134140e+03
7.735775663702115708e+03
7.737289417606270945e+03
7.738803162219256592e+03
7.740317039943312921e+03
7.741831172142923606e+03
7.743345419570493505e+03
7.744859998158779490e+03
7.746374409605644360e+03
7.747888450741240376e+03
7.749402469456888866e+03
7.750916318970024804e+03
7.752430216168742845e+03
7.753944365489224765e+03
7.755458491483203943e+03
7.756972665774587767e+03
7.758487003203103995e+03
7.760001259312051843e+03
7.761515519575701546e+03
7.811500784713321082e+03
7.813015946624741446e+03
7.814531112117657358e+03
7.816046250220841102e+03
7.817561453557330424e+03
7.819076682094408170e+03
7.820591940055891428e+03
7.822107214597563143e+03
7.823622570373435337e+03
7.825137914717775857e+03
7.826653197770085171e+03
7.828168571652657192e+03
7.829683976453615287e+03
7.831199407615799828e+03
7.832714859453929421e+03
7.834230335669435590e+03
7.835745837203422525e+03
7.837261364122970917e+03
7.838776918550147457e+03
7.840292486146756346e+03
7.841808087546061870e+03
7.843323714282143555e+03
7.844839364196344832e+03
7.846355036721561191e+03
7.847870738041064214e+03
7.849386413672144954e+03
7.850902141208553076e+03
7.852418030046628701e+03
7.853933846533113865e+03
7.855449610799211769e+03
7.856965458000820036e+03
7.858481335443951139e+03
7.859997219493140619e+03
7.861513130728803844e+03
7.862996848561811930e+03
7.864044439055618568e+03
7.865560438564491051e+03
7.867076442518730801e+03
7.868592478647527059e+03
7.870108545631700508e+03
7.871392699170693049e+03
7.872147071680118643e+03
7.873641393832934227e+03
7.875157591060132290e+03
7.876673772306765386e+03
7.878189893566318460e+03
7.879706115394478729e+03
7.881222352138105634e+03
7.882738662629738428e+03
7.884254959687698829e+03
7.885771172218594984e+03
7.887287498024090382e+03
7.888803922965186757e+03
7.890320309133800038e+03
7.891836720799767136e+03
7.893353156765868334e+03
7.894869601641002191e+03
7.896386032964569495e+03
7.897902593917303420e+03
7.899419133350549600e+03
7.900935743617005755e+03
7.902452341409190922e+03
7.903968833390605141e+03
7.905485521533350948e+03
7.907002182516047469e+03
7.908518861715202547e+03
7.910035567793907830e+03
7.911552291875644187e+03
7.913069047591257004e+03
7.914585823084394178e+03
7.916102628585300408e+03
7.917619452589268803e+03
7.919136307523820506e+03
7.920653182162722260e+03
7.922170082868116879e+03
7.923687047457148765e+03
7.925204028797114006e+03
7.926720924573372031e+03
7.928237897441320456e+03
7.929754938622015288e+03
7.931271988656862959e+03
7.932789060381942363e+03
7.934306150398690079e+03
7.935823271384643704e+03
7.937340423138568440e+03
7.938857584102357578e+03
7.940374767256404994e+03
7.941891981491452498e+03
7.943409220187210849e+03
7.944926483418888893e+03
7.946443769351018091e+03
7.947961078170600558e+03
7.949478369848984585e+03
7.950995719916798407e+03
7.952513135530944965e+03
7.954030570910419556e+03
7.955548012339012530e+03
7.957065461918465189e+03
7.958582955268647311e+03
7.960100453403648316e+03
7.961617974781815974e+03
7.963135530151711464e+03
7.964653104638525292e+03
7.966170705358509622e+03
7.967688338496963297e+03
7.969205982235600459e+03
7.970723638322486295e+03
7.972241353227690524e+03
7.973759041021627127e+03
7.975276775236847243e+03
7.976794590066313503e+03
7.978312349413014999e+03
7.979830152560935858e+03
7.981348031107364477e+03
7.982865902702185849e+03
7.984383789702336799e+03
7.985901701557529123e+03
7.987419640497564615e+03
7.988937599103328466e+03
7.990455581667745719e+03
7.991973592290633860e+03
7.993491673545502636e+03
7.995009690247999060e+03
7.996527669450438225e+03
7.998045870569705585e+03
7.999564002898559920e+03
8.001049868703174070e+03
8.002098982318001617e+03
8.003617174294485267e+03
8.005135380924222773e+03
8.006653653947902058e+03
8.007939686691845964e+03
8.008695149576462427e+03
8.010191638935167248e+03
8.011709911733223635e+03
8.013228252760688520e+03
8.014746609313409863e+03
8.016264992698923379e+03
8.017783404842137315e+03
8.019301842391236278e+03
8.020820298384453963e+03
8.022338778303798790e+03
8.023857289214708544e+03
8.025375796568507212e+03
8.026894346300683537e+03
8.028412979929807079e+03
8.029931586551329019e+03
8.031450216594887934e+03
8.032968863645490273e+03
8.034487543348317558e+03
8.036006232773232114e+03
8.037524955147135188e+03
8.039043705311203666e+03
8.040562479582305059e+03
8.042081295030497131e+03
8.043600100067540552e+03
8.045118933093945088e+03
8.046637811301728107e+03
8.048156742057154588e+03
8.049675652949682444e+03
8.051194540373426207e+03
8.052713499219847108e+03
8.054232484283174927e+03
8.055751518150032098e+03
8.057270521964403088e+03
8.058789565752545059e+03
8.060308651630428358e+03
8.061827750342360559e+03
8.063346878921808639e+03
8.064866030896869233e+03
8.066385202716529420e+03
8.067904393120558780e+03
8.069423617788691445e+03
8.070942860307411138e+03
8.072462106547883195e+03
8.073981366992397852e+03
8.075500602683502620e+03
8.077019810106772638e+03
8.078538991431026261e+03
8.080058145975335719e+03
8.081577563715195538e+03
8.083096881126296466e+03
8.084616203629144366e+03
8.086136320170109684e+03
8.087656728711073811e+03
8.089176515855649086e+03
8.090695918635325143e+03
8.092215305286053081e+03
8.093734646938343758e+03
8.095254260750093636e+03
8.096773745680687171e+03
8.098293352721735573e+03
8.099813031224082806e+03
8.101332658148354312e+03
8.102852378815648990e+03
8.104372130759078573e+03
8.105891917405656386e+03
8.107411726557553266e+03
8.108931550885094111e+03
8.110451388093430978e+03
8.111971314308758338e+03
8.113491220957955193e+03
8.115011061113610594e+03
8.116531034683200232e+03
8.118051026223304689e+03
8.119570990786293805e+03
8.121090998063044026e+03
8.122611055064108768e+03
8.124098794108091170e+03
8.125149248463347249e+03
8.126669347901733090e+03
8.128189446616501300e+03
8.129477066307135829e+03
8.130233446041794195e+03
8.131731773737826188e+03
8.133251971636979761e+03
8.134772195366840606e+03
8.136292438000191396e+03
8.137812707984660847e+03
8.139332973245288485e+03
8.140853279989933981e+03
8.142373653224055488e+03
8.143894015792945538e+03
8.145414400871221915e+03
8.146934777627895528e+03
8.148455240673928529e+03
8.149975697683038561e+03
8.151496182921362561e+03
8.153016709428243303e+03
8.154537178870974458e+03
8.156057788063354565e+03
8.157578396097133918e+03
8.159098849372296172e+03
8.160619437925317470e+03
8.162140169992425399e+03
8.163660825171106808e+03
8.165181457153375050e+03
8.166702125838905886e+03
8.168222925795972515e+03
8.169743703928656032e+03
8.171264488084031655e+03
8.172785285199477585e+03
8.174306097551545463e+03
8.175826946769487222e+03
8.177347817878891874e+03
8.178868712018033875e+03
8.180389628745831033e+03
8.181910565661745750e+03
8.183431526796488470e+03
8.184952508082757959e+03
8.186473514270821397e+03
8.187994545596463468e+03
8.189515607133138474e+03
8.191036671279715847e+03
8.192557771444557147e+03
8.194078937535832665e+03
8.195600090652813378e+03
8.197121193045419204e+03
8.198642430711819543e+03
8.200163650135333228e+03
8.201684839057150384e+03
8.203206031952764533e+03
8.204727330199775679e+03
8.206248657131309301e+03
8.207770041667676196e+03
8.209291350390878506e+03
8.210812725798688916e+03
8.212334110398065604e+03
8.213855519273191021e+03
8.215376970355944650e+03
8.216898443795636922e+03
8.218419929207540918e+03
8.219941392528779033e+03
8.250376386368072417e+03
8.251898327872444497e+03
8.253420319198698053e+03
8.254942315994767341e+03
8.256464375091054535e+03
8.257986484897481205e+03
8.259508566596652599e+03
8.261030683031496665e+03
8.262552823656713372e+03
8.264074981480041970e+03
8.265597167963504035e+03
8.267119381031778175e+03
8.268641611076609479e+03
8.270163811455153336e+03
8.271686127573881095e+03
8.273208594684756463e+03
8.274730759313342787e+03
8.276253088264085818e+03
8.277775457341049332e+03
8.279297901342913974e+03
8.280820218699516772e+03
8.282342683235045115e+03
8.283865140772217273e+03
8.285387611470690899e+03
8.286910105540386212e+03
8.288432669156634802e+03
8.289955224510229527e+03
8.291477741656412036e+03
8.293000327505607856e+03
8.294522911389245564e+03
8.296045526233958299e+03
8.297568209604842195e+03
8.299090886142013915e+03
8.300613581893670926e+03
8.302136319442370223e+03
8.303659065609434037e+03
8.305181825740692148e+03
8.306704793497328865e+03
8.308227546453392279e+03
8.309750211811078771e+03
8.311273074696026015e+03
8.312795986965837074e+03
8.314318889168012902e+03
8.315841792593833816e+03
8.317364737713034629e+03
8.318887712140776785e+03
8.320410695717404451e+03
8.321933706175606858e+03
8.323456736697937231e+03
8.324979796201556383e+03
8.326502861603876227e+03
8.328025932868311429e+03
8.329549077132747698e+03
8.331072220496726004e+03
8.332595390000371481e+03
8.334118539271185000e+03
8.335641870298051799e+03
8.337165017259791057e+03
8.338688255072120228e+03
8.340179145707974385e+03
8.341231797470407400e+03
8.342755061461022706e+03
8.344045359810326772e+03
8.344803341851426012e+03
8.346304853398416526e+03
8.347828234300011900e+03
8.349351640142020187e+03
8.350875070794356361e+03
8.352398520728249423e+03
8.353921994600470498e+03
8.355445488927080078e+03
8.356969033356075670e+03
8.358492539041042619e+03
8.360016090206183435e+03
8.361539676426124061e+03
8.363063280899112215e+03
8.364586905058155025e+03
8.366110555848763397e+03
8.367634270559596189e+03
8.369157966891358228e+03
8.370681599792758789e+03
8.372205330415048593e+03
8.373729103214482166e+03
8.375252887047048716e+03
8.376776692299512433e+03
8.378300511008006652e+03
8.379824353795078423e+03
8.381348218306935451e+03
8.382872109436129904e+03
8.384396017190232669e+03
8.385919757579325960e+03
8.387443489604132992e+03
8.388967406964462498e+03
8.390491300083604074e+03
8.392015366714440461e+03
8.393539671476422882e+03
8.395063999969401266e+03
8.396588039350752297e+03
8.398112118490415014e+03
8.399636210291351745e+03
8.401160417497088929e+03
8.402684614921794491e+03
8.404208807701930709e+03
8.405733012344517192e+03
8.407257244210164572e+03
8.408781491946614551e+03
8.410305779301123039e+03
8.411830082014208529e+03
8.413354405393083653e+03
8.414878758234977795e+03
8.416403115294588133e+03
8.417927492402062853e+03
8.419451898236746274e+03
8.420976328217082482e+03
8.422500774096679379e+03
8.424025248252240999e+03
8.425549729503725757e+03
8.427074259538414481e+03
8.428598799972054621e+03
8.430123357390382807e+03
8.431647920565128516e+03
8.433172529594054140e+03
8.434697146288041040e+03
8.436221825406231801e+03
8.437714049021833489e+03
8.438767611500594285e+03
8.440292240067192324e+03
8.441583755922820274e+03
8.442342433017871372e+03
8.443845313020616231e+03
8.445370103960076449e+03
8.446894891261123121e+03
8.448419707234499583e+03
8.449944532104711470e+03
8.451469395288031592e+03
8.452994275689790811e+03
8.454519174409642801e+03
8.456044095986459070e+03
8.457569038716892464e+03
8.459094000096738455e+03
8.460618975373699868e+03
8.462143988038920725e+03
8.463669081135451052e+03
8.465194078521366464e+03
8.466719143504540625e+03
8.468244233031766271e+03
8.469769337610645380e+03
8.471294548183226652e+03
8.472819615304731997e+03
8.474344808079576978e+03
8.475870096646340244e+03
8.477395238030110704e+03
8.478920436665037414e+03
8.480445691918970624e+03
8.481971000625066154e+03
8.483496314130210521e+03
8.485021630918057781e+03
8.486546979207658296e+03
8.488072348437450273e+03
8.489597736576832176e+03
8.491123184345549816e+03
8.492648629331592019e+03
8.494174027369897885e+03
8.495699497082927337e+03
8.497224997045608688e+03
8.498750511342421305e+03
8.500276040514045235e+03
8.501801600821550892e+03
8.503327192606417157e+03
8.504852794975207871e+03
8.506378404807826882e+03
8.507904047341455225e+03
8.509429704325075363e+03
8.510955386015355543e+03
8.512481077606593317e+03
8.514006804577849834e+03
8.515532562558963036e+03
8.517058332471635367e+03
8.518584119155564622e+03
8.520109928440348085e+03
8.521635741499731012e+03
8.523161546971294229e+03
8.524687366671290874e+03
8.526213061768821717e+03
8.527738709107596151e+03
8.529231575352861910e+03
8.530286260241296986e+03
8.531812613893791422e+03
8.533339645951946295e+03
8.533908926275902559e+03
8.535370139765898784e+03
8.536896027892471466e+03
8.538421764880544288e+03
8.539947556064726086e+03
8.541473575725043702e+03
8.542999652518625226e+03
8.544525762547797058e+03
8.546051839447074599e+03
8.547578019282978858e+03
8.549104272818109166e+03
8.550630583846277659e+03
8.552156759822211825e+03
8.553683014747663037e+03
8.555209299426804137e+03
8.556735605993340869e+03
8.558261977370400928e+03
8.559788335193856256e+03
