1.365157135512887621e+01
1.809828705221170253e+01
9.366181140398072813e+00
-7.790995884316138209e+00
6.787039114583970800e+00
-2.754588928602607822e+01
1.587755580778646092e+01
1.371626152503099050e+01
1.589543343302211120e+01
2.636835043151245728e+01
6.580468567038469985e+01
-3.645961953837953473e+01
2.392091562977704200e+01
4.314728484572145817e+01
-8.481308614603738860e+00
2.772618121630303989e+01
3.901318202727836137e+01
1.581046770937000190e+01
3.855897840876553850e+00
2.625698847204072095e+01
1.381354593464533131e+01
1.591376893700742556e+01
-2.244515105822940981e+01
9.663036810084593142e+00
-9.867927959259917836e-01
1.283493398074572411e+01
2.708818784786148726e+01
2.172138906474223674e+01
-1.653294919858352330e+01
1.137752945724542286e+01
1.183295694909855200e+01
2.967809598918735858e+01
5.414294834459113304e+00
-9.208999374033847829e+00
9.596169890130497038e+00
1.652972963251296079e+01
-1.520242372208481241e+00
-5.894664713175282955e+00
-9.413301879970530806e+00
-2.414134394643541182e+00
1.463725639183577698e+01
2.754418991864705291e+01
-6.052787384309671559e+00
2.484961219429122536e+01
6.920875577244157917e+00
3.048257823777839448e+01
5.508298751076468847e+01
4.527371488841861691e+01
-8.274386011893783532e+00
1.938610306870682365e+01
3.750272775089798927e+01
-1.169495935755591987e+01
3.907988772054432047e+01
1.246895896944635673e+01
2.558333538350029812e+01
3.725639619852694651e+00
-1.206007125104897426e+01
-1.204675743733244264e+00
3.737697270262618332e+01
1.321711606788850268e+01
5.149972839989211515e+00
-1.181555860082785969e+01
1.807865489296597872e+01
4.581608057667857281e+01
2.793276194847069149e+01
2.192998668356095848e+01
-3.693339018691215614e+01
3.370853140151483984e+01
1.465316013937104955e+01
2.859746785127031288e+01
9.538649104892670039e+00
-1.471662916649747643e+01
3.903854826927459953e+01
1.708558774390737511e+01
1.854552288409501770e+01
5.647211325204438026e+01
3.795415166835574894e+01
2.745720411416453288e+01
2.859513467586157631e+01
-8.145809513407659352e+00
9.221831615852286390e+00
1.888482111962970578e+01
-1.389111672877405113e+01
-6.939297326187046089e+00
3.446892294290191394e+00
1.519929454787258472e+01
1.689028934326530162e+01
-6.789074298507185468e+00
-1.603515580375603378e+01
1.001320871179395233e+01
3.352590700889511766e+01
4.762160480649911420e+01
1.642804260315398679e+01
1.108518920881172853e+01
-3.606332696725635500e+00
9.517613045719457432e+00
-2.213248342129455537e+01
6.694892351603559888e+00
-1.314446696606749754e+01
-6.958261129401049239e+00
-1.871099231813415642e+01
1.968207080734381975e+01
-2.487885527646064432e+01
1.040051704974512603e+01
2.093989552707200552e+00
4.375696640629873002e+01
1.333701302086632090e+01
5.310207965813433617e+01
-4.270752586370968329e-01
8.189956055710455374e+00
3.446321758389522927e+01
-1.436282503289581669e+01
1.253679387692734615e+01
3.127082518796161992e+01
3.013163708559286746e+01
4.456865450201657097e+01
3.750737490665643747e+01
3.944384464351863073e+01
4.313475136211749117e+01
-8.031047997989057663e+00
2.558211804770532893e+01
-9.865878296238903999e+00
2.449014437819477052e+01
-8.027824551816674870e+00
1.125452194972017672e+01
1.985564115517592754e+01
3.306619927297398931e+01
-1.897704275043270528e+01
2.026707126283074256e+00
1.126443247991513275e+01
-1.097705413681614228e+00
-3.072984605771028299e+01
-1.741692350102056253e+01
-2.672401222338998039e+01
9.524841249812723731e+00
1.590709613401204159e+01
4.019298606810052377e+01
-1.433959497231127811e+00
1.848338298035168847e+01
9.462903413523413576e+00
3.104835284835310460e+01
2.215863576806089341e+01
-1.905614597233870100e+01
1.183721909722409293e+01
3.519922755637112033e+01
4.307850930665104272e+01
1.316854295063978064e+01
2.357651723451394332e+01
2.435272722163622561e+01
-1.184506362783070621e+01
1.814800003997619626e+01
-6.607558993001518388e+00
2.918963440817216792e+01
2.146035617114885596e+01
4.284628868817988767e+00
-1.772269250246880645e+00
6.088529660478715577e+00
1.669985457945332641e+01
-3.981200748785164834e+00
3.581219033234938109e+01
2.040453903762367571e-01
2.267539275226696560e+01
2.260319376196936858e+01
2.811536254344241925e+00
4.616051887269442489e+01
8.987394064656848869e+00
2.163709693110171983e+01
3.347324244263425186e+01
-2.142918829604642994e+01
2.107795508071273360e+01
3.762729847574603070e+01
4.931840989489521654e+00
-1.492210414923862771e+01
-8.731793222348894545e+00
3.082827617701892819e+01
-2.649024569031297105e+01
1.388840355428558304e+01
2.778441638551067783e+01
2.422480964107684431e-01
-4.715252826297128941e+00
-7.736730482180083079e+00
1.767102149417220502e+01
2.290686892739572755e+01
4.279989388552342433e+01
5.045371446635272861e+01
3.141983085736467274e+01
2.530699289719863643e+01
4.947016323483930478e+01
3.365099356953015786e+01
2.060815310211668461e+01
6.606736454491780819e+01
3.423253565726355419e+01
6.318833498855548925e+01
2.470860210350103969e+01
3.717086852195359370e+01
1.948318787097036164e+01
5.084685183923007656e+01
5.064891181998883951e+01
1.832229314179041424e+01
3.560988486921577589e+01
-3.641087563001159655e+00
3.817589400869063354e+01
1.623869170035039389e+01
1.639222817026872647e+01
4.848616875221934919e+01
1.461661350010843030e+01
5.241761554952152125e+01
3.450896294720227075e+01
2.324564707599526159e+01
1.424142968152990463e+01
5.033978341888163044e+01
1.499577814711651591e+01
2.125748845048084590e+01
2.449423606213228055e+01
3.228383841800022935e+01
3.447754379370867639e+01
-2.970879814860919765e+01
1.991350261430854474e+01
1.356408510418389568e+01
-3.564777188881405046e+00
-1.943328409489788910e+01
2.629114835101122871e+00
2.206451964493436790e+01
1.921901661581605936e+01
1.367848495303765732e+00
2.386286278333250976e+01
-7.993692810740645527e+00
2.947048168139511404e+01
-1.549323919558118989e+00
1.779491035702043433e+01
4.270337549524044363e+01
3.473170719868803324e+00
2.360118785356087656e+01
4.052038458088885875e+01
1.795975166984005256e+01
1.777184612849071144e+01
3.708544787750692961e+00
3.286991538669817858e-01
5.792637481922612963e+00
1.305609983674107788e+01
2.086943426138285762e+00
5.501466499236015295e+01
-7.292427294260567905e+00
1.438251683202688902e+01
1.057750863737757996e+01
1.110025505182998629e+01
1.676485767468427568e+01
3.050147120573877046e+01
3.043008117621261377e+01
3.855883476507572905e+00
-2.490844375562791413e+01
-1.068995699952385303e+00
1.718386332175706244e+01
2.529978911971499400e+01
-1.230909621867012937e+01
1.066513561656145548e+01
4.979702149350459628e+00
-4.176612365336382737e+01
1.396959001810082590e+01
-2.567065655075775865e+01
1.536480615160992969e+01
7.773864111499428020e+00
3.740319277223209582e+01
-1.391793566296137108e+01
2.528011757848098640e+01
1.257937923787431167e+01
-2.005945153410549153e+01
1.652852064662963727e+01
1.002328869713774040e+01
1.014761838357021873e+01
2.805268159145303741e+01
1.412127084288659518e+01
8.807638613760747859e+00
4.881273720650709436e+01
3.320953718135624566e+00
3.158368036858176353e+01
6.405165385862026994e+00
4.152082942134778420e+01
3.890542018367845856e+01
9.179206688594179653e+00
1.211142531907533071e+00
3.800926392546079313e+01
-1.424069878860688299e+01
1.786009554747166561e+01
2.420444492727852648e+01
3.150043904803020656e+00
3.863133697672306965e+01
3.162792894219186124e+01
-3.409533697499010252e+00
1.126626680746203135e+01
3.227045338598671265e+01
6.722116628291220586e+00
8.006104005568097648e+00
2.326934424361076381e+01
3.642203674379467060e+01
8.224989374732846414e+00
6.979416557733629567e+00
-7.388912957698255290e+00
1.576046356058879461e+01
-6.229944999356249014e+00
-2.806584503364664585e+01
2.347101218947829082e+01
3.929642918305543020e+01
-7.755432877125840285e+00
3.752546340212115439e+01
3.350175943324826022e+01
1.302751473773169089e+01
2.006767512778602836e+01
9.285154780306472233e+00
5.729749102419190443e+00
8.088145072525797730e+00
-2.972894198233566598e+00
1.965731793813475647e+01
1.834596202038470381e+01
4.589672590446263456e+01
-1.735970774342296608e+01
4.073638184436336296e+00
2.919796956342263172e+01
1.717202598762519372e+01
-5.089189522446936342e-01
3.751581185245775174e+01
2.044256096309830539e+01
1.717060486245750539e+01
5.170784206507874181e+00
3.261038682853290283e+01
2.445205742717379493e+01
-1.415958176597989571e+01
4.927760343878865967e+00
2.040003510225167815e+01
2.257736317617568389e+01
5.934716878804022855e+01
2.571818852704539893e+01
2.995369071559611385e+01
3.657290947364400324e+01
-5.700572362705762508e+00
7.259116245018027769e+00
1.954839330782992235e+01
3.012212857008204736e+01
2.281571207781078314e+01
1.380563166741059611e+01
1.966281252656103717e+01
1.658229363283982138e+01
2.988818494727043884e+01
8.079826090314806919e+00
3.535658378316923756e+00
-1.141286473961692138e+01
2.979883655851309143e+01
5.377129536877308880e+01
3.897646362642628759e+01
3.695866043910606891e+01
3.073896625833464569e+00
1.599097169363612636e+01
2.414248948304127040e+01
5.439715312344464593e+00
2.582128164059060182e+01
2.939094684111077882e+01
2.837628171882113293e+01
-3.586872298467744358e+00
2.628554716880485742e+01
2.967145340108893237e+01
6.512818763509450548e+00
7.842262748990861176e+00
-3.613362768572306205e+00
3.098554913040500480e+01
3.829718052592115640e+01
1.257279776913032521e+01
1.636413421785328026e+01
4.234447529522623910e+01
1.067232462010557548e+01
1.576108862482636042e+01
-1.116963534568416527e+01
1.499894551387728114e+01
1.041318443089874890e+01
-5.556627403849441649e+00
3.133825388570283010e+01
8.669984075185860561e+00
8.027872606128537925e+00
-1.850161106057857552e+01
1.577006583177747068e+01
5.601975593690326605e+00
3.583706462539909410e+01
2.558069337584277037e+01
3.808870315998057521e+01
3.088209692840240450e+01
5.016175186258841734e+01
6.972636626171403229e+00
5.085149396488466778e+01
2.800895694921491241e+01
-8.747608685725070998e+00
9.881201537470291285e+00
3.326186315609449196e+01
3.005724206626403472e+01
2.301542105988405851e+01
2.522921321549133111e+01
2.585849531188234707e+01
1.983136318705352608e+01
1.189494826222114554e+01
2.845876354557703181e+01
3.348362430918113830e+01
1.388500635904695635e+01
1.759662067301774968e+01
1.617977687947309917e+01
3.285765541806438961e+01
9.238577772302440039e+00
7.749075002185479377e+01
2.826768969713673840e+01
2.972744879747831348e+01
7.335881824371097260e+00
2.283956316676740528e+01
-2.904316098305650407e+00
-7.903662855402401100e+00
1.999114284127646712e+01
1.811881516720396590e+01
1.900769361347152753e+01
-6.469396520427750374e+00
2.140671749845873961e+01
1.688309827843147559e+01
2.179132056259668104e+01
2.608076285925018212e+01
7.847279465507816631e+00
-2.479128491629484787e-01
2.775436218253801357e+01
1.702780356776354154e+01
1.439541611057987680e+01
2.081216675781350389e+01
2.187933254504195091e+01
-6.454171811937708947e-01
1.776818913218276563e+01
1.744248878363155697e+01
6.828745780361247242e+00
3.002229580520591412e+01
2.698280250358392607e+01
5.667090198759984432e+00
-1.610549215420871505e+01
2.181440034098087466e+01
1.816327054553324771e+01
6.652765147878954899e+00
-8.857909753626374894e+00
1.555636399075716803e+01
1.592511810654731974e+01
-6.859869549108473130e+00
1.505992330877236185e+01
3.383531467355673783e+01
1.364905557733669639e+01
1.737114916466065040e+01
3.421881800144247876e+01
1.985384186390059114e+01
5.765874120993720320e-01
2.521851549076925991e+01
1.962221404666191304e+01
3.570536475378108321e+01
2.252495947697276080e+01
3.218447335078325011e+01
7.435179472503874898e+00
-3.177980478203263459e+00
1.405546557948029474e+01
4.516586668797040005e+01
2.135440475629355461e+01
2.300576785546889624e+01
1.543531566235453134e+01
2.522985847553221106e+01
1.493962377033646227e+01
1.905316261431982383e+01
-2.063112491905083612e+00
5.659981806459859932e+00
1.322713388004764745e+01
4.037876344609602342e+01
2.607207429653329456e+01
3.840147344990958089e+01
1.226090946806647208e+00
2.909294150529221668e+01
3.028838240396928949e+00
2.164616604500603003e+01
1.409414245340196103e+01
5.737108482937359533e+00
2.759074115420600393e+01
5.366355991124267177e+01
2.380064241846360673e+01
8.249578413443323655e+00
2.941363775971333183e+01
1.862519135464111741e+01
1.815500299344009250e+01
3.259490695953680017e+01
-2.362826815217471121e-01
3.390179185416827323e+01
3.187048916948436528e+01
5.630126736583479508e-01
9.548505573582371397e+00
-8.214336051885760881e+00
8.306281345642217984e-01
1.763323902628422957e+01
2.037204275994320213e+01
2.678485041544938383e+01
1.438321330945817422e+01
1.153805473366623069e+01
-3.594153686163561456e+00
1.059429993255137070e+01
2.058823519092499765e+01
1.399536676522207479e+01
2.231494788157801423e+01
1.022169953884119487e+01
4.483771646537024225e+01
1.628115633460679490e+01
3.602775618191837737e+01
-2.878043562258003263e+01
1.247718137612355704e+01
2.558360172745171823e+01
1.616683327123681835e+01
2.774672175533579122e+01
1.486891053028229592e+01
1.790661797143747336e+01
1.765734698136497371e+01
1.893818721741457978e+01
1.916912634879775723e+01
8.485834152246157558e+00
-1.460931274921092982e+00
2.907548991932873861e+01
2.316464671322426838e+01
3.091798930636797849e+01
1.265102671495214182e+01
3.270599931443116759e+01
1.658607029130834221e+01
1.800873116174627242e+01
2.191047777471201030e+01
2.494752799368658458e+01
2.767459936570000778e+01
2.173663211082379476e+01
2.380820139615921960e+01
7.231711532434932366e+00
1.958126746965389131e+01
1.087965604036103251e+01
1.035833828203896800e+01
3.918940639842741547e+01
3.023645063062133787e+01
2.615507127334509718e+01
7.302160164664958764e+00
2.852315679987847474e+01
5.394745832521528506e+00
3.904102672301437149e+00
2.011693422314838386e+01
4.405251341376316532e+01
2.933060255137632311e+01
1.927951248709420895e+01
1.762961738107896892e+01
3.461302669720143399e+01
3.708681111235819117e+01
5.447782076707748722e+00
1.150045923121349745e+01
9.924377217669009710e+00
1.798665080816626372e+01
1.156687350490468091e+01
3.887832656736905079e+01
4.069871898284930012e+01
2.790205541895758756e+01
2.412776584147831027e+00
9.593597668998176786e+00
4.770801702458390281e+01
1.179582656476170932e+01
1.453482574931680205e+01
-6.047207424822954813e+00
2.858483317694795645e+01
1.651269550557160315e+01
1.528611239299718250e+01
2.155817949001002276e+01
1.243041185269594706e+01
3.675903522151043745e+01
2.300116746665381839e+01
3.392200411570525631e+01
-6.895914009397023925e+00
2.606650992135279665e+01
3.021628452360533501e+01
1.948174631674303825e+01
2.001945521628681490e+01
1.300357827987151538e+01
8.738368079618995310e+00
1.539287203856200037e+01
9.126204855169852692e+00
1.072373743215654862e+01
-4.446129149903028654e-01
2.244366109572931478e+01
2.156560876137810112e+01
1.531918447088444424e+01
9.628934786356907694e+00
2.768486156152347277e+01
-1.447229554083831582e+00
1.976685511164492226e+01
2.419426241612515938e+01
2.513844962777237058e+01
8.983578094708310147e+00
1.073959972433612720e+01
4.571662038895811797e+00
2.281870325450582726e+01
1.763792959369312641e+01
3.158561087175259985e+01
-5.539550942527422528e-01
8.603701415508844264e+00
1.874486152571966002e+01
1.322203771889346413e+01
1.490214672701714349e+01
1.294087461501146663e+01
1.773051987089409209e+01
3.149885763705544406e+01
2.005202583017004869e+01
1.063894428777049228e+01
1.361639171220837419e+01
1.508877385029206231e+01
2.659736056278235239e+01
3.188375624574512202e+01
1.384842396568155110e+01
1.704549836428123655e+01
2.357676116480465112e+01
2.271633295202031277e+01
3.552050381470996143e+01
2.829306743197231810e+01
1.340526804765091917e+01
1.173163751500342400e+01
1.165172748131517189e+01
2.283099141387531361e+01
3.348449439274102701e+01
8.712722484922055699e+00
1.242566408418806922e+01
2.110278634152322752e+01
1.475538925880036700e+01
3.745522274211889879e+01
8.089886522699531568e+00
1.543020326469493142e+01
2.056484132387556940e+01
2.958327905814649128e+01
-6.801563787432556296e+00
4.029365585543983030e+01
1.957406931316616649e+01
4.780404948933141185e+01
8.144917737218549947e-01
1.045663550245734363e+01
9.074181489685267721e+00
2.814920568536116718e+01
1.583368834697544969e+01
2.232464167398664756e+01
7.134033319927998162e-01
1.270852165477469597e+01
2.257230224414366404e+01
3.257055405273606707e-01
1.478853661476030013e+01
1.865525996700127109e+01
5.845436376554527413e+00
2.916051227396930567e+00
9.665267536114857450e+00
3.586515645823654097e+01
9.411196770963806912e+00
2.254600716599830790e+01
2.038268674389052748e+01
3.152793236463352411e+00
1.948451838477705778e+01
2.589058282546061296e+00
3.457244825881407024e+01
2.170511852369075001e+01
2.285730362167297258e+01
2.165649546824471017e+01
9.834949543538645145e+00
1.238150308919983367e+01
2.189499105824901903e+01
2.893380479374061309e+01
9.351188101984226009e+00
2.232057300640227382e+01
3.305984217641552192e+01
1.453016029254451702e+01
7.155242105774236805e+00
-1.695740779317979730e+00
1.873165278621374386e+00
4.412014261894737643e+01
-6.857402251031283313e+00
2.952163297265585129e+01
1.641878928649153480e+01
1.783159829180669576e+01
2.144861207361953248e+01
8.490317513549445749e+00
6.933325306033408353e+00
3.120352881579291093e+01
3.397636862181357742e+01
6.225441994413367652e+00
2.362864619660665255e+01
4.560705140978644323e+00
2.711539963750490045e+01
2.095556182795293765e+01
3.628125194525502639e+00
1.769464556334558125e+01
7.662273271340729330e+00
2.120909974414589172e+01
2.325501804479966239e+00
2.433785350747242759e+01
3.378970650140312415e+01
1.789275823200727444e+01
1.613654639420794368e+01
3.996431487905368130e+01
1.951662468507918646e+01
1.653885247793013491e+01
7.727385714154737961e+00
1.671815306103703946e+01
2.868853026327624889e+01
1.881000760910237091e+01
1.749198627984254273e+01
2.569441893532110655e+01
7.010617223840748480e+00
1.815706910560755816e+01
2.613711028215978516e+01
1.242685112927186353e+01
2.489394707007548391e+01
2.701598747076633700e+01
9.507256561766496361e+00
2.385393546541073206e+01
2.297037377209720077e+01
2.114469692796777522e+01
1.882991025180472988e+01
1.237769041257785396e+01
1.516056787991937327e+01
3.465655294788908947e+01
2.165463337609681460e+01
2.150785360300422866e+01
1.417312489513938267e+01
1.226103957134564837e+01
4.060111772511687889e+01
2.306525608450677467e+01
1.791789587071870216e+01
3.379518629493595938e+01
2.501668813321713714e+01
1.273789520334491066e+01
3.775130154975082064e+01
3.390100294505050016e+01
1.398806871538072727e+01
2.860598237589056936e+01
2.148106495750377221e+01
2.856377072324082178e+01
2.204404301724034454e+01
1.101751794195268808e+01
1.338686517274854104e+01
2.890951952078137666e+01
1.421701794693319876e+01
2.559472543103330366e+01
3.165589245594959067e+01
1.931748808900162828e+01
2.204915521026065051e+01
3.429417571357030425e+01
2.741879129638478929e+01
3.529055219461071147e+01
1.689942861104067617e+01
5.736428701972228339e+01
2.603385887207888771e+01
3.838651881284780387e+01
5.668691767236511225e+01
1.664042104965343327e+01
1.927768408479954232e+01
2.449069865656281308e+01
1.715401973329673879e+01
8.394438847001811865e+00
5.836700990127386746e+00
1.864532183028755341e+01
3.702214755344741803e+01
4.206690172660955085e+01
1.450308958005406623e+01
6.837828923126221703e+00
1.766829601747565448e+01
1.548776025093784803e+01
2.212389120925642771e+01
7.884560165288795552e+00
2.358687444215025764e+01
1.343198707058917662e+01
1.317030688597809807e+01
1.614439900755744972e+01
1.619202227329826016e+01
9.672054997587636649e+00
1.884509885818581765e+01
2.443884276549879786e+01
2.503874098373889723e+01
1.390872693050327946e+01
1.355948706782378110e+01
2.993108622483648062e+01
2.390563810229739516e+01
-2.271717128251905304e+00
2.316634846779288637e+01
1.119864939504511980e+01
1.632551735276626204e+01
2.266125652435353999e+01
4.031715421584065240e+01
2.702196012467058850e+01
3.902154599425582404e+01
2.357976233157781820e+01
2.587203009592319347e+01
2.754507813049609055e+01
1.636659220449108787e+01
7.136688047660290302e+00
2.542749079527443357e+01
2.201732092910032534e+01
2.043625170494577503e+01
2.017676327313036566e+01
3.410214029648387424e+01
1.536570380895692622e+01
4.293810617076833580e+01
3.095043281510909239e+01
3.631173660745159992e+01
2.393560410685172712e+01
2.637040546513029682e+01
3.483760471728793107e+01
3.156630390676746956e+01
3.491194246269557055e+01
3.147582525169501722e+01
4.287239592662815113e+01
1.797284267228428334e+01
8.369419019868738374e+00
2.802032485720202359e+01
3.269901414090283254e+01
1.073669323681560428e+01
3.185082784309746984e+01
2.614608518290136274e+01
2.824471197503558884e+01
2.326198913244492061e+01
3.255302463468057539e+01
3.414396858294009007e+01
1.892748238040191211e+01
8.994401185397942200e+00
3.825652521033714493e+01
1.607019054719859952e+01
1.870194033445563786e+00
3.773708322985229557e+01
3.420463581701752354e+00
3.998030103123399925e+01
3.599741282656657404e+01
2.126228423888785457e+01
2.725730191715269513e+01
2.705993374191331213e+01
3.319566498564689994e+01
2.077733989928857028e+01
4.401379022296442400e+01
1.363582460338354352e+01
2.944252145311310187e+01
2.339988926551639992e+01
2.871743047403828442e+01
1.642641646137202116e+01
1.600395604791279069e+01
3.016657959753583995e+01
7.136198755608565314e+00
4.402495725533179893e+01
3.070865983727504656e+01
1.290649896015892750e+01
3.018476237857382216e+01
3.157737128345078759e+01
3.188624479712043680e+01
3.097186310704163859e+01
2.676506714158389855e+01
1.399526588469999311e+01
3.867116866122508156e+01
3.488502516208837534e+01
2.525039214712812452e+01
2.882298563205898745e+01
2.825099700467246322e+01
3.060304652138889736e+01
1.132929472119372605e+01
1.818853511547148472e+01
3.122687493529092251e+01
1.249383676639752316e+01
3.024292879339801488e+01
8.408587105251534410e+00
1.369414771489115701e+01
3.788759831699635328e+01
2.170299387189681184e+01
1.216555425668992285e+01
1.845041579382551333e+01
1.744028555863462060e+01
9.963885112477159467e+00
1.622392873811390501e+01
5.656293892148060110e+00
2.820638601146652391e+01
2.356669720803963486e+01
2.416961570243303825e+01
3.714954626768838608e+01
2.427999783614266249e+01
1.833214065158405148e+01
2.778135899379343243e+01
2.694672162787200165e+01
4.149714865388619955e+01
3.197044527856580132e+01
3.034945409233147373e+01
8.195457263666437342e+00
3.080723738832060121e+01
2.835031969849355349e+01
3.193444662151472002e+01
1.741631754884604533e+01
3.049515102930995170e+01
1.432697567174473718e+01
2.642427632010124583e+01
2.975641530118490152e+01
4.871344529246421473e+00
2.668090612462508560e+01
1.464451365858935716e+01
8.716383894116034980e+00
3.647124340591761182e+01
1.270518561477017450e+01
1.824680569877154568e+01
1.204116044722533729e+01
2.810675159373987242e+01
2.393544963762398936e+01
1.964172049735740089e+01
1.569014532833361741e+01
3.595686679971512945e+01
1.146640426398244372e+01
3.115186266471031473e+01
3.211138632686986227e+01
2.538827135382872413e+01
3.554680111798049325e+01
3.141232987401235022e+01
1.654672574121126871e+01
1.588537442523855781e+01
3.378074974737953795e+01
2.357457772269685492e+01
4.018366637332029967e+01
2.545886740418300320e+01
1.992119777547347326e+01
1.153368492716568561e+01
3.402633213868870854e+01
3.396735144366639503e+01
2.131803288883131131e+01
2.695921655414402807e+01
1.912211846451015518e+01
2.272907903570812138e+01
2.755129046012791250e+01
1.875842371283621546e+01
3.223265040369431489e+01
3.331039208492546067e+01
3.813253083191729331e+01
1.684274454211098160e+01
1.638604685724745735e+01
2.351959870816659048e+01
2.651444493883216325e+01
3.124256383031460516e+01
-2.008378362557593722e+00
4.020482318505817432e+01
2.731670162136106583e+01
2.037750882125945040e+01
2.337090588513238032e+01
2.440566409156900107e+01
1.692615089844093745e+01
2.442308566072616571e+01
2.416027417873931427e+01
7.091766465870878555e+00
1.539878445959283582e+01
1.651552110776602333e+01
2.176483268197604914e+01
2.373381821344181120e+01
2.782318997286173001e+01
2.994551322910717062e+01
1.533496047048725330e+01
1.172280604671590964e+01
2.112094492827216285e+01
8.101877993618245455e+00
2.974736056468816514e+01
3.099576117140479781e+01
1.933911682497089046e+01
3.012282884236201141e+01
2.697567852680439060e+01
2.240006592677521624e+01
1.933039669809886618e+01
3.926799848306026774e+01
4.057985426823378106e+01
2.211137227701266283e+01
2.622548789966289817e+01
2.666873813038549912e+01
2.047614070315891510e+01
1.693909889495956023e+01
2.857018347889135867e+01
6.579918539058457583e+00
2.165353171438101754e+01
2.336439227543654695e+01
3.221003442230065872e+01
1.546409843481762003e+01
1.596226383678743055e+01
1.919719230292003687e+01
1.569596406663016097e+01
1.569402285021223875e+01
3.328378646963465570e+01
1.873191742604943144e+01
2.530297868756202107e+01
2.636473998920547501e+01
9.019778363716421055e+00
3.673107661198044127e+01
3.415414905976183491e+01
2.099916715613581530e+01
1.749298681471271166e+01
4.235938004879766794e+01
3.010339972509024875e+01
4.102791022316905867e+01
3.090834508307624517e+01
1.953145428140404150e+01
2.327325095085222273e+01
1.693325196525671927e+01
3.179575253570354931e+01
3.103951606463635571e+01
2.274756976040681522e+01
1.755939143819353276e+01
1.503750697587923213e+01
2.314692680697300275e+01
8.451165272136936579e+00
2.159463559336625949e+01
1.453096215143368752e+01
2.234447179477326273e+01
3.770984712911362635e+01
6.269739216887705524e+00
3.253969697184676590e+01
1.925873961133568102e+01
2.477101039479092393e+01
3.964965108447847086e+01
2.418509237768711628e+01
3.249403179926252161e+00
4.037043600338192206e+00
3.278213014311562290e+01
2.516416809623386186e+01
2.875764474135607074e+01
2.738067394499205065e+01
9.533470104329511585e+00
3.413433767794232665e+01
2.957338394855433705e+01
2.968985665329856971e+01
1.692713208277115555e+01
2.913799939354823820e+01
2.624906141081527267e+01
2.301166747730166406e+01
3.669870035787413087e+01
4.339973877063196284e+01
2.382208884378371749e+01
4.215473161333546415e+01
1.495027525652273148e+01
2.185782311982975656e+01
1.924363816642840774e+01
1.647781730780771170e+01
3.324619686984522104e+01
3.191258548913696558e+01
2.447057314745339340e+01
1.825729217183540598e+01
1.211926356327948007e+01
2.776216657905227692e+01
3.413375069525317684e+01
1.716699370150302428e+01
1.730426104899553508e+01
2.710509073247571266e+01
1.779893428860536275e+01
2.725401057864668530e+01
3.554912524055150413e+01
1.575028551937107402e+01
2.303201595919095723e+01
3.774252606361149276e+01
2.834817598839995867e+01
2.391075630519309314e+01
3.358016884422552550e+01
2.762765978392863175e+01
2.218104771173493361e+01
2.838134883784174534e+01
2.042765830549669559e+01
2.409724519459267711e+01
3.910968685104758436e+01
1.944774027492462665e+01
1.696626239814163739e+01
1.840886318658056808e+01
2.355371488815583447e+01
2.703139528682192250e+01
2.226472117431682207e+01
3.289894044824944075e+01
2.224521948981517028e+01
2.947676932306414344e+01
2.721699822445791384e+01
2.339775223326572018e+01
4.348203062505648120e+01
2.211266947510200609e+01
4.163845296515891192e+01
2.559430768049688965e+01
3.647087301587921360e+01
2.678373982557531363e+01
1.712443542122248985e+01
1.972206799229417484e+01
3.749237607253533611e+01
1.465944138957022957e+01
3.565998482751383136e+01
2.133055144576714568e+01
3.115171383931911109e+01
1.706949515254633809e+01
2.768873356855986145e+01
1.350990570778847122e+01
1.002689418207271821e+01
3.031138426514932149e+01
2.177474105900823531e+01
1.115832523491577177e+01
1.639496862371706598e+01
2.981508226418225149e+01
2.179917615826564159e+01
2.056032177749343148e+01
2.977850565348876088e+01
3.224784709082171474e+01
1.565513224051355046e+01
1.802035330206202346e+01
4.089820031916294596e+01
2.743817234212103529e+01
7.706507313308947005e+00
9.299790474786947314e+00
4.038958236317955652e+01
2.036913235037084746e+01
2.790543988177048718e+01
2.090537574707381552e+01
1.701159051733676009e+01
1.067787371732235258e+01
2.288716849764395889e+01
2.470420864966862595e+01
3.780043131158441838e+01
1.979828301443448169e+01
3.619827801556968438e+01
2.184207079851579536e+01
3.203793788477700843e+01
1.954480184885557037e+01
4.218632693030075842e+01
1.700145737820472291e+01
1.892645819277556996e+01
1.988175324563151136e+01
2.857815928131677907e+01
5.745509319819791472e+01
3.145656200224611609e+01
1.470402139298203004e+01
2.360187044186695715e+01
1.743410464509223345e+01
1.266981348644141292e+01
1.533919957547789181e+01
2.522344954155339281e+01
2.708978358306024958e+01
2.140460576679229376e+01
1.466208349961799939e+01
2.682132582126817510e+01
3.231490950532677431e+01
3.881380697677657565e+01
2.599625565209200673e+01
3.130076875387659996e+01
4.751907915521724846e+01
2.228128867096880583e+01
4.491353558659480427e+01
3.166705295315727042e+01
3.361852224825111790e+01
3.003642984500568502e+01
2.394422155213255721e+01
2.010732127287904092e+01
3.145437474936194278e+01
3.583804615378345204e+01
4.445380927047219899e+01
2.705432718314068552e+01
3.324766199067463646e+01
3.646259426379089774e+01
2.417977868132457431e+01
1.942934323288676524e+01
2.080283537147340667e+01
2.661862348251876043e+01
1.116012187814027534e+01
3.466998369665852664e+01
3.195373761095006415e+01
3.342409785729179106e+01
2.897464902122594665e+01
1.628063602314086467e+01
2.915171230482311771e+01
3.301221243343221801e+01
3.330982355135819262e+01
4.288266206710770234e+01
2.064409717831895108e+01
2.286420157051761137e+01
1.685409714952401572e+01
2.135315579157906285e+01
3.793935971149345932e+01
2.433411501265794641e+01
2.174892377381573993e+01
2.949981571183406714e+01
2.169771160779774632e+01
3.894674222973490174e+01
2.035935304141060342e+01
3.908711969635157146e+01
2.200761169033468434e+01
3.609743607424396572e+01
2.558724253113108560e+01
4.025755032644870823e+01
3.631600556956777837e+01
8.397699128507342792e+00
3.404253532188184295e+01
4.272768289710038658e+01
2.382843552950912880e+01
2.919399799591374389e+01
3.613558964815096886e+01
3.068188705191714405e+01
3.897205231740888109e+01
2.754989092088807112e+01
2.407187654042079217e+01
1.845063716930139819e+01
2.389349832175865629e+01
2.605984817166573464e+01
3.157434742301382613e+01
2.822008723163913402e+01
2.012775461035127833e+01
3.200806941657034344e+01
3.316637214350505047e+01
7.249080694135049185e+00
3.562956006158060518e+01
3.908111367093665933e+01
3.521014946749975394e+01
1.972729363176122774e+01
2.076330086541026532e+01
1.106860280701572563e+01
1.591551631110032439e+01
1.566401487257460978e+01
1.213419098336680868e+01
2.034624197177000937e+01
3.535322719416736703e+01
2.712931475689802241e+01
1.260705859977174192e+01
1.266506685280554478e+01
2.322343636137136258e+01
3.721754992286245312e+01
1.103341842993881805e+01
3.675307269125784160e+01
3.952369081447919541e+01
3.076345951971817527e+01
3.097682405705496578e+01
3.216902551542629851e+01
3.406889273615956171e+01
4.909176192063097943e+01
3.503812792740536253e+01
2.000763035388754219e+01
3.267628801413014372e+01
1.837703011186895452e+01
2.127690739852499746e+01
8.020990459260325167e+00
1.923122854735997578e+01
2.811256418959257530e+01
3.449782065863902858e+01
4.157022453126122485e+01
5.929379194935123110e+00
1.593256863443518156e+01
1.405575214804134632e+01
2.901499871934055363e+01
3.665639213856176326e+01
8.623040671688670500e+00
2.635047967048064876e+01
1.989409161412885396e+01
2.492383643364251711e+01
2.696059514463956219e+01
8.974875020198274100e+00
2.770993425476387984e+01
2.103437805055045118e+01
3.950887421772918628e+01
1.898971273693910788e+01
3.323603610874567948e+01
2.577880831302197251e+01
1.563930329224542959e+01
3.437312708441686482e+01
1.804975582868936712e+01
2.193585700101127145e+01
2.462963678482802621e+01
4.044120822427995421e+01
2.189621200811793500e+01
3.608469901336800945e+01
2.299587639539928929e+01
2.833376802544964690e+01
2.427423397017131990e+01
1.872906243922510328e+01
1.736788413089609406e+01
3.292304150650949879e+01
2.424911289981553608e+01
2.881676121413390135e+01
2.219851720952305740e+01
3.753333339762834697e+01
1.580559293920387631e+01
6.350138571602489179e+00
2.736656759993130095e+01
2.840838783003586698e+01
8.709441146714020476e+00
1.875275120058031320e+01
1.965096614565384670e+01
2.091968279572511591e+01
3.765048284045948890e+01
2.886703179931911833e+01
1.502987187601577901e+01
3.625294327951187512e+01
2.846586836575885116e+01
3.084242051151468900e+01
1.770530890652988276e+01
3.798722012853676944e+01
3.018223519942506172e+01
1.749749893186575633e+01
2.445228227739623961e+01
3.804182693837045548e+01
1.392620222927592799e+01
1.732530158691612598e+01
3.506955611740723100e+01
3.072932871499640939e+01
2.696391466937768655e+01
3.126300242649336525e+01
2.967345884070588724e+01
2.958993257145049682e+01
3.284493498745646889e+01
3.525870532990720108e+01
4.121145923363179975e+01
1.835434883403094020e+01
4.199003312915584729e+01
2.050103269523242489e+01
1.183197642996879395e+01
2.453368337267379218e+01
4.507755976689046662e+01
3.441580214323602860e+01
2.741389472400723903e+01
2.906397127220753873e+01
3.222329470668763207e+01
2.870294564445592389e+00
3.732964697794906073e+01
3.521949077293547958e+01
4.738782940565291568e+01
3.279044240628835638e+01
2.055208083442414946e+01
2.174691749524335549e+01
2.065075512653500667e+01
3.453461850483402884e+01
1.737411075914355152e+01
2.746605394304012293e+01
1.723463406811720233e+01
2.089649405475411115e+01
3.434689449394865335e+01
2.226925525415332530e+01
4.398510225337720847e+00
3.652454539840128689e+01
2.945245539563257964e+01
2.901005045525606008e+01
2.737624386577672553e+01
3.070330316601331333e+01
1.899695636759514983e+01
3.616332887552056974e+01
3.108092690082569121e+01
2.500079812328326412e+01
4.400733121404112325e+01
2.889753684874322914e+01
6.127695367836975038e+01
4.334498213557012747e+01
4.634089189650089935e+01
3.631497914311032105e+01
3.834945516833028023e+01
3.860526220212388893e+01
4.194646756415959743e+01
2.859937749995351908e+01
2.861909002262605739e+01
2.560644996424061404e+01
2.998245866387396674e+01
1.661192453395605995e+01
2.749567259526984131e+01
3.704722744578658222e+01
2.253991480285032978e+01
1.737516772560976008e+01
2.448329678926348407e+01
3.448518785288985100e+01
3.954206984946510772e+01
3.170000745436481182e+01
4.402803022557437629e+01
3.410743191310658773e+01
3.427631790571581405e+01
5.943782604302584360e+01
-2.715995409430947305e+00
4.122806974552972292e+01
3.738652026605394241e+01
5.694879532474610784e+01
3.515716929098207544e+01
4.391368477536293113e+01
1.883850686550138676e+01
3.566754031126109936e+01
3.687413457935271310e+01
3.223692886774186661e+01
2.921645537350092070e+01
2.431325565065671768e+01
2.851092350257136232e+01
3.023742791272758268e+01
2.624903880274270307e+01
2.896010113854939050e+01
2.194538480466191999e+01
3.003568788185108929e+01
3.783808690188148205e+01
1.411295453244521880e+00
2.271256136280561577e+01
2.607087468026306354e+01
3.605903994918246980e+01
3.353911296462170100e+01
2.754947596120189246e+00
1.675151016379470192e+01
5.528693740642948740e+01
1.412561221761887431e+01
4.267229597902866800e+01
3.047915170390836437e+01
2.384347207545577518e+01
2.810813125276981239e+01
2.791576408475869897e+01
1.396666540601097850e+01
3.028508302921695261e+01
1.405543002420945520e+01
2.270763076135179404e+01
2.277170844964664553e+01
3.601053108593293217e+01
3.682793427861437152e+01
5.345866963683948825e+01
3.211490283419173153e+01
4.145026549358006918e+01
2.251414256510610912e+01
1.553504725187771029e+01
4.543252635086976454e+01
1.946107895107739338e+01
2.510249109721308614e+01
2.371482867031788899e+01
3.029078275036930634e+01
3.281293777111586962e+01
4.072942151738832450e+01
4.040937157693212356e+01
2.497833935460395693e+01
2.298851329107877461e+01
3.159064465531182009e+01
4.238045414814580170e+01
2.556562096692262642e+01
2.016956390025882584e+01
9.952418502484903229e+00
1.333537556599086216e+01
1.990672134025861340e+01
2.519935151491708680e+01
4.553773338697870265e+00
3.636728836172525092e+01
3.547873572593103830e+01
1.856331286233126221e+01
3.577239831136112258e+01
4.006492711021299158e+01
-5.391305268850566712e+00
4.544779304884108484e+01
1.755915400487404909e+01
4.070192231619090251e+01
2.379076624813795959e+01
3.813121830661766865e+01
4.282755691299789902e+01
3.878951592763627332e+01
1.287847026304688214e+01
1.851541709075435094e+01
2.362459087753406095e+01
5.319036145751410061e+01
1.727275719967866507e+01
2.103696403975699525e+01
1.884155686183970957e+01
1.719761205773118817e+01
1.907497661526860355e+01
3.137192368233150930e+01
4.055813284355772907e+01
3.496104225933142828e+01
2.966574474388714933e+01
2.619941096695423255e+01
1.578443822108781269e+01
2.043620712736564471e+01
7.123713756175561684e+00
2.103657676806305687e+01
1.900856264705181076e+01
3.199788174734487711e+01
1.857146281371176499e+01
2.536938903446789340e+01
3.717651469968135558e+01
2.802898054723109666e+01
2.851924736844273767e+01
2.941733724170472541e+01
2.402884684607252552e+01
3.859189205966386993e+01
3.488158854831073086e+01
3.490114097650020852e+01
3.952370931574174762e+01
4.278188669217154683e+01
1.748960355969380487e+01
2.639040806704416653e+01
2.076102304531952569e+01
2.866217071901550639e+01
3.134876716532171770e+01
2.982549449761329541e+01
2.666353320188242293e+01
2.262948858232076432e+01
2.178214362232058221e+01
3.798173391173009605e+01
2.843311246356915944e+01
3.343115188187519493e+01
4.699872990475770962e+01
1.657661017823014760e+01
4.226403944509307564e+01
1.078822931763211024e+01
2.669567012577118703e+01
2.653579303049734861e+01
2.908664911710335588e+01
3.772077163495995933e+01
3.711326081028121848e+01
2.682447549820287591e+01
3.890048450123011037e+01
3.889858120641066108e+01
3.776440217581910019e+01
4.518438124822517921e+01
4.092963736318808543e+01
9.565134164673564143e+00
3.067523219650159660e+01
4.520316008342927461e+01
5.980001557969583104e+01
6.129626861918185909e+01
7.640126275503709508e+01
1.065798008702345356e+02
1.088036970082887223e+02
9.921194475055760620e+01
7.376964588418090329e+01
2.825070048404354139e+01
3.401659701126216362e+01
2.941362645635377859e+01
1.512963974778583243e+01
2.969304390443216946e+01
2.065489052139956172e+01
4.128391504094163622e+01
2.739019564022255082e+01
3.768624047223450901e+01
4.183564019093151387e+01
3.626899585573023188e+01
4.665065223694250562e+01
5.486506907313741266e+01
4.119367413501380781e+01
4.205511715857561228e+01
5.721670980647662930e+01
4.685256963974277511e+01
3.700080368652441720e+00
2.592410276545474090e+01
4.069147289566855008e+00
5.287839078513171920e+00
2.612748917480421440e+01
3.087437826542152308e+01
2.443971510631783772e+01
2.181484590217302610e+01
4.223429505242449977e+01
4.607372903246275797e+01
3.903251757930239307e+01
2.645238827638335621e+01
3.803905048777167508e+01
2.685100718375304396e+01
2.283111463509861849e+01
1.818904941311215140e+01
2.054152711571614276e+01
3.513929864604047992e+01
3.356701203781470610e+01
1.948488377060555266e+01
2.708480190069715121e+01
4.754336007800898045e+01
2.742866252799832338e+01
2.288644828403615250e+01
2.206443724276121898e+01
3.600592248889221736e+01
2.575969633102780776e+01
2.513318663551822141e+01
3.239025071470893380e+01
2.852349899612475070e+01
1.876230629983575326e+01
3.024016734391589267e+01
4.208592798587806527e+01
4.605787015179669908e+01
1.899721263963368401e+01
6.223498881993062071e+01
1.966177266673139812e+01
5.290769439006133723e+01
5.131042284081544835e+01
3.899284254723312415e+01
5.700481368407290006e+01
1.405640463426231968e+01
2.912534344427706401e+01
4.350821609721695182e+01
2.868576406526008782e+01
4.463138472285708502e+01
3.734232103035493822e+01
5.884260465342209301e+01
4.359460176657532315e+01
1.356139659081645199e+01
3.139906690169598846e+01
7.021192149707215435e+01
7.391458655172417025e+01
5.359622697867851393e+00
3.777441434516254759e+01
4.132843080622632925e+01
1.569423555901768630e+01
2.002138071048466372e+01
1.946941301271003510e+01
3.404304357258987324e+01
2.364196045590155748e+01
1.468156531506679663e+01
3.280024919366805847e+01
3.757771839363598332e+01
5.210509794016822127e+00
-2.043703305752483601e+00
2.849443789115754200e+01
3.768138771324258585e+01
1.074121475635623035e+01
3.617792905532361658e+01
2.673569577857438873e+01
2.914045474025965277e+01
3.461045433444698460e+01
2.187592354432292652e+01
2.389253708367041895e+01
2.093194576206964896e+01
1.945522907405999291e+01
2.520748583848973468e+01
3.310145395668216395e+01
4.106380353559750773e+01
4.474926657751128545e+01
6.403855692975461977e+01
6.144174847555027696e+01
4.758176072481720809e+01
4.247457488877633125e+01
2.676167696942700758e+01
8.522049646255883459e+00
4.044372455589584803e+01
3.052250779895210187e+01
3.435025112371234712e+01
4.448303492197972986e+01
5.063609632875349575e+01
4.155351050904653931e+01
5.196436465379611747e+01
3.296293118542362066e+01
3.044230693435007851e+01
1.901585324167363922e+01
2.680894205155863474e+01
2.182634194654056969e+01
3.016228268987380901e+01
2.328748407543607613e+01
2.374371560942345383e+01
2.187611506281466944e+01
1.074507228646703538e+01
2.815226173222862016e+01
2.561834365681581005e+01
2.560384943725353324e+01
2.669967345474631415e+01
4.400967396448327662e+01
3.299746465857476352e+01
5.793576314283772888e+01
5.003596335365453029e+01
2.609260501185371695e+01
8.828899691290500229e+00
1.656105376603567692e+01
4.226321777779009636e+01
1.161249582528673052e+01
5.240562796260425671e+01
3.306841264182432383e+01
2.881839581919750159e+01
2.682913729807319569e+01
1.761120601079647585e+01
2.709110211876599550e+01
3.107674656214985731e+01
3.583384509216646308e+01
2.793670895027611323e+01
3.075252634391257445e+01
3.104886157259000967e+01
2.784422305677708920e+01
5.518432484278787342e+01
4.416718840794440126e+01
4.213080564794397986e+01
1.921097751168961310e+01
3.154297039683497772e+01
5.037646206778386926e+01
4.009545835034178651e+01
4.167368667931007309e+01
1.062503356129649035e+01
1.781873168959663545e+01
3.357679024191922679e+01
3.009996592407019378e+01
5.461592874731407932e+01
5.514147204726552332e+01
5.493928469415428850e+01
4.623329868106948481e+01
4.465047620136298434e+01
4.273553124399001746e+01
3.136396915064423396e+01
3.523309316294382398e+01
2.748249071997848958e+01
3.323458009279198677e+01
3.544500713063870023e+01
3.056221837038645006e+01
1.065041412847645397e+01
3.122796437587287244e+01
4.316306682031209618e+01
3.830223743883725263e+01
2.822482794745334189e+01
1.990143704934654778e+01
1.251536679105528727e+01
1.674362210499007020e+01
3.335233458861625877e+01
3.839089357919954182e+01
2.737386169585100149e+01
2.731436732927287281e+01
4.186716468489522214e+01
2.497715038968297563e+01
4.894159583717406292e+01
2.673151065950971983e+01
4.639873755219982598e+01
4.847617784896049642e+01
2.281614870447442911e+01
6.997475198599515167e+00
1.810740421262354971e+01
1.004448098630580688e+01
2.570172930601098571e+01
3.280300319910099205e+01
3.924242737287838878e+01
2.170283953671858157e+01
3.180996619551768489e+01
3.809382834286785169e+01
2.724989030401743406e+01
1.750409591249557195e+01
3.070797786660311601e+01
3.250699322287913873e+01
2.962968608384244007e+01
2.612655604254513619e+01
3.292301294137948986e+01
4.686774518266450684e+01
3.286867658505399703e+01
4.615450497182442291e+01
2.686487534456023951e+01
2.188763564582906795e+01
2.043121217235076514e+01
2.376080598970338897e+01
4.388248228515150373e+01
3.207764583349534604e+01
2.766162654845562230e+01
2.144490962669740597e+01
3.600012327532845546e+01
4.483308040985139797e+01
3.103465567608690989e+01
2.711366683312561676e+01
2.795391988098225156e+01
2.980924876674737689e+01
2.165391697859454823e+01
3.768944467706391066e+01
2.951932625099142271e+01
4.020390787547533762e+01
3.851795326451737367e+01
4.714326528808590666e+01
5.027107491677813300e+01
2.136298507569716421e+01
3.770544919878806667e+01
3.944120288907087435e+00
3.074813771722707401e+01
3.732455428534294128e+01
4.780381540499545423e+01
2.658319822663378318e+01
2.409074880450048894e+01
-4.274849634503501417e-01
2.493341254453034850e+01
3.743309776713771697e+01
2.489807500671020435e+01
2.338067043746047347e+01
2.950995837720450865e+01
2.075331100348047642e+01
3.398482326495735606e+01
4.098711335257083022e+01
2.561913511426963197e+01
3.772493985306021358e+01
2.976530447502392462e+01
3.037105440964440106e+01
3.632627965355269595e+01
4.226705150349445717e+01
2.763135373678260009e+01
2.379313187526530271e+01
2.802941506568095420e+01
2.149103674056887670e+01
3.756963743987736848e+01
3.455519620270341363e+01
2.857459545313994553e+01
3.395344363696506207e+01
1.170162297397260964e+01
5.997319003602607523e+01
5.048161999357526497e+01
3.441042838762185596e+01
3.585877370586459723e+00
1.089180914796044242e+01
3.614607826655473843e+01
1.373650798518599991e+01
3.064416942671879696e+01
1.772532573051637783e+01
3.602158113636385650e+01
3.514650801991147233e+01
3.386881946544419719e+01
3.732818071702322271e+01
4.794190818164106815e+01
1.877512375939411982e+01
3.488393367149343760e+01
2.022324738873741623e+01
1.878647377359849102e+01
3.199699668216521076e+01
4.801779502986305204e+01
2.409478257551333158e+01
3.298135076688436840e+01
1.734439319442398286e+01
2.147568572974381951e+01
4.719143287871469283e+01
2.687743512608838259e+01
4.521117323628791240e+01
2.272244570590509838e+01
3.142959478519871652e+01
2.839559424386803954e+01
3.913796578288102523e+01
2.240948893106179440e+01
3.885237377482189203e+01
3.376439452989914969e+01
4.033000450540828297e+01
3.254634134423955061e+01
3.588921995449565827e+01
1.801111824087127644e+01
3.228962816787748835e+01
3.864381494415064822e+01
2.671787441779117245e+01
4.543663289062699562e+01
3.916713002600483406e+01
5.123667401225414153e+01
3.535265559361720733e+01
9.128908805295065321e+00
2.549512863687339248e+01
3.667328388117681470e+01
3.584622506540991083e+01
3.738181416443018179e+01
3.243392454111939571e+01
4.579425128586908045e+01
3.426710561124490795e+01
3.970648587301612054e+01
2.593920697275028786e+01
3.694065433435377344e+01
2.072315138608072971e+01
2.480657917061464346e+01
1.486547391726753276e+01
4.294742322477796392e+01
3.022779153218205295e+01
2.416709798743395865e+01
1.783907604710293882e+01
4.200440453122397599e+01
3.861540470759183563e+01
2.792512056048366986e+01
2.054679668096527934e+01
3.058261783540003620e+01
3.829187268843124770e+01
4.566150790866580422e+01
3.259730926515043592e+01
4.601935764257411421e+01
3.694971043212679973e+01
2.160464548794774942e+01
2.851198682005387752e+01
3.173341793839228231e+01
3.484230146448041410e+01
3.188688696866860539e+01
2.144383218751190867e+01
2.093035329736765959e+01
2.873271480375966291e+01
4.255607732949491862e+01
2.988573302543444754e+01
3.556138494685115603e+01
3.706790126092973026e+01
1.713634111006026828e+01
5.536090075085986939e+01
2.842185443786245713e+01
2.837232811118161280e+01
2.816781757711567025e+01
3.179821298408791108e+01
3.094603815190579965e+01
2.283367659707780817e+01
1.846693569458212281e+01
3.098337552429566699e+01
3.600765218990212446e+01
5.375489895927012896e+01
3.622661944725292926e+01
4.006159635267255226e+01
4.222627137330079705e+01
4.529505041499007945e+01
2.752670845873765160e+01
2.502527650381465918e+01
3.245504734346214093e+01
4.670064274368694868e+01
3.756521123330401934e+01
1.911644205716343947e+01
3.028343513619138250e+01
3.755107569781040411e+01
6.124845323441605416e+01
2.332464853407400796e+01
2.801045649306619012e+01
2.545268859970467190e+01
5.298934902664074542e+01
4.149252484343136160e+01
3.141322205016791003e+01
4.885274268260630492e+01
2.080805598357897779e+01
2.899965128849740736e+01
1.932502585389191907e+01
3.044748681638130350e+01
4.585393937528628783e+01
2.754540649990674339e+01
4.297826613746781987e+01
3.671673630697532786e+01
3.705966663447057385e+01
4.245080159440651357e+01
3.214710772095822477e+01
5.322825008254399393e+01
4.175588022546057942e+01
4.471004202254266602e+01
2.726982431144832830e+01
3.660262033591047270e+01
3.885198505085764253e+01
4.187224038535755710e+01
4.414811707382875028e+01
2.612522557365116072e+01
2.883016697102755543e+01
4.024598036251239819e+01
2.939469125285026863e+01
3.832018983011832347e+01
2.582625322357461428e+01
3.272484067358305992e+01
3.773584620508673027e+01
2.806676105642506158e+01
3.818795978992756801e+01
4.627147506136849131e+01
3.111789044530163650e+01
3.289062148627530746e+01
2.136459938816831894e+01
2.005175870942514038e+01
2.993972576374122951e+01
3.291608763795886716e+01
3.498386107001297773e+01
3.378358298046734376e+01
2.281351066210789114e+01
1.675893240169043708e+01
2.754876708463050861e+01
3.986061080059987916e+01
2.904180937518700389e+01
3.371517043496895383e+01
3.630148498764140896e+01
1.995345155943406823e+01
3.429434742460734498e+01
3.744120587474764505e+01
1.582400410580908101e+01
2.336697446215930185e+01
2.857884849122424242e+01
3.927690753073737540e+01
3.529503043348484681e+01
4.788560370238280939e+01
1.778119768938552170e+01
2.712302959491689691e+01
3.711847454344881214e+01
3.741662684256842653e+01
1.973441706764096182e+01
4.986004660010425482e+01
3.005989653292466812e+01
2.090790526037890729e+01
4.529896852254987749e+01
4.141469677236957381e+01
4.587067396119545748e+01
3.108100087926731092e+01
2.631547156158245926e+01
2.482037323733581857e+01
2.278036340828112927e+01
4.692281458507252978e+01
2.934634404844057087e+01
5.074039891547823089e+01
4.002894831964896127e+01
5.518178716943995710e+01
3.337163205469031624e+01
3.216240081969507258e+01
3.230321672700256386e+01
1.956975135754706940e+01
3.563675839264168843e+01
4.479241283858688405e+01
4.324941402965755088e+01
3.966313530342917115e+00
1.077083826030386327e+01
2.037327424459934733e+01
2.535779571790527243e+01
1.401832360512733722e+01
6.654680291805198067e+01
4.198847896083448461e+01
1.853419429168684829e+01
4.326148285156011042e+01
2.524118599760489801e+01
4.705070892931728110e+01
3.974954673113874293e+01
4.653882416607692818e+01
3.804803585903359675e+01
3.680790078339749982e+01
2.100627008042069477e+01
3.029094566869647309e+01
4.415014196478562525e+01
4.038119877264373514e+01
2.078661879164750204e+01
4.190506557779259111e+01
2.176624993538320751e+01
4.055130762714358639e+01
2.203740724787438765e+01
2.914980196469612750e+01
2.535030305149774321e+01
6.057978975113994835e+01
3.082543880711191164e+01
3.468988173815542808e+01
4.200522900968273632e+01
2.958877133732600129e+01
3.226878987582016833e+01
2.818627468633389554e+01
3.340301404882035285e+01
2.654575580348904396e+01
7.035314762151116952e+01
-7.336234691441887890e+00
1.117794000048133718e+01
-1.032599074367211678e+01
6.606314731493394099e+00
3.575320193974221183e+01
1.058273776454798742e+01
4.870435790539617926e+01
-7.726189960420774661e+00
4.439343500234031836e+01
-1.891289570175955115e+00
2.353112267890397646e+01
5.263613285760428084e+01
3.839430784618780024e+01
2.971660493641801537e+01
3.672176615693162205e+01
2.869227370698533264e+01
2.987305107172666396e+01
3.894474254335209906e+01
2.543199926302590796e+01
2.737337298714848544e+01
4.061681242500112177e+01
3.110097017079448634e+01
3.167120715808479048e+01
4.750919821052364256e+01
4.013796403508477795e+01
4.993823286371316783e+01
3.749215092737936317e+01
4.297037474458142015e+01
3.051744119954226875e+01
1.746140134302285674e+01
2.262306601080980784e+01
4.227740782113662021e+01
2.090888067624949187e+01
4.478198595963912254e+01
3.677650609450434871e+01
3.079020933360384404e+01
6.051295389704504402e+01
4.803319125223130470e+01
1.430060827159494785e+01
4.871060732500990298e+01
-4.109132017277281612e+00
5.490915294612641873e+01
2.906711119549946076e+01
1.488379419158772166e+01
5.972919826154242173e+01
2.385813127305059567e+01
5.364107003751155389e+01
4.417768598917891865e+01
3.539468042659392921e+01
3.335858110585243708e+01
3.013799218007252634e+01
2.726407560496713955e+01
3.937102681264998694e+01
2.901678684201435843e+01
4.389918605307490651e+01
2.851423484950012721e+01
8.520439722582682407e+01
5.081344110295132310e+01
4.932967613586523470e+01
-5.869765413299825596e+00
2.107771923462599872e+01
2.906765091272923129e+01
3.658613376390656668e+01
3.266792450431901074e+01
3.116543434771077514e+01
2.975955753741521903e+01
5.022911382970909955e+01
2.305407058441479151e+01
1.793800005874329528e+01
3.694470266782353463e+01
2.761969112134612203e+01
3.816812883196483597e+01
3.209976629357454669e+01
5.416196681956565584e+01
2.181548023294012140e+01
3.388618804370678106e+01
4.640795700238953003e+01
3.466253970411357699e+01
4.192924353281529193e+01
2.464973620877993810e+01
4.939104218185718764e+01
4.796874400315583387e+01
1.803033187510683533e+01
1.646384780913468049e+01
1.590708578550699137e+01
3.612226506314920726e+01
4.153052902551873871e+01
1.370587876765122992e+01
3.828738223635544102e+01
2.376199136573223925e+01
4.162426981030303352e+01
2.077985730708766710e+01
3.372887300601977500e+01
2.711553151065394474e+01
4.424527386919396577e+01
4.245922696246329053e+01
4.703892218776516643e+01
2.761394945280428814e+01
3.636619983918549082e+01
4.223211365135973239e+01
2.658644893989376712e+01
3.267677694466312488e+01
3.056205241151670293e+01
2.850601400098480553e+01
2.963406946155490118e+01
4.882346723229795771e+01
4.380668022789310356e+01
4.818629276850302290e+01
6.890165000831948383e+00
4.646852845308796987e+01
5.121919999528957845e+01
3.128124527398888688e+01
3.964183274765021991e+01
2.824329275049728949e+01
4.658743833738576967e+01
3.331350453140993295e+01
5.135739627517699546e+01
3.252073599660237591e+01
4.380534734836987809e+01
2.499665660538718370e+01
4.122116698548231994e+01
2.463610133098418231e+01
3.967671667422602866e+01
3.285185979635183884e+01
2.892474662474587888e+01
2.877724291204756213e+01
4.165075350059289860e+01
2.997090195277451485e+01
3.372988456510319111e+01
4.314719851054006483e+01
4.244298663424063278e+01
4.307051233186261641e+01
4.924386758437913159e+01
4.223663093551012082e+01
2.692601363375993273e+01
4.001997019354636365e+01
3.442141039390192248e+01
2.949037706292400784e+01
3.133560250172638817e+01
3.874642729468836677e+01
2.542527226717891509e+01
4.094558116420093796e+01
3.080050744915432048e+01
3.552974735595489619e+01
3.578556432719203428e+01
3.268584732767372003e+01
