7.057885538552705285e+00
7.688459474909126179e+00
7.463845856021579905e+00
7.544913489607002255e+00
7.069150509115123882e+00
7.187738421990125026e+00
7.399145611614575735e+00
7.003905056586123834e+00
7.230617315060792194e+00
6.861939437854546853e+00
6.847877221319793151e+00
6.815472527140722825e+00
7.000142522951276369e+00
6.904033672483686601e+00
7.055389879456340552e+00
7.079162612314696901e+00
6.847651271233390347e+00
7.063102878499467607e+00
7.023386872429613348e+00
6.938850850218768684e+00
7.012118678394162252e+00
6.897895682818380614e+00
6.770558802901986084e+00
6.944559756429016240e+00
6.849940898311457360e+00
7.021586330211317950e+00
6.727288874392383988e+00
6.931485010326995599e+00
6.494968267955491648e+00
6.716139828852861093e+00
6.954500367554910412e+00
6.802708559721662773e+00
6.497771571305212213e+00
7.149429163662201603e+00
7.095487762979697521e+00
7.087842815963576015e+00
7.236524257870803112e+00
6.859875887574958142e+00
6.857831571105032609e+00
6.645229515842789425e+00
6.584146881739311397e+00
6.532406022391762157e+00
6.393216181875850168e+00
6.714780742684999026e+00
6.191749002347425979e+00
6.759827660567842678e+00
6.641939643207412480e+00
6.801976906475603712e+00
6.566311517303847545e+00
7.044559604868963376e+00
7.062248961006730497e+00
7.007706379044555511e+00
6.985627393909849658e+00
6.907977734930873304e+00
7.044970852297036679e+00
6.829261581566356654e+00
6.816027326751394888e+00
7.110902429667834923e+00
6.943428407531509805e+00
7.150043033315250263e+00
6.775528332377185770e+00
6.860187831864463348e+00
6.941478626402786567e+00
6.691281458619814160e+00
6.826561006182407354e+00
6.670719518977061391e+00
6.439503453233433206e+00
6.410674201472784439e+00
6.618671124298006525e+00
6.961332050351576761e+00
6.896257530075097897e+00
6.831911085814579288e+00
6.816556636366035704e+00
7.233736239271951085e+00
7.068926488526417806e+00
6.841586104592152218e+00
6.861570455301630567e+00
6.942918665551555790e+00
7.133477200869876356e+00
7.137846409492625277e+00
7.329519571599126593e+00
7.267184223578285085e+00
6.885156638182031941e+00
7.054942215803865935e+00
7.195465402112546371e+00
7.063212872830082034e+00
7.006413280043678249e+00
7.422693620658881386e+00
7.121025076199668291e+00
7.734621372350413360e+00
8.099447906992841340e+00
8.120747354914099603e+00
7.826210390097938507e+00
7.219356034339604378e+00
7.171205358412666264e+00
6.994493818756983394e+00
6.852316564079680816e+00
7.144322223663555960e+00
7.045003725084147739e+00
7.221314295543082018e+00
6.903771099285808788e+00
7.043755115769030795e+00
6.985764427190406245e+00
6.866276918399119467e+00
7.058489844262038737e+00
6.819380300377960502e+00
7.008155537692094761e+00
7.147160179590192897e+00
6.862489275326619342e+00
7.095669016454693612e+00
7.131726094477012445e+00
7.199188871631958087e+00
7.278864475906595466e+00
6.795553836333964703e+00
7.213117264451043731e+00
7.221486994703790074e+00
7.122788315168999240e+00
7.514129701251767379e+00
7.219726982634142587e+00
7.227542421462764821e+00
7.548798898148303849e+00
7.359129905153652729e+00
7.146827973610068163e+00
6.372550131723483169e+00
6.842581123050986314e+00
7.203401285069926274e+00
6.904760261070948424e+00
7.058642745153139941e+00
7.187070190142705428e+00
7.020791266837425049e+00
7.049135957918947426e+00
7.104342168255210588e+00
6.903131322741142384e+00
6.884105865464801077e+00
7.080567797720383361e+00
7.123103534270144976e+00
7.051506486252045569e+00
7.070327805731075443e+00
6.869808491969437547e+00
6.997273991731582043e+00
7.141106398075890205e+00
7.264644630466204234e+00
7.193571967015279789e+00
6.950052186644612107e+00
7.206878988190519308e+00
7.198709000646609013e+00
6.981311979319274386e+00
7.205242025856928301e+00
6.820089194020007461e+00
7.123699203869059637e+00
6.951112365714008590e+00
7.008318040091390699e+00
7.050523611576009486e+00
7.273911104098036873e+00
6.821183876666299106e+00
6.489452554398805972e+00
6.474942741526541923e+00
6.428427400902108957e+00
6.913064886967470457e+00
6.968120090583554749e+00
7.080769327312586015e+00
6.798835054678358247e+00
6.539603281961879233e+00
6.791993152000490142e+00
6.622502731927785824e+00
6.735593574454773247e+00
6.961109709125797629e+00
7.045305149524856425e+00
7.126106428724510167e+00
7.235704338282737957e+00
7.042363933054673453e+00
7.141012615915662387e+00
7.027883498791647199e+00
6.955717948410814699e+00
7.037103247365645409e+00
7.133670397938232099e+00
6.882854040338621360e+00
6.945663828474193835e+00
6.824550049149245901e+00
6.901482829912207073e+00
7.051379311713322551e+00
7.116766799676527810e+00
6.885076952600527100e+00
6.884833487789892459e+00
6.857638358291884728e+00
6.907209220988089093e+00
6.831428329486379347e+00
7.017217561251358759e+00
6.825768090129702870e+00
6.862558910261205014e+00
7.301875024080086263e+00
6.754861734797755979e+00
6.660995384256941598e+00
6.689998342122478903e+00
7.204498926686762950e+00
6.705357761925180071e+00
6.602587118750246731e+00
6.954432044742132391e+00
6.780424454783930521e+00
6.964874317451632990e+00
7.066322278739725071e+00
7.128992464229391146e+00
7.012828946375461392e+00
6.833468295667718628e+00
6.629589017957753683e+00
6.959668475065267756e+00
6.789180077445998052e+00
6.882130603814353265e+00
7.000346978049631019e+00
6.909421337439819233e+00
6.872772812836344336e+00
7.006192815160154019e+00
6.823685986169399698e+00
6.858332621330895940e+00
6.803962144542058610e+00
6.686180270715522234e+00
7.137410526885433981e+00
6.850583687670551924e+00
6.967432992794556412e+00
6.972420685022660436e+00
6.841772570470977755e+00
7.217401511488804822e+00
6.876235809813283417e+00
7.018798406349056940e+00
6.959657574212638309e+00
6.938869841649067283e+00
7.099855601735325372e+00
6.665933042904137018e+00
6.551045427736823967e+00
6.930072451380543619e+00
6.610649541303993182e+00
6.792550914048428368e+00
6.728275024660693049e+00
7.055909882283785350e+00
6.964115735344609703e+00
6.873183067853942063e+00
6.738712456768142900e+00
6.567617543648448297e+00
6.452010835312254500e+00
6.800375424379602407e+00
6.744418016978881880e+00
6.954342252786580580e+00
6.698211255630019068e+00
6.749159213543385327e+00
7.024547583760743841e+00
6.567657482180417894e+00
6.572828546508662662e+00
6.660051986752181463e+00
7.104298944105427616e+00
6.559645203756292453e+00
6.956169129571223131e+00
6.805272733317141665e+00
6.781714530702318555e+00
6.975918609078248345e+00
7.000861690248282088e+00
6.846839643300845601e+00
7.029767725575146287e+00
6.984185040659025567e+00
7.287641588135755910e+00
6.909854618848559227e+00
6.966381077036873037e+00
6.948555853815846284e+00
6.980903800759924671e+00
6.976250984038657954e+00
7.056904214678207943e+00
7.111793651139835859e+00
7.599269653639745492e+00
7.470989611034181799e+00
7.645502750234744127e+00
7.534641952381372576e+00
7.409158507558317730e+00
7.810724773736084536e+00
7.698218893112676042e+00
7.683740210638973167e+00
7.853999085913701883e+00
8.099325169359923748e+00
8.049687078671231788e+00
7.925776476490022482e+00
8.145051627442301267e+00
9.428204709610158218e+00
1.768455515138666456e+01
2.211317763062304209e+01
2.269770489012753245e+01
1.913990196229526930e+01
1.117130091672511583e+01
8.157919096483670529e+00
8.040008379626678803e+00
7.811807074025624686e+00
7.896472851164710427e+00
7.776618152418638630e+00
7.975921152504117373e+00
7.591364172113691744e+00
7.322223978966293956e+00
7.704601392874854682e+00
7.701377511379974727e+00
7.532112772608952511e+00
7.399834141758894646e+00
7.346611734734930010e+00
7.199112638325627422e+00
7.021300496196624330e+00
7.080140372453208819e+00
7.331185116677827907e+00
7.082451981711024303e+00
7.104927073088216360e+00
6.909188211209593256e+00
7.077119659568917420e+00
7.111517016106285283e+00
6.641791606026195005e+00
6.822261281161986268e+00
7.116703111243734448e+00
6.620966791615931157e+00
7.028127291485169792e+00
6.939440221239333795e+00
7.026748476211457373e+00
6.904604980716355200e+00
6.805983452904171394e+00
6.743637813643014844e+00
6.766225216145749677e+00
6.493245522571402972e+00
6.819476865726878501e+00
6.726171457646319851e+00
6.770040855968181503e+00
6.838233030241580579e+00
6.636321301652218452e+00
6.834446574521117590e+00
7.166918187094439396e+00
6.907767062388077584e+00
6.563322840210365605e+00
6.726460273174651228e+00
6.755093787621846424e+00
6.918506542012404559e+00
6.959351166753060980e+00
6.986993647337865987e+00
6.954628039213283763e+00
7.049460116164769197e+00
7.105311890470575875e+00
7.355166802060897346e+00
7.113976975150751336e+00
7.095389161237733333e+00
6.971452296135019822e+00
7.033231524265378454e+00
7.014802892294088821e+00
6.820180643977269419e+00
6.917740163969051892e+00
6.909777822889045851e+00
6.751814073821204687e+00
6.404043800670854658e+00
6.838117060193664720e+00
6.689891657882993670e+00
6.545348513597418538e+00
6.805211447405905112e+00
6.579749804623963527e+00
6.389531213809990007e+00
6.771658671294719767e+00
6.730789914776986294e+00
6.667617284694915547e+00
6.491218806674130093e+00
6.340834511199759049e+00
6.471419814668618820e+00
6.435508115243703919e+00
6.501824582073507663e+00
6.584404727258622358e+00
6.455740559265059630e+00
6.284321468935086585e+00
6.182873195280620848e+00
6.619327457958602778e+00
6.232757737944774945e+00
6.524563021158840570e+00
6.245667121137469913e+00
6.348223928507859881e+00
6.616901051500390096e+00
6.376064042606419235e+00
6.361789689582682428e+00
6.315641457992635210e+00
6.286731392379416583e+00
6.154792878343409157e+00
6.368750580220846835e+00
6.461628864553289553e+00
6.468318215536286608e+00
6.329375108810251227e+00
6.398750212643105506e+00
5.952017975706553443e+00
6.055514635466712647e+00
6.095459686674992383e+00
6.316586543906926643e+00
6.282244893761215643e+00
6.378917762449615836e+00
6.302027020738230512e+00
6.211605927885161194e+00
6.457832690614453419e+00
6.500536750632577743e+00
6.129641110202657117e+00
6.323565740011478198e+00
6.341872836777704414e+00
6.249032405645683852e+00
6.608690334690773049e+00
6.332391116454609836e+00
6.153845134618438628e+00
6.263809804770760437e+00
6.354241635232923180e+00
6.299028680703815830e+00
6.230198977581379971e+00
6.043681080440581610e+00
6.047862146319164189e+00
6.138107679820989482e+00
6.206362138712818499e+00
6.176001663635603656e+00
6.179162294047347181e+00
6.491948402086729963e+00
6.434153782188185566e+00
6.793409156821558881e+00
6.750450327642840698e+00
6.514625862609342732e+00
6.280392833738669189e+00
6.263151548893258536e+00
6.343978674149935770e+00
6.245411343942415705e+00
6.243122596440943362e+00
6.205426988787221987e+00
6.399216298519679214e+00
6.272612527557659412e+00
6.501112820120916957e+00
6.687507199934030311e+00
6.560724319759947853e+00
6.303951169648928321e+00
6.588504286283276556e+00
7.023031545967459266e+00
7.015020274341535078e+00
7.167073529648329888e+00
6.849444546828183711e+00
6.756151984957432077e+00
6.640431313399274060e+00
6.549716816397768149e+00
6.601702925725860815e+00
6.564702955161906495e+00
6.661556851430827209e+00
6.772964789984923684e+00
7.159546169775196311e+00
8.187076056787951472e+00
8.379947828771502571e+00
7.853794817129776007e+00
7.896145949850213341e+00
7.384951988341707185e+00
7.368906608167266725e+00
6.890527458584973175e+00
6.811486539370052995e+00
6.567185262886252595e+00
6.710833375634685183e+00
6.608706593207497981e+00
6.788602740602782681e+00
6.587535274113892392e+00
6.929158256606971378e+00
7.005722059437351490e+00
6.977533690629390328e+00
6.683756406967005681e+00
6.613657185979195496e+00
6.671623151442648059e+00
6.781270574747736646e+00
6.619729250429730705e+00
6.909460363896929636e+00
7.078797807866110681e+00
7.098774933019529776e+00
6.805232369125703507e+00
6.513617945474915238e+00
6.655380275836900061e+00
6.762089255152289091e+00
6.818406671433509203e+00
6.745866695673170099e+00
6.725731389864661125e+00
6.745877176647563367e+00
6.827855390742900710e+00
6.923644431980049418e+00
6.588251689670212130e+00
6.693249578880832829e+00
6.370239140605742811e+00
6.565488064560558001e+00
6.437096808691770811e+00
6.432962409222123590e+00
6.610581346509444955e+00
6.683595481716610109e+00
6.630528142345178289e+00
6.416014444501343839e+00
6.629499432702091966e+00
6.568815385473260271e+00
6.669420793463394226e+00
6.338465897240115332e+00
6.308314790922715076e+00
6.425823003870858585e+00
6.419835513359060997e+00
6.299891715189962049e+00
6.543548327987859459e+00
6.483037289156307281e+00
6.321643253537488683e+00
6.450491465007848646e+00
6.342553480765896090e+00
6.364770170930126092e+00
6.440873239715912746e+00
6.360034962628055233e+00
6.151225908521141150e+00
6.480963559860258627e+00
6.360467981081799671e+00
6.016434657548038523e+00
6.172639198060961618e+00
6.104581076201696099e+00
6.175650613259137778e+00
6.292195166828635777e+00
6.221389993658330120e+00
6.029946324333886665e+00
6.177268196442375903e+00
6.448722779870193378e+00
6.248597225747505313e+00
6.444660973396184822e+00
6.278839687801581526e+00
6.237512995154940398e+00
6.131469715727490666e+00
6.276397997136270668e+00
6.179395491827159859e+00
6.246987831450046436e+00
6.150225413714878187e+00
6.163385947820202659e+00
6.482726982388921755e+00
6.202210133461679042e+00
6.262819640675480137e+00
6.073083991874392851e+00
6.181224808118452430e+00
6.339770640682504066e+00
6.184247803786842468e+00
6.217395209890605123e+00
6.019494213770449242e+00
6.288082530867903586e+00
6.432899417811288600e+00
6.076291952691796006e+00
5.978879431825168567e+00
6.045235545140279498e+00
5.986775587248922115e+00
6.114230442332256210e+00
6.086704192373352029e+00
5.842841644556872716e+00
5.885302897657854970e+00
5.959307221342393213e+00
6.051384977074579119e+00
6.192979940590381815e+00
5.986003982986500382e+00
6.229599762360839676e+00
6.118073669850538465e+00
6.031175118561554527e+00
5.897029053696325462e+00
6.059181842219134140e+00
5.957732148543319894e+00
5.736085905750447189e+00
5.829885717867502315e+00
6.130674444724748540e+00
5.905642177351619004e+00
6.073887854068487968e+00
5.721679986213300317e+00
5.959772428395520905e+00
5.881275334013305489e+00
5.874547475287968723e+00
6.034677500935123007e+00
6.016209112443989149e+00
5.808574137622519729e+00
5.933267615027366659e+00
5.715668099932536883e+00
5.922214672219494602e+00
6.278120009748462849e+00
6.184725130750280186e+00
5.904731842713347056e+00
5.994089985027700962e+00
5.956401217149149829e+00
5.842478418463362466e+00
6.043076332113826332e+00
6.178877449499823982e+00
5.965613119973513179e+00
6.011679117210040779e+00
6.078382206455111181e+00
6.077475651140502144e+00
5.845117575756786366e+00
5.945950511096312674e+00
6.066493681139429661e+00
6.115885138790916997e+00
6.032048728409588279e+00
6.143055798442413007e+00
6.085331956722543012e+00
5.839373464263828417e+00
6.181489490893875782e+00
5.855024068400767945e+00
6.020211380068946738e+00
5.914554917034085868e+00
5.688411397890306809e+00
5.885559262513219814e+00
5.966627316769803180e+00
5.715078639712087849e+00
5.998860010228914241e+00
5.990270499500141455e+00
5.792760989162737850e+00
5.922757792051787540e+00
6.216040935789686195e+00
6.100047821427255101e+00
5.850865940757713268e+00
6.078527577944833560e+00
5.866100267260307533e+00
6.157171875112269710e+00
6.184886995569293333e+00
6.026176952233515571e+00
5.906243439011610086e+00
6.179576903758745132e+00
5.981561108922018200e+00
6.429517477466840880e+00
6.052549511642132174e+00
5.728204576669331693e+00
5.976094596487584454e+00
6.253071592369542131e+00
6.488193106391422660e+00
7.084826019468040137e+00
7.089542890222163329e+00
6.609353086207516270e+00
6.629815980651723173e+00
6.418147447611024070e+00
6.181637439542255308e+00
6.110494951913921113e+00
6.120541213604493436e+00
6.032707957015443156e+00
6.275914688626822446e+00
6.638533403504476738e+00
6.994463987805891847e+00
6.887135108954195672e+00
6.683017561682152774e+00
6.448135256975936258e+00
6.428256350666517349e+00
6.388819333536751799e+00
6.453950590076765081e+00
6.338319387476440525e+00
6.376901291532235838e+00
6.560379079056951390e+00
6.563216543835999062e+00
6.580751488357481804e+00
6.521660968207122266e+00
6.842196816010458704e+00
7.077802949450008541e+00
7.140989987786574567e+00
7.360998397656612902e+00
7.124526508591325857e+00
7.358199302723900992e+00
8.760169858927088882e+00
1.529047132571837686e+01
1.869492161771686867e+01
1.909966928992992052e+01
1.632509120153271098e+01
1.054124455092846091e+01
7.842612208894641057e+00
7.455768803248772336e+00
7.162096505290129755e+00
6.726173506033779503e+00
6.530188973792892426e+00
6.570053402712453305e+00
6.704488093509730184e+00
6.675906926805478925e+00
6.293121264210921773e+00
6.328407872118302357e+00
6.549787175576506471e+00
6.496266131126770205e+00
6.840452982795455661e+00
6.513022143539092035e+00
6.297185094359263324e+00
6.194075207541730244e+00
6.171240586777760662e+00
6.266610299655596350e+00
6.224398772758421572e+00
6.181272963428557254e+00
6.395107464212427040e+00
6.321157818182779664e+00
6.279477364882535717e+00
6.229202935626740434e+00
6.595933527707980026e+00
6.464312675631918026e+00
7.264068330638545845e+00
9.790190244717752677e+00
1.151700619846243612e+01
1.214309263939210304e+01
1.009471085979189553e+01
7.429707890889016397e+00
6.252728125602556197e+00
6.172899877874790775e+00
6.157911186158164796e+00
6.120448985851262513e+00
6.095631553912258305e+00
6.056885983753752534e+00
6.097975006441576973e+00
6.412298173134477253e+00
6.300126998540040546e+00
6.179094787117418441e+00
5.817810994906343680e+00
6.087306920017729439e+00
6.005454477744812003e+00
5.773325043194179607e+00
5.635893415974727816e+00
5.792889848919111628e+00
5.945109725696788416e+00
5.710494136890211792e+00
5.838027399729046607e+00
5.999963345126632319e+00
5.764391017192937561e+00
5.885437524773585949e+00
5.883539399873686904e+00
5.904600340679681203e+00
5.726722868057995797e+00
5.852898469422399330e+00
5.837035210002590624e+00
5.871778258712254228e+00
5.714225399898340996e+00
5.767541338827456343e+00
5.628665692564716494e+00
5.758872473200280062e+00
5.799002753366793605e+00
5.684320220460704398e+00
5.390963251910106280e+00
5.830864751835266979e+00
5.934904750797512563e+00
5.598488358656481978e+00
5.902327318393279398e+00
5.874785383180983089e+00
5.924548150406351077e+00
5.725210143741549906e+00
6.018326940213823306e+00
5.880270508450140099e+00
6.052115292177497885e+00
5.827816493252961472e+00
6.030180862155916088e+00
6.278376595153106976e+00
6.525413863284051708e+00
6.403111397820596018e+00
6.520651816865635553e+00
6.350530438145627343e+00
6.024699925765942154e+00
6.202706373941018647e+00
6.001938121422583983e+00
6.139096639571063108e+00
5.736540151939792942e+00
6.080951302365921407e+00
5.662058380523374623e+00
5.851939611605678770e+00
5.609597385668840808e+00
5.729088234676637192e+00
5.979627866559426685e+00
6.348192234074262252e+00
6.495899174732457482e+00
6.593858330794199141e+00
6.575782430796539124e+00
6.308369081497962050e+00
6.059085112063228529e+00
6.185245835833233841e+00
5.550426895246805437e+00
5.835719361174829700e+00
5.472861705157750833e+00
5.871795347231915763e+00
5.977035944157905512e+00
5.824187990357755140e+00
6.010852434869673466e+00
5.875080548866040253e+00
6.006637400602944155e+00
6.417540672983389705e+00
6.626111187884097475e+00
7.244194588713214422e+00
7.088411596560687755e+00
6.790346690587460543e+00
6.202004709816599792e+00
5.784467987535553135e+00
6.044813828746945283e+00
6.087849614137920362e+00
6.254406659565738380e+00
5.920797478414617565e+00
6.083340137354878330e+00
6.372939307881036797e+00
6.699223007310688871e+00
6.728607837125135660e+00
6.189218010144459825e+00
6.409487758627623322e+00
6.732383510990318953e+00
6.766784876519293945e+00
6.703983521212835583e+00
6.205304764883297075e+00
5.709632911630695418e+00
5.997858991364211079e+00
5.889744954604013039e+00
6.327016189052132589e+00
6.337331546790004211e+00
6.377877331812327633e+00
6.197079455985229579e+00
6.160301184793955720e+00
5.922318408587517347e+00
5.835528746985986892e+00
5.655398364121503541e+00
5.691945651430030395e+00
5.824390706235456072e+00
5.825135102862962988e+00
5.828762296162635970e+00
5.976102118237195171e+00
5.736775419224885653e+00
5.938389075078379875e+00
5.906639026884250576e+00
5.950733888371578573e+00
5.561025068517125192e+00
5.538194119784687786e+00
5.528653312279856458e+00
5.835440956387937916e+00
5.450046932468938898e+00
5.625628692509271112e+00
5.668194991168326702e+00
5.395946396894421682e+00
5.507358964384600597e+00
6.024334507286515539e+00
5.775245178769794485e+00
5.517430663438011251e+00
5.643554510474880104e+00
5.743940075041436444e+00
5.678930457376671015e+00
5.751399268274695054e+00
5.577422513322072284e+00
5.593280584227220409e+00
5.677011148898105652e+00
5.483040783113313665e+00
5.528082187876559139e+00
5.529357507209203604e+00
5.421821753821231660e+00
5.747624950158663815e+00
5.572638958246599827e+00
5.797574125002196155e+00
6.116418133870361373e+00
5.804152118103610647e+00
6.024064954181631570e+00
5.904393215568374487e+00
5.654905644906750517e+00
5.495321762164119050e+00
5.479503839882347016e+00
5.618195099812990811e+00
5.658137099421219673e+00
5.629231290750750460e+00
5.412387951174732592e+00
5.597781815071411593e+00
5.537240825461335447e+00
5.712689864382961780e+00
5.809397836383308089e+00
5.616903192581057525e+00
5.604497431181251876e+00
5.359122872730116782e+00
5.546790173900570942e+00
5.590816760670059615e+00
5.541016346197230824e+00
5.431861606008451915e+00
5.696192004560502120e+00
5.601432722643621354e+00
5.534730247618040444e+00
5.699010753187191192e+00
5.519448809978900528e+00
5.563003304008773853e+00
5.693400626968103673e+00
5.512285392146562657e+00
5.607426696769471697e+00
5.481053419373008495e+00
5.826296198114152780e+00
6.143029012266688405e+00
6.247282000701334326e+00
6.269414498686996851e+00
5.980292992747433978e+00
5.512479964930736109e+00
5.566831513046418323e+00
5.378261214137161517e+00
5.520931659051264262e+00
5.618742678733000595e+00
5.662989814867025018e+00
5.599627846928767028e+00
5.453874160747775868e+00
5.480894051823692159e+00
5.515216319982942927e+00
5.497949180290960136e+00
5.273155222141868492e+00
5.385498796590985293e+00
5.383145302074122895e+00
5.523606284295079050e+00
5.408460639848001072e+00
5.523001320114773627e+00
5.266284128939540565e+00
5.444179594950986356e+00
5.412512397317087220e+00
5.444793315962441760e+00
5.096775688605948318e+00
5.354334104641111480e+00
5.436230137430216658e+00
5.428301710526039159e+00
5.447037032824341374e+00
5.416638577292973267e+00
5.460987579032739347e+00
5.337061764757609517e+00
5.385843209382804808e+00
5.292634432184025073e+00
5.269357735103400664e+00
5.472916545752932294e+00
5.371685853187742943e+00
5.440249015773890306e+00
5.366797295154407621e+00
5.238356496570944820e+00
5.321028441225965189e+00
5.361977172796488667e+00
5.290829559539719895e+00
5.454045702827003517e+00
5.448690909180660569e+00
5.311191753017255657e+00
5.529581269031620394e+00
5.457285285631058969e+00
5.377416782829246955e+00
6.013371219308167426e+00
6.250192438720259425e+00
6.933538243172281845e+00
7.028224907666730026e+00
7.020342946547421192e+00
6.740298260745866799e+00
6.309759870574946028e+00
5.962244750581319863e+00
5.752934020959569850e+00
5.623486880326014514e+00
5.813962719909910426e+00
5.749678410851594812e+00
5.560064300953531102e+00
5.636409483199143367e+00
5.599460638431257742e+00
5.547787433437892268e+00
5.315694355314041886e+00
5.570530962393545060e+00
6.448195807434973226e+00
7.607092892027645270e+00
8.383327019139731107e+00
8.405632704601885052e+00
7.769149468249167967e+00
7.455016359130471670e+00
7.215754336749699682e+00
7.030212593308448277e+00
6.613578199902855559e+00
6.345462580529102503e+00
6.229104694645945628e+00
6.291557592212814853e+00
7.496786759620024831e+00
7.737782868445563622e+00
8.365903156597875423e+00
8.058544530241912085e+00
6.422507378627680730e+00
5.988094273243835808e+00
6.146803234787016734e+00
6.358536260880104152e+00
6.311741021297761378e+00
6.367048494439172757e+00
6.184028808775933861e+00
5.791742802246332644e+00
5.731564427418712526e+00
6.298838425213213021e+00
6.167044209097242380e+00
6.346650673317918212e+00
5.911840531474535254e+00
5.717372608712918414e+00
6.298792866035547000e+00
6.764378659100108493e+00
6.883491164050725253e+00
6.451903122663453338e+00
6.092440257107964996e+00
5.589621787294195343e+00
5.559580404428531963e+00
5.436954486371813999e+00
5.794038216136637054e+00
5.958741794666955194e+00
6.278081878468716681e+00
5.903028157199232240e+00
5.497916340712219352e+00
6.009704073945748348e+00
6.569928454261240169e+00
6.644137125305948466e+00
6.639641404333719521e+00
5.932782833442843184e+00
5.452438087768697983e+00
5.600786954468949475e+00
5.631969712001011708e+00
5.528456473798144977e+00
5.433660311720511338e+00
5.568436298156884234e+00
5.728736779171109461e+00
5.617099768066617038e+00
5.417078257350735448e+00
5.369164909260200069e+00
5.922340637928114937e+00
5.898442616036797759e+00
6.229444168738882404e+00
6.039650671138723226e+00
5.627716550967486242e+00
5.509509914039188772e+00
5.521430037606181784e+00
5.543434983400933547e+00
5.403445220821840422e+00
5.517665817675704965e+00
5.463324361583540067e+00
5.397259491262620834e+00
5.489902959648797598e+00
5.629669901985054459e+00
5.689080418323334776e+00
5.699502476610089907e+00
5.518513309671821965e+00
5.577040441460724196e+00
5.695088834756013796e+00
5.619410112590647266e+00
5.601780443446420676e+00
5.486348039817027455e+00
5.256747711423646052e+00
5.318879008856039370e+00
5.437448072342084160e+00
5.313198466919184959e+00
5.386003197898231676e+00
5.208022281441303747e+00
5.276360816421466815e+00
5.149849348138365812e+00
5.267708561128648270e+00
5.169933942417959116e+00
5.291072415782481997e+00
5.382174945547055778e+00
5.588149303964578429e+00
5.417182374330051786e+00
5.591568338393184234e+00
5.864538108800671168e+00
5.341557110465424252e+00
5.554752649239008910e+00
5.448184097136062221e+00
5.437490521210961880e+00
5.336342940601885410e+00
5.375668167948730591e+00
5.294947855505091283e+00
5.449430918205147911e+00
5.437614756659819193e+00
5.447588843304289163e+00
5.391598185791795395e+00
5.517009940085699782e+00
5.266596320313025714e+00
5.139970273040689541e+00
5.302710449771708134e+00
5.239959858951423577e+00
5.327146347444936758e+00
5.305558091318081537e+00
5.319151607822226957e+00
5.356378265925403781e+00
5.535885158682709140e+00
5.457905089402381726e+00
5.294418104167424310e+00
5.272817078539293156e+00
5.117986133914222080e+00
5.195701250881401556e+00
5.194440754237346525e+00
5.254405760336920750e+00
5.356638065099111223e+00
5.342072810595474230e+00
5.291389792690781135e+00
5.281093956921240284e+00
5.163393456753476940e+00
5.366593702920662956e+00
5.003878122231782299e+00
5.325868482470663245e+00
5.191562425197851383e+00
5.108425210885132906e+00
5.323948706459137092e+00
5.590095230784186242e+00
5.458045519372130450e+00
5.360744341824397630e+00
5.519864100285700736e+00
5.287214195258419736e+00
5.410424850593178014e+00
5.182540075296545368e+00
5.671267591001900144e+00
5.441629363706586453e+00
5.617231739330156515e+00
5.535097320248170583e+00
5.459122418928660458e+00
5.563277482875203184e+00
5.400513659936541977e+00
5.364746004221132125e+00
5.309301949870725679e+00
5.218476894838010693e+00
5.564166810326404367e+00
5.368811922215337873e+00
5.724551870618726390e+00
4.073861337655145576e+00
5.681430918093751892e+00
5.751423333039029195e+00
5.876539616726702775e+00
6.010050033673095982e+00
6.099761780462968019e+00
6.114429132814708012e+00
6.014822892986580349e+00
6.212110917235375673e+00
5.926624797062119754e+00
6.049455441754576057e+00
6.010264596972081819e+00
6.094245341343946798e+00
5.855106492585222533e+00
5.782206835234819486e+00
5.808696627977056437e+00
6.166408995787721281e+00
5.927276825140536332e+00
5.924905616503121308e+00
5.509792115695947956e+00
5.384407761607275411e+00
5.402565301368612793e+00
5.120605987391964042e+00
5.245918670619414748e+00
5.419082100033759453e+00
5.432245887797066075e+00
5.382560001757306978e+00
5.741410922252128124e+00
5.722207611300717645e+00
5.668511863873320955e+00
5.784520096342537165e+00
5.877233312775335783e+00
6.189656975738968114e+00
6.537931320399405166e+00
7.517991860580430341e+00
9.025972016072977056e+00
9.636988252685766199e+00
1.020865762376716823e+01
9.935253872006091669e+00
9.053005596752926820e+00
8.183554794514281028e+00
7.283953611085580704e+00
9.672392812433443510e+00
9.470700604922132726e+00
9.108395612185097079e+00
6.937190861288400789e+00
6.814429621815691895e+00
5.979968588007205099e+00
5.532524148191447999e+00
6.074676754312868354e+00
6.423585061310321365e+00
5.912987256933009306e+00
6.708812770495978128e+00
8.742939464257974080e+00
1.007994030652455386e+01
1.007118937642290035e+01
8.771455751754158925e+00
7.834456271510045866e+00
7.841088101482977635e+00
7.880389740637692597e+00
7.262987609342375528e+00
6.545101440756964095e+00
6.384778195045401894e+00
6.612924859592275162e+00
6.540718642891968138e+00
6.434544659778698161e+00
6.539196847653887978e+00
6.647192480184555663e+00
6.914443567941762403e+00
7.187282236918639988e+00
6.824690590467599627e+00
6.416238410322746333e+00
6.352886958780136872e+00
8.218895107974272918e+00
9.370503443274236233e+00
9.378308666032527441e+00
8.428131962159650215e+00
6.629098832929416041e+00
5.858860635259256711e+00
6.022100453657653674e+00
6.886410848786400862e+00
7.184460466610858020e+00
7.164746975391915740e+00
6.425250803631901597e+00
6.140100019512916063e+00
7.053278026748260210e+00
8.726353904444254184e+00
9.428063229793515632e+00
8.986006565362826493e+00
7.400499587263447587e+00
6.117517085756922768e+00
5.826529887774753114e+00
5.987853257468583656e+00
5.804235990627197417e+00
6.154607571378650555e+00
6.703756952041411310e+00
7.035127494178862406e+00
7.245740009068674325e+00
6.270866769303541588e+00
6.228763717251557530e+00
7.376968253933810615e+00
8.062433554561335924e+00
8.128112459910363796e+00
7.282583114076299324e+00
6.126269361865720242e+00
5.611705629958950503e+00
5.745266836407957989e+00
5.580359349845599226e+00
5.673093956272102112e+00
5.560812637352179344e+00
5.579169884053964523e+00
5.888350815256213622e+00
6.227318232209078097e+00
6.458631937875413342e+00
6.325869323558589663e+00
5.990436227660906887e+00
6.352346032281340982e+00
6.920741388463333088e+00
7.325335688054419592e+00
7.000985602244095496e+00
6.124745503660652624e+00
5.465657682240482984e+00
5.325968470933018395e+00
5.281443498498233247e+00
5.421116260318014746e+00
5.537459173581330774e+00
5.325705018908582389e+00
5.409767751616294085e+00
5.179946870254656943e+00
5.266128991293310690e+00
5.630482425044365691e+00
5.669716609445918820e+00
5.782256455521669558e+00
5.813434480761690892e+00
5.417640847511453472e+00
5.957755513452045903e+00
6.128592031116077088e+00
6.154431227612961131e+00
5.966194646812074787e+00
5.527671296059818218e+00
5.161126867187804557e+00
5.166956743976987454e+00
5.218242025002389539e+00
5.194581357326966575e+00
5.188683499407261479e+00
5.183788070737627152e+00
5.412741568463387942e+00
5.214007770517993023e+00
5.437624764554215950e+00
5.663006084192190315e+00
5.439621867436517100e+00
5.534278616216440128e+00
5.793529694945910968e+00
6.031905487730585769e+00
5.909878827661016132e+00
5.991582773880208102e+00
6.178430080654056411e+00
6.263679155710122792e+00
6.663351922211882439e+00
6.368480485611828001e+00
6.333062142795840010e+00
5.704669011820169722e+00
5.444063965870943100e+00
5.355628901571831690e+00
5.507395751166905384e+00
5.574272476738244997e+00
5.368954600492979345e+00
5.246954465553067770e+00
5.327946808864758133e+00
5.285805012096704836e+00
5.188610610773600307e+00
5.089564139109311824e+00
5.174885303512514412e+00
5.341875221576834143e+00
5.376292414549243226e+00
5.469288671535324831e+00
5.579510300270112744e+00
5.628292271491439180e+00
6.345732941908447167e+00
7.444861829729533476e+00
7.604707896452462812e+00
7.293150040425668834e+00
6.384243340928001942e+00
6.042046611698854264e+00
5.724121507158163702e+00
5.626070389861505205e+00
5.372088205263988669e+00
5.522490847636309930e+00
5.480198532968094227e+00
5.352629967838169023e+00
5.533918846501927113e+00
5.253990029939923367e+00
5.313085065744153290e+00
5.301020297629690070e+00
5.313951890934433209e+00
5.335020580243505783e+00
5.737069912424041185e+00
5.804658970458307365e+00
5.620091990792785985e+00
5.327941934311039240e+00
5.219980910790262385e+00
5.215478933814346796e+00
5.785104223424798242e+00
6.674555227417581449e+00
6.998348619384815450e+00
6.903602877401850080e+00
6.080956569131035216e+00
5.405787192088394200e+00
5.260054609373749912e+00
5.237685506324165630e+00
5.549414825169209919e+00
5.733841041614772926e+00
6.168999931666896863e+00
6.134810542011249979e+00
6.117030449725594288e+00
7.026537562169973938e+00
8.853827265948915226e+00
1.146595556889581502e+01
1.437923458128369703e+01
1.706330962751967917e+01
1.701614615633285155e+01
1.719149416198878200e+01
1.572757496105418440e+01
1.501286653522744174e+01
1.196858117936451116e+01
1.033716320351182283e+01
9.224246702888059701e+00
8.264847001583126129e+00
8.562607662505788753e+00
8.148471224848751859e+00
8.497843833970904370e+00
9.296333251403236630e+00
1.025849937642285958e+01
1.065011904106903451e+01
1.078736428334054942e+01
9.234059933004303389e+00
8.725935248439300906e+00
8.689418597723120641e+00
8.290306978578355412e+00
8.213195209641630967e+00
7.854837181210761798e+00
7.781345149838760022e+00
7.490035874922149617e+00
7.074325363294354574e+00
7.346711444610659392e+00
7.055800533041006517e+00
6.991455453776675100e+00
6.684359119507211844e+00
6.506002636110211235e+00
6.498168924071010544e+00
6.694113970476399444e+00
6.525413085060985274e+00
6.080463755921398317e+00
5.980402209038439665e+00
5.794873643784979933e+00
5.609816415438333870e+00
5.671954532979865959e+00
5.285861376248723431e+00
6.343780162110951970e+00
9.324397674265638258e+00
9.228995864140825844e+00
8.310671186123727239e+00
8.735461188441993485e+00
5.954669544563350847e+00
6.052227629847068080e+00
5.897410457004260032e+00
5.745885994669521324e+00
5.797904937480862664e+00
5.838794484032878707e+00
5.968738602207795729e+00
6.151479283512411023e+00
5.835425718239333648e+00
5.761749259675332802e+00
6.132641040330837789e+00
7.712118828775838431e+00
9.097193133057956516e+00
1.035525872994438323e+01
1.106163246677509093e+01
9.983975443896257573e+00
9.110574671108551570e+00
7.336204182423598397e+00
7.096268815656199713e+00
6.967695319164868728e+00
6.979257304490677605e+00
6.481344537526697813e+00
6.030639808318763784e+00
5.990947162544803639e+00
6.126095413213795915e+00
6.091835371253852216e+00
6.060485394884501886e+00
5.940075285635766811e+00
6.013069746535623317e+00
6.233368632631700379e+00
7.967831390493945065e+00
1.038411455216845702e+01
1.089182429046099898e+01
1.045356113159286515e+01
7.550428785051430225e+00
7.184806612002166304e+00
7.701291461697585383e+00
7.920896404084970754e+00
7.388210664363674240e+00
6.137173050847075650e+00
5.880794943994518853e+00
6.269402247510187820e+00
6.814492400401837457e+00
7.063427769611044127e+00
7.159053931912551683e+00
6.786898892548427931e+00
4.979871480208757362e+00
7.115772664145066706e+00
6.370363210530350706e+00
6.314527673844457567e+00
6.401387523713073513e+00
7.533635648296136189e+00
9.624525381256294310e+00
9.783225001244057140e+00
9.485312036268556568e+00
7.478256619529515703e+00
6.045720652374638071e+00
5.982278270961503885e+00
6.209807156030135111e+00
7.382287641791601907e+00
7.633867106638763111e+00
7.852117815300296400e+00
7.002615475283876734e+00
6.307890347218595650e+00
6.585277998669694099e+00
7.728561802440220063e+00
1.017446744446908902e+01
1.043142154100855912e+01
1.004020591736569123e+01
7.662990093794240565e+00
6.413127558518494808e+00
6.034128948126969760e+00
6.177619306607611271e+00
5.949988215323334551e+00
6.214865998001303460e+00
6.590468466159119743e+00
7.285000490105083770e+00
7.705468612928725314e+00
7.446114935011967084e+00
6.764394922381623765e+00
6.383698159755191170e+00
8.269509085892178035e+00
9.866680029710737543e+00
1.086010554385461901e+01
1.055783080353301528e+01
9.319083436495589012e+00
8.300471145719916066e+00
8.302105130272229516e+00
7.798749991866616327e+00
7.071412928878363147e+00
7.255433274675883837e+00
8.749475764982168613e+00
8.721749961245190974e+00
8.043680515803576014e+00
7.252840135115426357e+00
7.261202465754395874e+00
7.770619149187538710e+00
7.874304371777133049e+00
7.689161071608570985e+00
7.376600427517858272e+00
6.491484931874703435e+00
5.936838327188382003e+00
5.899922717022611174e+00
6.025694689383073843e+00
8.141384227229023551e+00
1.036317919020982714e+01
1.037567113335961544e+01
1.005723671266065011e+01
7.510898684317930396e+00
6.199989942136592269e+00
6.296950534932414634e+00
6.665755587674375704e+00
7.675039513984564188e+00
8.204563446711976127e+00
7.898630152201477017e+00
7.229138011020809884e+00
6.460795343373914257e+00
6.275390348956925379e+00
7.075378836731096577e+00
9.413878218393321617e+00
1.062656664023348085e+01
1.077122408307633883e+01
9.393255645825734135e+00
6.943738763159643668e+00
6.307395447522007537e+00
6.353748593422822388e+00
5.947870500555382911e+00
6.130242091837102336e+00
6.008708929662296860e+00
6.501831383497503225e+00
7.426710001561302121e+00
7.425551762916603238e+00
7.503031860082517213e+00
7.034891519093515733e+00
6.473606595396065089e+00
7.558705222054680206e+00
9.155120956762351270e+00
9.775984661757782135e+00
9.560240274160706875e+00
7.735518004703432204e+00
6.630355289622488435e+00
6.302825413431843771e+00
5.969309988321615634e+00
5.805003857352191154e+00
6.067069884106929933e+00
5.691441311138802917e+00
5.838047289682586793e+00
5.882464044605221432e+00
6.072819667316109005e+00
6.512820896226038769e+00
6.862146505632259696e+00
4.567631961153391984e+00
5.938940134291402551e+00
6.931210332528560336e+00
9.400733551533381416e+00
1.215979405000442348e+01
1.155770855868933289e+01
8.257137880334104452e+00
5.457326924817979652e+00
5.663249701955215265e+00
5.779022840419783869e+00
5.868932651094441511e+00
5.898296283204135904e+00
6.012180712628608426e+00
5.700682234126339232e+00
6.155189828394345142e+00
5.857979578843487189e+00
5.940213339303913820e+00
6.052707644523331432e+00
5.896201716984153407e+00
6.262327908814654620e+00
6.078727970677280545e+00
6.167650007680770763e+00
6.100090571715128362e+00
6.662952364230762647e+00
6.709494958531488251e+00
6.652701757504365432e+00
6.514774838343961427e+00
5.848701667271900106e+00
6.012126103411442379e+00
5.906647015071757600e+00
5.803167020813947197e+00
5.952519973757702587e+00
5.940984307409482135e+00
5.805942725001442817e+00
6.025225067154979186e+00
5.954547734979628082e+00
6.175820684597023380e+00
5.872453631584421352e+00
6.303665668241838382e+00
6.165418314688564827e+00
6.081500709676338268e+00
6.485792662647010154e+00
6.658303949565465452e+00
6.496610766675980919e+00
6.677985856286747790e+00
6.505764887560078868e+00
6.386380377925898522e+00
6.686935686409159807e+00
6.593265144250075593e+00
6.584816976424916035e+00
6.624308073473454073e+00
6.398657683486778325e+00
6.784094427079508272e+00
6.479298941522951161e+00
6.532135190769493782e+00
6.685074280489319953e+00
6.718057142048345476e+00
6.416010027358707291e+00
6.581419237651656928e+00
6.302777457006855322e+00
6.338290755834064427e+00
6.502892183440346585e+00
6.723311330123239671e+00
6.565413809013252333e+00
6.920241673088967538e+00
6.838066518233501867e+00
7.244118543534412424e+00
6.926790729288544668e+00
6.999936592661723189e+00
7.307569730295840671e+00
6.941979023961330597e+00
7.135012288310702999e+00
7.025362327345470170e+00
6.807061788463493635e+00
6.491120162719512976e+00
6.650948177784584914e+00
6.893876581426436445e+00
6.585892257104196901e+00
6.487634662287724119e+00
6.316627088362201548e+00
6.251875264759696016e+00
6.375907566346103117e+00
6.332926439261657769e+00
6.447620607049322494e+00
6.617890595515125263e+00
6.557870863869635691e+00
6.928561694385327208e+00
7.077807489842288469e+00
7.020126701292864979e+00
7.179788299239482363e+00
7.363963053535355741e+00
7.064174005845111459e+00
6.858537626169199264e+00
6.758136067702930738e+00
6.663511752679331934e+00
6.673798627639873082e+00
6.569311693052092060e+00
6.704688272104102786e+00
6.778328835840506272e+00
6.443791252622026455e+00
6.393539920854869330e+00
6.557557335341623883e+00
4.666664681158232852e+00
6.661399049400393402e+00
6.877087168268246842e+00
6.846446033520163788e+00
6.398549069026731928e+00
6.943608451323906472e+00
6.876371314472405238e+00
7.074967357835815207e+00
7.133461382967913877e+00
7.599905370006232452e+00
8.914712346415639033e+00
1.072171658354366919e+01
1.131095229595582907e+01
1.142615234237440625e+01
1.111100276461881364e+01
1.235361695233888391e+01
1.249840924112344709e+01
1.199668971394658534e+01
1.009055071049982111e+01
1.005408874466116664e+01
1.274140864808389217e+01
1.348959942045707727e+01
1.318788760981940023e+01
1.090278897658861190e+01
8.099607553694831097e+00
8.020113251934922971e+00
8.871345970528818015e+00
9.200098895468535432e+00
9.464769505379027947e+00
8.795841998853516586e+00
7.959479727345355471e+00
7.632559835254059344e+00
7.605776680623056230e+00
7.425751079074777827e+00
7.555137434221693482e+00
7.387693038659345568e+00
7.389681448495453608e+00
7.478834052399500720e+00
7.317619752323852644e+00
7.334413105790131837e+00
7.874072311410558633e+00
8.170232300256513369e+00
8.824256311447197021e+00
1.463855321744557081e+01
1.828626086416273822e+01
1.862210554825337638e+01
1.669457648348756607e+01
1.148292079837691837e+01
1.209999416333075217e+01
1.210380963579295965e+01
1.186697977492053724e+01
9.380300943147657833e+00
7.896861458766871955e+00
8.636108624114145371e+00
9.394931582697669370e+00
9.996537850887792231e+00
9.192939426809560999e+00
8.220049959700345354e+00
7.523381718433102883e+00
7.512591558193190799e+00
6.933216515621765552e+00
7.649620625864478995e+00
8.746199280025466649e+00
1.073049869995135097e+01
1.071578014508666676e+01
1.053415881443880409e+01
8.806266433354979384e+00
7.783402569437236629e+00
7.801651265246327682e+00
8.167603602672247831e+00
8.085845881433717963e+00
1.300375884488690126e+01
1.604967834737006882e+01
1.644647228844849707e+01
1.492672736806048484e+01
9.438306329315443222e+00
7.977502184337039282e+00
7.839510895026510440e+00
7.406723836515438641e+00
9.399069928929121076e+00
1.158354992324034782e+01
1.093480089359460194e+01
1.069538454672873939e+01
8.812535830662040937e+00
7.846196721781551808e+00
6.167978442396915284e+00
1.450821578540628032e+01
1.740547593489208111e+01
1.744041591429740379e+01
1.549925444844480182e+01
9.319012378562970156e+00
7.963868244663130369e+00
7.876996862524709542e+00
8.059001671237451703e+00
7.834811790807555631e+00
8.236083009009492528e+00
8.118923771214348051e+00
9.489689284629410082e+00
1.102383696087161447e+01
1.114709924630237836e+01
1.067911707932732490e+01
8.808998992936658112e+00
8.049704499699844362e+00
8.602850347415119003e+00
1.318530098025381925e+01
1.486524062321460882e+01
1.526540545580310670e+01
1.328832205689258927e+01
8.646633846570924931e+00
7.897560094811558962e+00
7.946742621870806822e+00
7.961701695042827431e+00
7.674129359089516100e+00
7.623765239837422492e+00
7.699257432082410091e+00
7.301690346334775761e+00
7.426968298469966534e+00
7.564340135932723364e+00
8.076786230298012015e+00
9.639464159873263327e+00
1.000184485058671946e+01
1.000252562056594208e+01
8.229758520242274500e+00
7.880365642722262365e+00
1.012921754715697631e+01
1.212034478948870309e+01
1.246671354607462590e+01
1.151733498055959970e+01
8.107610874196424788e+00
7.249221887187246693e+00
7.207591758894082545e+00
7.531456368164990423e+00
7.446818090043104021e+00
7.386923744492480459e+00
7.567194270834260550e+00
7.416103902118586610e+00
7.324818372547666989e+00
7.266891040181035599e+00
7.295243231717173593e+00
7.218384013697824564e+00
7.486826593204806812e+00
7.680611972218001959e+00
8.329735623230630992e+00
8.656510367751200974e+00
8.470964304287710078e+00
7.568659862787304959e+00
7.683436778083644114e+00
9.224250152328028918e+00
9.817035400150640356e+00
9.586119875056105855e+00
8.958805356727260971e+00
7.642745205409868348e+00
7.513589070254307778e+00
7.452606068631864922e+00
7.178819758833480336e+00
7.370099896676091333e+00
7.470063838360631259e+00
7.758445647469716988e+00
5.132879611212165294e+00
7.519358094696185546e+00
7.618698929760777894e+00
7.894003133937251171e+00
7.567169919917924759e+00
7.901106434038021042e+00
7.375520566427029578e+00
7.646247623209871058e+00
8.083485726609191957e+00
8.250894367350394276e+00
7.938921754187207469e+00
8.091235787701858584e+00
7.911505151394853996e+00
8.547427683682009558e+00
8.547993950535824226e+00
8.541169067874930576e+00
7.995673293576093243e+00
7.652602151927773377e+00
7.576737847764133171e+00
7.826458851026399266e+00
7.866190182910256290e+00
8.029655682777743664e+00
8.720968972199184321e+00
9.022137688682953183e+00
9.909811164235408754e+00
1.017160243703588485e+01
1.083119966859179506e+01
1.174377827433151467e+01
1.238048107883485116e+01
1.257659409175764331e+01
1.313119350382542372e+01
1.324743537441033503e+01
1.301218556977491225e+01
1.285896915270868668e+01
1.190779053949261268e+01
1.136268067731936782e+01
1.020239182622482410e+01
1.000038185538820557e+01
9.204469736865869223e+00
9.282040598570922896e+00
1.093332892418054492e+01
1.180303572745066099e+01
1.240430394498548772e+01
1.288963906822869632e+01
1.260664516249187805e+01
1.307618076151279496e+01
1.241102880544085707e+01
1.264590151843600729e+01
1.291229004852979045e+01
1.149824275795677231e+01
1.212752329529575768e+01
1.136278214928337071e+01
1.076513301038728798e+01
1.109536061166112297e+01
9.878279062527193233e+00
1.020583472554046445e+01
9.965581366512356709e+00
8.762936677491564907e+00
8.881744606314642354e+00
8.606849103464835338e+00
8.482687102920387190e+00
8.400314911775410565e+00
8.074815142221853037e+00
8.137751337745278590e+00
5.641190217354409064e+00
8.073385433034557579e+00
8.150464204074395980e+00
7.831530184789415650e+00
8.003986543015333410e+00
7.839509837786142299e+00
7.869483843455685523e+00
7.355303794738707879e+00
7.118606886076177531e+00
7.260865725467113840e+00
7.066846153775835582e+00
7.164793335862825963e+00
7.138611226829134182e+00
7.221266395915152181e+00
7.701580678584177164e+00
7.550571614310851665e+00
7.361845650776605687e+00
7.379155178656599645e+00
7.522208393160316753e+00
7.589269711860477940e+00
7.488718188558779687e+00
7.785248181714178095e+00
7.701607656049301198e+00
7.369674564164371056e+00
7.753547833091658958e+00
7.743712762469312061e+00
7.221663049049224625e+00
7.631998224475047721e+00
7.735927415441310906e+00
7.983109805239664958e+00
8.161686448574808850e+00
9.783386072145349388e+00
1.317030670739564435e+01
1.443676945306802395e+01
1.421782722834675106e+01
1.526406182988084659e+01
1.564372425784269360e+01
1.584424468096674588e+01
1.396237660333711439e+01
1.035819286274571738e+01
1.189747017080694391e+01
1.568209739988490270e+01
1.624968369109743094e+01
1.507454436675367226e+01
1.124169276172202991e+01
8.048380907535873874e+00
7.945480917984887981e+00
9.479815316944760539e+00
1.099254008980456376e+01
1.095002011732962544e+01
1.082770208886503660e+01
8.808478088597368583e+00
8.141584116869283960e+00
8.123822358854679848e+00
7.873469330597886007e+00
7.768249276841164175e+00
7.707455647816993327e+00
7.811963489406970496e+00
8.088852967413004080e+00
6.849993042628625517e+00
1.094559039443185711e+01
1.212430731911388371e+01
1.247641666187528209e+01
1.118408839701044855e+01
1.201623995452253446e+01
1.961982083548221922e+01
2.117037083764341077e+01
2.149384676963662955e+01
2.137402224285294849e+01
1.511413130377053804e+01
1.827196257165600102e+01
1.503265035285982520e+01
1.409295171750251185e+01
1.062000979116388066e+01
8.865486868997495051e+00
9.130001192535289078e+00
1.008989352099114889e+01
1.099162438804523312e+01
1.029893078162493403e+01
1.005277616117649586e+01
8.448835478271641719e+00
7.782415562824304800e+00
7.724833529706173429e+00
7.951665177901254822e+00
8.267960003283787884e+00
8.829687576389289916e+00
1.158126668830104933e+01
1.176364982845740315e+01
1.160537870264933780e+01
9.487539362723225622e+00
7.499950686454101678e+00
7.523561159316757063e+00
7.446801332989847921e+00
7.780187422154978272e+00
8.375170357085378825e+00
1.466093048908389385e+01
1.776052992363415584e+01
1.822701605492235899e+01
1.575547930269716801e+01
8.982087828047566447e+00
7.997082051769848654e+00
7.973455932120313783e+00
8.001811227033128304e+00
8.209940625055279995e+00
1.132537138098728846e+01
1.252640550358873384e+01
1.259920421561871962e+01
1.173740915400984974e+01
8.877014687098862211e+00
8.284241039555167774e+00
7.911565268212052082e+00
7.714523645178744893e+00
1.212398626691676462e+01
1.330383613655365593e+01
1.839606251243263557e+01
1.230548730766824939e+01
8.710326093119173052e+00
8.713928248661630960e+00
8.607517662143257198e+00
8.477036058612670288e+00
8.421963523347509195e+00
8.294558471268445032e+00
8.364336569100501606e+00
9.126213790695636874e+00
1.209030625056118602e+01
1.269214357483097011e+01
1.251793024209676730e+01
1.105718523482031834e+01
8.518851471896892846e+00
8.632117770846111426e+00
8.838664580021536210e+00
1.404960776054761951e+01
1.884124403653978419e+01
1.911638162247523809e+01
1.855596543641017959e+01
1.239165754528191776e+01
9.224724778586169904e+00
9.319080389757264271e+00
9.641824766662022483e+00
9.514768319464309343e+00
9.622448811776239452e+00
9.521536506437742631e+00
9.798545755063884144e+00
9.558107603773390082e+00
1.011533700666242019e+01
1.044966598794813528e+01
1.125635818325919679e+01
1.375588808666263674e+01
1.503848996701712082e+01
1.578374418881589669e+01
1.404284552326969937e+01
1.195092093949731016e+01
1.117524699099919872e+01
1.298281032458560347e+01
1.857746523107558190e+01
2.011820859290465435e+01
2.009221560471856449e+01
1.633523103104249685e+01
1.210230432157912617e+01
1.227876633430113884e+01
1.179177975344747864e+01
1.248693773632967741e+01
9.043868877438155707e+00
1.430565079313590182e+01
1.575346367087571053e+01
1.611129760731794391e+01
1.619878408973444550e+01
1.648592696353208709e+01
1.651299183822547789e+01
1.719873380741087843e+01
1.678345712361960906e+01
1.983588837165012819e+01
2.441144672919776326e+01
