4.986724215859013384e+03
4.988706751619087299e+03
4.990689225177037770e+03
4.992671884536955076e+03
4.994654341524907068e+03
4.996636928585222449e+03
4.998619693331428607e+03
5.000602240371149492e+03
5.002584778109254330e+03
5.004567702939514675e+03
5.006550215286182720e+03
5.008532921509277003e+03
5.010515596647331222e+03
5.012498334649835670e+03
5.014481243543261371e+03
5.016463913666892950e+03
5.018446875467672726e+03
5.020429610185844467e+03
5.022412498198546928e+03
5.024395028652952533e+03
5.026378201098890713e+03
5.028359430563707974e+03
5.030342353682136491e+03
5.032325446396493135e+03
5.034308276665690755e+03
5.036292113072263419e+03
5.038274809731388814e+03
5.040258980015509223e+03
5.042242054927327445e+03
5.044225004605621507e+03
5.046208270564096892e+03
5.048191260942379813e+03
5.050174213954192055e+03
5.052157348039006138e+03
5.054140422356411364e+03
5.056123914524863721e+03
5.058106999490667476e+03
5.060090481751224615e+03
5.062073507066983439e+03
5.064056627430892149e+03
5.066040018824474828e+03
5.068023191897779725e+03
5.070006708485931995e+03
5.071990270976008105e+03
5.073973131476881463e+03
5.075956588717464911e+03
5.077940011616251468e+03
5.079923257748561809e+03
5.081906985936388082e+03
5.083890462099691831e+03
5.085874012905486779e+03
5.087857168040546640e+03
5.089840672108746730e+03
5.091824177830786539e+03
5.093807651068162158e+03
5.095791339848326061e+03
5.097774733079835642e+03
5.099758358493314518e+03
5.101742247371079429e+03
5.103725433244141641e+03
5.105709119060515150e+03
5.107692720819981332e+03
5.109676495110130418e+03
5.111660495366011673e+03
5.113644193892226212e+03
5.115627308080733201e+03
5.117611633730936774e+03
5.119595246867542301e+03
5.121579042862129427e+03
5.123562421823881778e+03
5.125546508023964634e+03
5.127530446581467004e+03
5.129513912724601141e+03
5.131497991142746287e+03
5.133481951124067564e+03
5.135465671253538858e+03
5.137449968637817619e+03
5.139433296812766457e+03
5.141417762057435539e+03
5.143401420546746522e+03
5.145385705430123380e+03
5.147368655932629736e+03
5.149353249997885541e+03
5.151337403364334932e+03
5.153321619224204369e+03
5.155305773300857254e+03
5.157289632641714888e+03
5.159273776305418323e+03
5.161257794457213095e+03
5.163242069475305470e+03
5.165225768995465842e+03
5.167210338550828055e+03
5.169194279187905522e+03
5.171178578300482513e+03
5.173162627708065884e+03
5.175146871205518437e+03
5.177131073477408790e+03
5.179115958084605154e+03
5.181099767820976922e+03
5.183084087860012005e+03
5.185068028437778594e+03
5.187052750318222024e+03
5.189037880644005782e+03
5.191021238435927444e+03
5.193005415363986685e+03
5.194990101332365157e+03
5.196974558512439216e+03
5.198958780506595758e+03
5.200942744738968031e+03
5.202927165351357871e+03
5.204911292517442234e+03
5.206896291276367265e+03
5.208881008184433085e+03
5.210865180575912746e+03
5.212849604195856045e+03
5.214835252183490411e+03
5.216818953863493334e+03
5.218803405006288813e+03
5.220787878772332078e+03
5.222772574191692911e+03
5.224757135086755625e+03
5.226742219638148526e+03
5.228726073427965275e+03
5.230711036851569588e+03
5.232695487801710442e+03
5.234680254166406485e+03
5.236665385046107986e+03
5.238649572978711149e+03
5.240634591133691174e+03
5.242619471606937623e+03
5.244603602965684331e+03
5.246588807912061384e+03
5.248573356108043299e+03
5.250557647598388030e+03
5.252543066129074759e+03
5.254527866558970345e+03
5.256513264178404825e+03
5.258497502774019267e+03
5.260481759226379836e+03
5.262467424779768407e+03
5.264451799455836408e+03
5.266436997423649700e+03
5.268421902188119020e+03
5.270406787717921361e+03
5.272392377721020239e+03
5.274376409744456396e+03
5.276361448771283904e+03
5.278346762063823917e+03
5.280331605579146526e+03
5.282315827622901452e+03
5.284301048659422122e+03
5.286286452038214520e+03
5.288271529744124564e+03
5.290256170758802000e+03
5.292241415235813292e+03
5.294226795199610024e+03
5.296211687505115151e+03
5.298196825893499408e+03
5.300181513966751481e+03
5.302167730031279461e+03
5.304152173710242096e+03
5.306137293936099013e+03
5.308122402569868427e+03
5.310107294789428124e+03
5.312092786176758636e+03
5.314078280173144776e+03
5.316063266846877013e+03
5.318048518109801080e+03
5.320033111416486463e+03
5.322019051246923482e+03
5.324004146403281084e+03
5.325989566606182052e+03
5.327974547486434858e+03
5.329959720297285457e+03
5.331946034730781321e+03
5.333930676561456494e+03
5.335916281662344772e+03
5.337899717460164538e+03
5.339886957609760429e+03
5.341871560980998765e+03
5.343857544532105749e+03
5.345843075261644117e+03
5.347828131106624824e+03
5.349815198914287976e+03
5.351799089596122030e+03
5.353784402522347591e+03
5.355769826254896543e+03
5.357755465484055094e+03
5.359740750978342476e+03
5.361726618561417126e+03
5.363711789251151458e+03
5.365697413456472532e+03
5.367682685392446729e+03
5.369668550321564908e+03
5.371653655793654252e+03
5.373639493635283543e+03
5.375624532518472733e+03
5.377610989504926692e+03
5.379596136553927863e+03
5.381581915510452745e+03
5.383567429961973176e+03
5.385552680860754663e+03
5.387538323819289872e+03
5.389524316743862983e+03
5.391509457917495638e+03
5.393494684600288565e+03
5.395481486044724988e+03
5.397466766614346852e+03
5.399453100484357492e+03
5.401438008441286001e+03
5.403422333683982288e+03
5.405409461236670722e+03
5.407395047870424605e+03
5.409381470898978478e+03
5.411366756570513644e+03
5.413352547132313703e+03
5.415338173925678348e+03
5.417324509445748845e+03
5.419309896789804952e+03
5.421295554482065199e+03
5.423281689181546426e+03
5.425267515049339636e+03
5.427252982131559293e+03
5.429238835594938791e+03
5.431223271871668658e+03
5.433210233592064469e+03
5.435196563610549674e+03
5.437182361101948118e+03
5.439167567535224407e+03
5.441153408512962415e+03
5.443140223616483127e+03
5.445125858420052282e+03
5.447112144020795313e+03
5.449097640584509463e+03
5.451083102934416274e+03
5.453069370308175166e+03
5.455055818681704295e+03
5.457040731361837061e+03
5.459026921011442937e+03
5.461013366858810514e+03
5.462999622438957886e+03
5.464985379049288895e+03
5.466970966758739451e+03
5.468957854782780487e+03
5.470942944309015729e+03
5.472929315900370966e+03
5.474916095931426753e+03
5.476901833788303520e+03
5.478888161816869797e+03
5.480873054254392628e+03
5.482859556530076588e+03
5.484846123570556301e+03
5.486831400605467024e+03
5.488818112973313873e+03
5.490803957128574439e+03
5.492789870163192973e+03
5.494775609235593947e+03
5.496762259932774214e+03
5.498748604475461434e+03
5.500734934260638511e+03
5.502720628749590105e+03
5.504706462256172927e+03
5.506693212438276532e+03
5.508679315768653396e+03
5.510665131451357411e+03
5.512651903423189651e+03
5.514637563332057653e+03
5.516623931842718775e+03
5.518610123062077946e+03
5.520595681218642312e+03
5.522583229359694997e+03
5.524568565116944228e+03
5.526554952434305051e+03
5.528541643553392532e+03
5.530527646660981191e+03
5.532513901860832448e+03
5.534499450283530678e+03
5.536486512279234375e+03
5.538472219301152109e+03
5.540458914840966827e+03
5.542445137075234015e+03
5.544431853345436139e+03
5.546417944209970301e+03
5.548402163882723471e+03
5.550390951145961481e+03
5.552376465681110858e+03
5.554362429825469917e+03
5.556349877494076281e+03
5.558335622343584873e+03
5.560322251280390446e+03
5.562308268314489396e+03
5.564295076472971232e+03
5.566281455380954867e+03
5.568267315192446404e+03
5.600050644388466935e+03
5.602036659706317550e+03
5.604024388343713326e+03
5.606010022571294030e+03
5.607997068339259386e+03
5.609982480970768847e+03
5.611969341771983636e+03
5.613955449250489437e+03
5.615942450168143296e+03
5.617928903376085145e+03
5.619915076435443552e+03
5.621901900964378910e+03
5.623888644087443936e+03
5.625875213302233533e+03
5.627861633488490043e+03
5.629847443880707942e+03
5.631840183250849805e+03
5.633820561282597737e+03
5.635808029803973113e+03
5.637794254425954932e+03
5.639780675850253829e+03
5.641767178823891300e+03
5.643754294921196561e+03
5.645740663859726737e+03
5.647727300977475352e+03
5.649714241259512164e+03
5.651700339024247114e+03
5.653687029708802584e+03
5.655673798856760186e+03
5.657659960659570061e+03
5.659647131986079330e+03
5.661633591738934228e+03
5.663619664228715010e+03
5.665607602080329343e+03
5.667592243760846941e+03
5.669580618306767974e+03
5.671566782044717002e+03
5.673553784920562975e+03
5.675539585212257407e+03
5.677526686127311223e+03
5.679512806778100639e+03
5.681499852246706723e+03
5.683486925367535150e+03
5.685473646232283500e+03
5.687459811791246466e+03
5.689446262254367866e+03
5.691433006510945233e+03
5.693419867965256344e+03
5.695406779666614966e+03
5.697393157197353503e+03
5.699379851970505115e+03
5.701367053646255954e+03
5.703352863445907133e+03
5.705340011134166161e+03
5.707326897362752788e+03
5.709313348020881676e+03
5.711300147829475463e+03
5.713286636077413277e+03
5.715273483390311412e+03
5.717260344660908231e+03
5.719246564422049232e+03
5.721234746603966414e+03
5.723219766067421006e+03
5.725207090502967731e+03
5.727192912727945441e+03
5.729180844400641035e+03
5.731168202778188061e+03
5.733154112527591678e+03
5.735140853415468882e+03
5.737126308811391937e+03
5.739114741542346565e+03
5.741100665051443684e+03
5.743087666604350488e+03
5.745074106822117756e+03
5.747060290931827694e+03
5.749048627818531713e+03
5.751034838899401620e+03
5.753021305519338057e+03
5.755008157134831890e+03
5.756994319889007784e+03
5.758981526528360519e+03
5.760967947378411736e+03
5.762954937976308429e+03
5.764942155067359636e+03
5.766929469735526254e+03
5.768915857702425455e+03
5.770903645560755649e+03
5.772888926106821600e+03
5.774875445451178166e+03
5.776863105901992640e+03
5.778848705900969435e+03
5.780836338368993893e+03
5.782822334400063482e+03
5.784809259239645144e+03
5.786796359885622223e+03
5.788783119700573479e+03
5.790770432436321244e+03
5.792756695106202642e+03
5.794743507339941061e+03
5.796730524698990848e+03
5.798717434032441815e+03
5.800704016701106411e+03
5.802690324616031830e+03
5.804676877408194741e+03
5.806664343443681901e+03
5.808651175812798101e+03
5.810637378888251988e+03
5.812624734541313046e+03
5.814613382353073575e+03
5.816598684833409607e+03
5.818585266104726543e+03
5.820572050881568430e+03
5.822558220748402164e+03
5.824545341508577621e+03
5.826532676506340067e+03
5.828519163846553056e+03
5.830505685339084266e+03
5.832490314277551079e+03
5.834478881182335499e+03
5.836464357487760026e+03
5.838453544219509240e+03
5.840439475379518626e+03
5.842426327903870515e+03
5.844413469272967632e+03
5.846400599827659789e+03
5.848387012696850434e+03
5.850372664106348566e+03
5.852362542897979438e+03
5.854347943743493488e+03
5.856333270975592313e+03
5.858320677902957868e+03
5.860307377064760658e+03
5.862294056105063646e+03
5.864282232836460935e+03
5.866267647402839430e+03
5.868255341601307009e+03
5.870241633609886776e+03
5.872228049905214903e+03
5.874214838463796696e+03
5.876201672091809087e+03
5.878188636419436989e+03
5.880176088453085868e+03
5.882161245936197702e+03
5.884148988645074496e+03
5.886136368229233085e+03
5.888122273941287858e+03
5.890108909223210503e+03
5.892096241643738722e+03
5.894081965615677291e+03
5.896069876793843832e+03
5.898056072856134051e+03
5.900042258904437404e+03
5.902030456246833637e+03
5.904016147203881701e+03
5.906004048465419146e+03
5.907988806037991708e+03
5.909976506609660646e+03
5.911964059034089587e+03
5.913949798397127779e+03
5.915936848978445596e+03
5.917924678879577186e+03
5.919908983463332333e+03
5.921897056282680751e+03
5.923884626496297642e+03
5.925870512173490170e+03
5.927857611917957911e+03
5.929845286193066386e+03
5.931830552521978461e+03
5.933818095370365882e+03
5.935804572027694121e+03
5.937791644664042906e+03
5.939777344309653017e+03
5.941764374166381458e+03
5.943751807238974834e+03
5.945738656001562049e+03
5.947725584791205620e+03
5.949711305015866856e+03
5.951698733670215915e+03
5.953685162065412442e+03
5.955671441213391518e+03
5.957658894950339345e+03
5.959644980259786280e+03
5.961632068360470839e+03
5.963617672286431116e+03
5.965606231381440011e+03
5.967591579613477734e+03
5.969577966687513253e+03
5.971565284754996355e+03
5.973552757413189283e+03
5.975539360507552374e+03
5.977525057701313926e+03
5.979512248070770511e+03
5.981498430699602068e+03
5.983485093594189493e+03
5.985472623231552461e+03
5.987458561918407213e+03
5.989445117781678164e+03
5.991432623859200248e+03
5.993418341600865460e+03
5.995405936144578845e+03
5.997391490512296514e+03
5.999378934481817851e+03
6.001366557912571807e+03
6.003352616519539879e+03
6.005338156488149252e+03
6.007325235157917632e+03
6.009311872118755673e+03
6.011298827957574758e+03
6.013284577772043122e+03
6.015271677985214410e+03
6.017258138812944708e+03
6.019244735785870034e+03
6.021231801590179202e+03
6.023218191668873260e+03
6.025205107804590625e+03
6.027191012606526783e+03
6.029177817925075942e+03
6.031164586987264556e+03
6.033150570306294867e+03
6.035138687101667529e+03
6.037123816001664636e+03
6.039110961453243362e+03
6.041096515220428046e+03
6.043083599523986777e+03
6.045070589426304650e+03
6.047056841865655770e+03
6.049042789630633706e+03
6.051030243329427321e+03
6.053015834011914194e+03
6.055003788467823142e+03
6.056989308010737659e+03
6.058975907836825172e+03
6.060962288580838504e+03
6.062949224237370800e+03
6.064935814080749878e+03
6.066922167337948849e+03
6.068909356980148914e+03
6.070895023776894959e+03
6.072881020548598826e+03
6.074866724887497185e+03
6.076854256082631764e+03
6.078839584586197816e+03
6.080827201719478580e+03
6.082813553971440342e+03
6.084800238645862009e+03
6.086786298071177953e+03
6.088772358404914485e+03
6.090759194681068038e+03
6.092746938762633363e+03
6.094730238994833599e+03
6.096719205133435935e+03
6.098704850855400764e+03
6.100691542767334795e+03
6.102679091280527246e+03
6.104663771182631535e+03
6.106650005886202052e+03
6.108636122409464406e+03
6.110624072277303640e+03
6.112610086875782144e+03
6.114596217646042533e+03
6.116582433556271098e+03
6.118568112406928776e+03
6.120555142519460787e+03
6.122541597517874834e+03
6.124528003535509015e+03
6.126513698813287192e+03
6.128500810734431070e+03
6.130487625156909417e+03
6.132472719749977841e+03
6.134459289770918076e+03
6.136445223312938651e+03
6.138431828411733477e+03
6.140418294271650666e+03
6.142404709210110923e+03
6.144391230255680057e+03
6.146377243080511107e+03
6.148363568391069748e+03
6.150349600554467543e+03
6.152335587703412784e+03
6.154321961651990023e+03
6.156307952881103120e+03
6.158297279067081035e+03
6.160280304105138384e+03
6.162267391824853803e+03
6.164252267799239235e+03
6.166240059024649781e+03
6.168225525511345040e+03
6.170211163214924454e+03
6.172196837837806015e+03
6.174183296994361626e+03
6.176170303237126063e+03
6.178156474287521633e+03
6.180141805334272249e+03
6.182128795132557570e+03
6.184113942367430354e+03
6.186101394187463484e+03
6.188086470333849320e+03
6.190073038952193201e+03
6.192058353353102575e+03
6.194045090367278135e+03
6.196031060037556927e+03
6.198016491194698574e+03
6.200003223246871130e+03
6.201989816413502012e+03
6.203975011287210691e+03
6.205961488597165953e+03
6.207948342881179997e+03
6.209932726955013095e+03
6.211919176523443639e+03
6.213905756922223190e+03
6.215891427679847766e+03
6.217876648282063798e+03
6.219862989439604462e+03
6.221849761139297698e+03
6.223835238985790966e+03
6.225820771307249743e+03
6.227807341866820025e+03
6.229792741397259306e+03
6.231779042578311419e+03
6.233764024584906110e+03
6.235750791197253420e+03
6.237736637042562506e+03
6.239722134625055332e+03
6.241708756989590256e+03
6.243693663708407257e+03
6.245679620788454486e+03
6.247666076633458033e+03
6.249651692736535551e+03
6.251637612660201739e+03
6.253622794392523247e+03
6.255608164996784581e+03
6.257594688771706387e+03
6.259580917302913804e+03
6.261566321508795227e+03
6.263551964582965411e+03
6.265538142371468894e+03
6.267523147615586822e+03
6.269509501043624368e+03
6.271495145820146718e+03
6.273481063298216213e+03
6.275466117581185244e+03
6.277452371557030347e+03
6.279438371318363352e+03
6.281424688389039147e+03
6.337018110981332029e+03
6.339004775641836204e+03
6.340989475408522594e+03
6.342974831309514229e+03
6.344961134710560145e+03
6.346946153698722810e+03
6.348930407220539564e+03
6.350916708516313520e+03
6.352901461765448403e+03
6.354887070879894054e+03
6.356872590547871368e+03
6.358857560629357977e+03
6.360842339199006346e+03
6.362827579868268913e+03
6.364813125538167697e+03
6.366798800923790623e+03
6.368783184968684509e+03
6.370768855921935938e+03
6.372753929218823032e+03
6.374739967474693913e+03
6.376723754011004530e+03
6.378709892039266379e+03
6.380695379235786277e+03
6.382679797535445687e+03
6.384665512253950510e+03
6.386649385439910475e+03
6.388635429196591758e+03
6.390620553050296621e+03
6.392604894441230499e+03
6.394591164213928096e+03
6.396575550462801402e+03
6.398558476487840380e+03
6.400545800855200469e+03
6.402530828835400825e+03
6.404515439144372976e+03
6.406500212191258470e+03
6.408485139188142966e+03
6.410471136207465861e+03
6.412455634721553906e+03
6.414442323004199352e+03
6.416425741046534313e+03
6.418410317968543495e+03
6.420395352685347461e+03
6.422380191227454816e+03
6.424364411703436417e+03
6.426350843608796822e+03
6.428334110790797240e+03
6.430319605798096745e+03
6.432304816602228129e+03
6.434289358555028230e+03
6.436273751507884299e+03
6.438258801168202808e+03
6.440244088130317323e+03
6.442228205285134209e+03
6.444212876704586051e+03
6.446198927412764533e+03
6.448182608108600107e+03
6.450167335231685684e+03
6.452152054385456722e+03
6.454136385126183995e+03
6.456120807325920396e+03
6.458106146922442349e+03
6.460090417842246097e+03
6.462077222841906405e+03
6.464060174502399605e+03
6.466044447175729147e+03
6.468029162186108806e+03
6.470013429089127385e+03
6.471997958504087364e+03
6.473983444130313728e+03
6.475967166617183466e+03
6.477951618441944447e+03
6.479936476697889702e+03
6.481921138720379531e+03
6.483905068764025600e+03
6.485890057566756695e+03
6.487874152212834815e+03
6.489858622297058901e+03
6.491843514445765322e+03
6.493827566226258568e+03
6.495814554049333310e+03
6.497798168517424529e+03
6.499782886173078623e+03
6.501764295778721134e+03
6.503749156721391955e+03
6.505732832675661484e+03
6.507718410984233742e+03
6.509703157272643693e+03
6.511687647013738570e+03
6.513670336522651269e+03
6.515655876541332873e+03
6.517639051841352739e+03
6.519623888475279273e+03
6.521607733654487674e+03
6.523591568994374938e+03
6.525575721281841652e+03
6.527560533070603924e+03
6.529544699338401188e+03
6.531527387259704483e+03
6.533512643931114326e+03
6.535496409692309498e+03
6.537480703306894611e+03
6.539465315073222882e+03
6.541448998656218464e+03
6.543432519798622707e+03
6.545417769342082465e+03
6.547401438928955940e+03
6.549385286497820744e+03
6.551369196148165429e+03
6.553352012284018201e+03
6.555337616238996816e+03
6.557320746206377407e+03
6.559305175619084366e+03
6.561288503649015183e+03
6.563272475939150354e+03
6.565255576246103374e+03
6.567241370505632403e+03
6.569225166873289709e+03
6.571208195144064121e+03
6.573191795813121644e+03
6.575176022744098191e+03
6.577159466195310415e+03
6.579145277223867197e+03
6.581126845027732088e+03
6.583111297931681293e+03
6.585094301892194380e+03
6.587078817027781952e+03
6.589061663672004215e+03
6.591045610743693032e+03
6.593029577022405647e+03
6.595013074184910693e+03
6.596996393070832710e+03
6.598980176523724367e+03
6.600963773868890712e+03
6.602947474644005524e+03
6.604930859387572127e+03
6.606914455376378100e+03
6.608898596168736731e+03
6.610880495905001226e+03
6.612865435845738830e+03
6.614848295577028694e+03
6.616831988606623781e+03
6.618815679490529874e+03
6.620797604274381229e+03
6.622782146551926417e+03
6.624767101182934312e+03
6.626749089357319463e+03
6.628731625770118626e+03
6.630714425729780487e+03
6.632698678110185938e+03
6.634682872305961610e+03
6.636665528692314183e+03
6.638648746090110762e+03
6.640632977035483236e+03
6.642615284467232414e+03
6.644598335109073560e+03
6.646580844986016928e+03
6.648565331744409377e+03
6.650547528053001770e+03
6.652531241752055394e+03
6.654514321583048513e+03
6.656497607211509603e+03
6.658481210399461816e+03
6.660464519776171073e+03
6.662446929126632313e+03
6.664429737504654440e+03
6.666412952122816932e+03
6.668395632541187297e+03
6.670379501878870542e+03
6.672362123581178821e+03
6.674344856822041947e+03
6.676328017244975854e+03
6.678311010644665657e+03
6.680296262410981399e+03
6.682275953892970392e+03
6.684259683312193374e+03
6.686242340139240696e+03
6.688225125999350894e+03
6.690208081653143381e+03
6.692190616476615105e+03
6.694173661400606761e+03
6.696156641064255382e+03
6.698138861150823686e+03
6.700122050822017627e+03
6.702105494178887056e+03
6.704087304101656628e+03
6.706069664608934545e+03
6.708052103486747001e+03
6.710035133573046551e+03
6.712018020923701442e+03
6.714000904573496882e+03
6.715982563454530464e+03
6.717966207865678371e+03
6.719949401182570909e+03
6.721931133498143026e+03
6.723913132033578222e+03
6.725895121681198361e+03
6.727878722007572833e+03
6.729859895708029399e+03
6.731843092703514230e+03
6.733825901478670858e+03
6.735807098192409285e+03
6.737790946895392153e+03
6.739772522040991134e+03
6.741756952386252124e+03
6.743737570321870407e+03
6.745720067836025009e+03
6.747701156667231771e+03
6.749684355435651014e+03
6.751666041535865588e+03
6.753649012150400267e+03
6.755630818207728225e+03
6.757612513553270219e+03
6.759595849404819091e+03
6.761577425908933037e+03
6.763559681986040232e+03
6.765541251133574406e+03
6.767523510495323535e+03
6.769505554551700698e+03
6.771487623078702200e+03
6.773470220059394705e+03
6.775451582249128478e+03
6.777433519259215245e+03
6.779416464452083346e+03
6.781397090782485066e+03
6.783380024650904488e+03
6.785361935083177741e+03
6.787343369661178258e+03
6.789325048045541735e+03
6.791306153783943046e+03
6.793288771673192059e+03
6.795271546408178438e+03
6.797253099982758613e+03
6.799233438899488647e+03
6.801216652869396967e+03
6.803198636490707941e+03
6.805179299583504871e+03
6.807160811130412185e+03
6.809142210266379152e+03
6.811125082405390458e+03
6.813104391368528923e+03
6.815086764239539662e+03
6.817069314714245593e+03
6.819050608221297807e+03
6.821032926419471551e+03
6.823013819759344187e+03
6.824995426188720558e+03
6.826977085886788700e+03
6.828958147234237003e+03
6.830940258087087386e+03
6.832921595940571024e+03
6.834902355506680578e+03
6.836884049024333763e+03
6.838866170262585001e+03
6.840846825127862758e+03
6.842828178767511417e+03
6.844809173846960221e+03
6.846790330790747248e+03
6.848771544738693592e+03
6.850752384277614510e+03
6.852734386843796528e+03
6.854715376986899173e+03
6.856696327338463561e+03
6.858677154726310619e+03
6.860659365839189377e+03
6.862639963980783250e+03
6.864622337747663551e+03
6.866599902214439680e+03
6.868583515264367634e+03
6.870564751044770674e+03
6.872544978705301219e+03
6.874526104741205017e+03
6.876505864035606464e+03
6.878488318420411815e+03
6.880469292187594874e+03
6.882450092734729878e+03
6.884430764361642105e+03
6.886411900688077367e+03
6.888392551432714754e+03
6.890373443405344005e+03
6.892355019922469182e+03
6.894334794408169728e+03
6.896315308909543091e+03
6.898296243205832070e+03
6.900277468422666061e+03
6.902258147602673489e+03
6.904238173988730523e+03
6.906219569979845801e+03
6.908199094255442105e+03
6.910180730653240971e+03
6.912160739618963817e+03
6.914141248076507509e+03
6.916124351954074882e+03
6.918101907631948052e+03
6.920082379288185621e+03
6.922062058810157396e+03
6.924043767674057563e+03
6.926023950318402058e+03
6.928004585574228258e+03
6.929985052841236211e+03
6.931965254325500609e+03
6.933944906388460367e+03
6.935926288807293531e+03
6.937906387132563395e+03
6.939886591844143368e+03
6.941866239258514724e+03
6.943846835657148404e+03
6.945826779492027526e+03
6.947806775285425829e+03
6.949787571512283648e+03
6.951766559735903684e+03
6.953746922398536299e+03
6.955727857670160120e+03
6.957707797573209064e+03
6.959687040328170951e+03
6.961668379886702496e+03
6.963647911131153705e+03
6.965627272224238368e+03
6.967607677708603660e+03
6.969587604738949267e+03
6.971568776289303969e+03
6.973546712350666894e+03
6.975526442031365150e+03
6.977508514260208358e+03
6.979486588306827798e+03
6.981466170499756117e+03
6.983446214575121303e+03
6.985425334313979874e+03
6.987405220347023715e+03
6.989385137633460545e+03
6.991364846461598972e+03
6.993344854489726458e+03
6.995323823777087455e+03
6.997303530552670964e+03
6.999283976022171373e+03
7.001262400005004565e+03
7.003239933411916354e+03
7.005221648654046476e+03
7.007201193189453988e+03
7.009179896404053579e+03
7.011160509846539753e+03
7.013139438765741943e+03
7.015118669054796555e+03
7.017097639437261023e+03
7.019077438590318707e+03
7.021059162365060729e+03
7.023036753075644810e+03
7.025012908285987578e+03
7.026997961572806162e+03
7.028973960351513597e+03
7.030959223598797507e+03
7.032932969552118266e+03
7.034910739127205488e+03
7.036889982882683398e+03
7.038869031220238867e+03
7.040847854955583898e+03
7.042825931662657240e+03
7.044805977144200369e+03
7.046783643144682173e+03
7.048764019470331732e+03
7.050742899825269888e+03
7.052722230880167444e+03
7.054700575639852104e+03
7.056679201931908210e+03
7.058657882703025280e+03
7.060636906916890439e+03
7.062615809852825805e+03
7.064594912148376352e+03
7.066573008190025575e+03
7.068552544556778230e+03
7.070530710297732185e+03
7.072509057156915333e+03
7.074488483602886845e+03
7.076466323019563788e+03
7.078445072804798656e+03
7.080423615962865370e+03
7.082401019929426184e+03
7.084380254193891233e+03
7.086357697733225905e+03
7.088336071328370053e+03
7.090315902549461498e+03
7.092294327601271107e+03
7.094272626459724961e+03
7.096251208004408909e+03
7.098229509086299004e+03
7.100207521082547828e+03
7.102186117858785110e+03
7.104163896829722034e+03
7.106142331056186777e+03
7.108120561864125193e+03
7.110098771439752454e+03
7.112077103135493417e+03
7.114054996336642034e+03
7.116032919470761954e+03
7.118010950941593364e+03
7.119989025530006984e+03
7.121967569261384597e+03
7.123945537443963985e+03
7.125923053571142191e+03
7.127900175742714964e+03
7.129878704797819410e+03
7.131856552443058717e+03
7.133837010467251275e+03
7.135812678520841473e+03
7.137789484430591074e+03
7.139768560399637863e+03
7.141745397353929548e+03
7.143723115788697214e+03
7.145702420239006642e+03
7.147678748819549583e+03
7.149656155551856500e+03
7.151634116495274611e+03
7.153610570462498799e+03
7.155589279775310388e+03
7.157566788273855309e+03
7.159544020295146765e+03
7.161521342778609323e+03
7.163498540737884468e+03
7.165476765005284506e+03
7.167453357977652558e+03
7.169430991939733758e+03
7.171408568265527720e+03
7.173385671479059056e+03
7.175362961171834286e+03
7.177339614896342937e+03
7.179317854206076845e+03
7.181294592376474611e+03
7.183271612138145429e+03
7.185249624814759954e+03
7.187226088977037762e+03
7.189203357915731431e+03
7.191182160227700479e+03
7.193157923675697020e+03
7.195134904540827847e+03
7.197112160820664030e+03
7.199087845366154397e+03
7.201064769843831527e+03
7.203042467260199373e+03
7.205018542656225691e+03
7.206996594368675687e+03
7.208972103014903951e+03
7.210949775547368517e+03
7.212926073846584586e+03
7.214902384773678932e+03
7.216880082260262498e+03
7.218856476039510198e+03
7.220834620065605122e+03
7.222809525203965677e+03
7.224786156771075184e+03
7.226762370239720440e+03
7.228739815054554128e+03
7.230716358742402008e+03
7.232692827290543391e+03
7.234669190562674885e+03
7.236645236602405021e+03
7.238621064112681779e+03
7.240597230978713014e+03
7.242573467212634569e+03
7.244550528533548459e+03
7.246525639422199674e+03
7.248502776149255624e+03
7.250478887621587091e+03
7.252455059829430866e+03
7.254431919765749626e+03
7.256407118074791470e+03
7.258383693891014445e+03
7.260359804812680522e+03
7.262335475369908636e+03
7.264314444033946529e+03
7.266288088975230494e+03
7.268263628263191094e+03
7.270239242532076787e+03
7.272215403884873012e+03
7.274191659785555203e+03
7.276166685751490149e+03
7.278142759285882676e+03
7.280118898262535367e+03
7.282094623048752510e+03
7.284070305138628100e+03
7.286046981321414023e+03
7.288021962995223475e+03
7.289997735159318836e+03
7.291972322396713025e+03
7.293948140521117239e+03
7.295924016616225344e+03
7.297899823662874951e+03
7.299875608776384070e+03
7.301850942678355750e+03
7.303827594526220309e+03
7.305801088696264742e+03
7.307777428310699179e+03
7.309752060208028524e+03
7.311727464377994693e+03
7.313702707626236588e+03
7.315678240682429532e+03
7.317653509863552244e+03
7.319628367994437212e+03
7.321603984186782327e+03
7.323578915172518464e+03
7.325553748983127662e+03
7.327529713981977693e+03
7.329506118288936705e+03
7.331479250929171940e+03
7.333453984196589772e+03
7.335429363424014809e+03
7.337403944430861884e+03
7.339379001205365057e+03
7.341355466292592610e+03
7.343328823332247339e+03
7.345303395081960844e+03
7.347278707428852613e+03
7.349252765805670606e+03
7.351228967379267488e+03
7.353202840705826020e+03
7.355176758836584668e+03
7.357152152955749443e+03
7.359126741018433677e+03
7.361101337109847009e+03
7.363075189493973085e+03
7.365050527747940578e+03
7.367024464898799124e+03
7.368998901491485412e+03
7.370973617112596003e+03
7.372948035024298406e+03
7.374921995692392557e+03
7.376897020616970622e+03
7.378870588810068512e+03
7.380845556991558624e+03
7.382819596558268131e+03
7.384794641854746260e+03
7.386767525393069263e+03
7.388741635746288011e+03
7.390716013575668512e+03
7.392690693280668711e+03
7.394663775426972279e+03
7.396638481711922395e+03
7.398611648691959090e+03
7.400586843378314370e+03
7.402560513103299854e+03
7.404533804742002758e+03
7.406507893985482042e+03
7.408482072946685548e+03
7.410455392144669531e+03
7.412429905872668314e+03
7.414402597857942965e+03
7.416377368307813413e+03
7.418350816550730087e+03
7.420324650227850725e+03
7.422297809301734560e+03
7.424271459239457727e+03
7.426245778080057789e+03
7.428218267853852922e+03
7.430191668451518126e+03
7.432165053560871456e+03
7.434139192489073139e+03
7.436112284037597419e+03
7.438086322707390536e+03
7.440058819191518523e+03
7.442031970493262634e+03
7.444005764413592260e+03
7.445979000765461024e+03
7.447951681462348461e+03
7.449925651870965339e+03
7.451902803087726170e+03
7.453875604127386396e+03
7.455849412926524565e+03
7.457815317001353833e+03
7.459786686307651507e+03
7.461759384494592268e+03
7.463730887236832132e+03
7.465709791815608696e+03
7.467682133529068778e+03
7.469655423970043557e+03
7.471627617983834170e+03
7.473600894447155952e+03
7.475573469037130053e+03
7.477546694146457412e+03
7.479519543031883586e+03
7.481491551485685704e+03
7.483465723666960002e+03
7.485435717701980138e+03
7.487408946976525840e+03
7.489380825334405927e+03
7.491353343235170541e+03
7.493326667485111102e+03
7.495299870825672770e+03
7.497272060106004574e+03
7.499242744271911761e+03
7.501216054785481901e+03
7.503188692489336972e+03
7.505161526220852465e+03
7.507133637125962196e+03
7.509105938010893624e+03
7.511077341254970634e+03
7.513049839105062347e+03
7.515022571361645532e+03
7.516991560380295596e+03
7.518966118703907341e+03
7.520937770202721367e+03
7.522910213803802435e+03
7.524882483268930628e+03
7.526854092974477680e+03
7.528825471702924006e+03
7.530797860673659670e+03
7.532769542923579138e+03
7.534741502067823603e+03
7.536712917354775527e+03
7.538685122416898594e+03
7.540656238866215972e+03
7.542628294632966572e+03
7.544599466947437577e+03
7.546571326799925373e+03
7.548541762391581869e+03
7.550514489513481749e+03
7.552485596440264999e+03
7.554457646573626334e+03
7.556428438225113496e+03
7.558399922476872234e+03
7.560372071488448455e+03
7.562342928879327701e+03
7.564314289438861124e+03
7.566285096300474834e+03
7.568256341477898786e+03
7.651016487039081767e+03
7.652985492580261052e+03
7.654954979636321696e+03
7.656926359577542826e+03
7.658894232122197536e+03
7.660864977040153462e+03
7.662834595254296801e+03
7.664803898413591014e+03
7.666772485365084322e+03
7.668741968561365866e+03
7.670712197961147467e+03
7.672680655062048572e+03
7.674649964910091512e+03
7.676620245465627704e+03
7.678589113622253535e+03
7.680558352170225589e+03
7.682527287248056382e+03
7.684496864138929595e+03
7.686464980579450639e+03
7.688435457680925538e+03
7.690403177291191241e+03
7.692372643423946101e+03
7.694341866034752456e+03
7.697293073834840470e+03
7.700248443515268264e+03
7.702215877668033500e+03
7.704186307996843425e+03
7.706153694909759906e+03
7.708123810388500715e+03
7.710092393291902226e+03
7.712060542174205693e+03
7.714029309388391994e+03
7.715997577614363763e+03
7.717966806660717339e+03
7.719936190050508230e+03
7.721903377845282193e+03
7.723871869409474129e+03
7.725840510472115056e+03
7.727809411739980533e+03
7.729776938193017486e+03
7.731745252171668653e+03
7.733713883405640445e+03
7.735681871204914387e+03
7.737649999869876410e+03
7.739618090038350601e+03
7.741586339928000598e+03
7.743554314127054568e+03
7.745522302931833110e+03
7.747490293106540776e+03
7.749457774467768104e+03
7.751426161842038709e+03
7.753394127503534037e+03
7.755361732326633501e+03
7.757329637448998255e+03
7.759297644610677708e+03
7.761265329039443714e+03
7.763232859755913523e+03
7.765200476510962289e+03
7.767168291809977745e+03
7.769134878947012112e+03
7.771103710928464352e+03
7.773071195131584318e+03
7.775038260845104560e+03
7.777005651117673551e+03
7.778974076919704203e+03
7.780940507043503203e+03
7.782907959985926936e+03
7.784874889487350629e+03
7.786842324952955096e+03
7.788809973168104079e+03
7.790776540370653493e+03
7.792744426633946205e+03
7.794710739969695169e+03
7.796677857148206385e+03
7.798645264499636141e+03
7.800612381921252563e+03
7.802578617992110594e+03
7.804546001600945601e+03
7.806513242629760498e+03
7.808480210938090750e+03
7.810446706112954416e+03
7.812412882749697019e+03
7.814378779681402193e+03
7.816346716401217236e+03
7.818313335797968648e+03
7.820280010689277333e+03
7.822246568348763503e+03
7.824212327227290189e+03
7.826179910938865760e+03
7.828146067721620966e+03
7.830111772633531473e+03
7.832079424345529333e+03
7.834045560370544081e+03
7.836011063514927628e+03
7.837978191334875191e+03
7.839944227758773195e+03
7.841909981806275937e+03
7.843876419727867869e+03
7.845842244806247436e+03
7.847808450679678572e+03
7.849775008154754687e+03
7.851741293350245542e+03
7.853707098998637775e+03
7.855672785899505470e+03
7.857638285129929500e+03
7.859604060562635823e+03
7.861569994703073462e+03
7.863535474229774991e+03
7.865501753950672537e+03
7.867467592392451479e+03
7.869433491838481132e+03
7.871398410190257891e+03
7.873364907825301088e+03
7.875329318802579110e+03
7.877295643489424037e+03
7.879259957689690964e+03
7.881226107218314610e+03
7.883191600219931388e+03
7.885156440502923942e+03
7.887122085828796116e+03
7.889085769498889022e+03
7.891051593180275631e+03
7.893017590087732060e+03
7.894982974332275262e+03
7.896948355750309020e+03
7.898913285426999209e+03
7.900877982138138577e+03
7.902843846761590612e+03
7.904808013219509121e+03
7.906772959426407397e+03
7.908738086667195603e+03
7.910702613987138648e+03
7.912667476426424400e+03
7.914632143135091610e+03
7.916597116945731614e+03
7.918561374756971418e+03
7.920526262622121976e+03
7.922490680305370915e+03
7.924455030249775518e+03
7.926419882637126648e+03
7.928384733708190652e+03
7.930348860906052323e+03
7.932313308692274404e+03
7.934277577077484239e+03
7.936240648826843426e+03
7.938206121712881213e+03
7.940170572759219795e+03
7.942135129955615412e+03
7.944098936772384150e+03
7.946062259745212032e+03
7.948026634768484655e+03
7.949984655593244497e+03
7.951949562781903296e+03
7.953913414989462581e+03
7.955883199868653719e+03
7.957846712368881526e+03
7.959810160056801578e+03
7.961775265758009482e+03
7.963738334441064580e+03
7.965701928591910473e+03
7.967664587920347003e+03
7.969629212589582494e+03
7.971591673426265515e+03
7.973556877608883951e+03
7.975519891530854693e+03
7.977484046147217668e+03
7.979446897234345670e+03
7.981410363937922739e+03
7.983373811204214689e+03
7.985338003226052024e+03
7.987300574759432493e+03
7.989263381488691266e+03
7.992209241362297689e+03
7.995153148718051852e+03
7.997116351489417866e+03
7.999077683233812422e+03
8.001043205924079302e+03
8.003005320213609593e+03
8.004967140804308656e+03
8.006931259240157488e+03
8.008893704819363847e+03
8.010856834734867334e+03
8.012819567648961311e+03
8.014781907381755445e+03
8.016744854899810889e+03
8.018707469032453446e+03
8.020669697776222165e+03
8.022629914104733871e+03
8.024600816876164572e+03
8.026557392747025006e+03
8.028520007635699585e+03
