2.423095947920854254e+00
2.393681959389915015e+00
2.424653217895877955e+00
2.355642616287352720e+00
2.130277961039048318e+00
2.324993241226998464e+00
2.272297864666767531e+00
2.210661231525976156e+00
2.283101618381103926e+00
2.196293663571982968e+00
2.268731600121929315e+00
2.221441125227688218e+00
2.274454101638466508e+00
2.258330950132399373e+00
2.237809545491605601e+00
2.235607693280007968e+00
2.245895388076957211e+00
2.229747019996286994e+00
2.188023614565559161e+00
2.182492267095649474e+00
2.206673196833770945e+00
2.193815994728908869e+00
2.183231897595506954e+00
2.164965079467133346e+00
2.141762256425256972e+00
2.123774023147717127e+00
2.157164356176143105e+00
2.098870042043116779e+00
2.133634212259607033e+00
2.109602940377178548e+00
2.149685167587732426e+00
2.061887807397546180e+00
2.124456760372647857e+00
2.128411251399084492e+00
2.080098987001296695e+00
2.064759351184217717e+00
2.048986203358557301e+00
2.084472835076908392e+00
2.077833692041554325e+00
2.017966592510340718e+00
2.053664844438673143e+00
2.062480724271292587e+00
2.079314433758207681e+00
1.829003413924497279e+00
2.027956705959154338e+00
2.049013200110100463e+00
2.057568917252694529e+00
1.841926092709119667e+00
1.802307368274508548e+00
2.046218551828108190e+00
2.093102378240377703e+00
2.091684168190306004e+00
2.098706730665378384e+00
2.056781807179880683e+00
2.083844003331179362e+00
2.075084463327740103e+00
2.293136804612919466e+00
2.055114920258124922e+00
2.048151675081006928e+00
2.051316651149459602e+00
2.030237029279547745e+00
2.027187932150801508e+00
2.077240368590728803e+00
2.035580690962191852e+00
2.036900077132002274e+00
2.027719478428929634e+00
2.046029567125594362e+00
2.007085843660423752e+00
2.064285340912161537e+00
2.027069004605005720e+00
2.077740037617042290e+00
2.094382344679877495e+00
2.161982067037762523e+00
2.154187986877309946e+00
2.147688376735605864e+00
2.138393929717257169e+00
2.075069400956432997e+00
2.080669284034829758e+00
2.022747404264320537e+00
2.035022683890818307e+00
2.047074965708642669e+00
2.052975886196370059e+00
2.048565653309164514e+00
2.047722259923319577e+00
2.021551044129233698e+00
2.015673729381850965e+00
1.885092145970302724e+00
2.069545108252536014e+00
2.108905120712448511e+00
2.086903598182165087e+00
2.098102852411854791e+00
2.099358699925254701e+00
2.063575216933175138e+00
2.090456534872881633e+00
2.066715742846173320e+00
2.098595686082054268e+00
2.057401641436230388e+00
2.096242019912022858e+00
2.093704803956568661e+00
2.078806940599644104e+00
2.077792722001833514e+00
2.064366009473390662e+00
2.060024881917954076e+00
2.087255034808982224e+00
2.048419986915725577e+00
2.089103774010826253e+00
2.049799993549179078e+00
2.076761743187728992e+00
2.083128427695295493e+00
2.093967862618759224e+00
2.064371319635240454e+00
2.088310116924700921e+00
2.085514863946497766e+00
2.042876665567823657e+00
2.093835054727397615e+00
2.087095281488873688e+00
2.072801402750482413e+00
2.151712032694508281e+00
2.170356311444066488e+00
2.271014418256348755e+00
2.254750500363903232e+00
2.335786953631900698e+00
2.324877053742277599e+00
2.300539018922260759e+00
2.271036143372243465e+00
2.286767301563330967e+00
2.243319766031241169e+00
2.200771008642097737e+00
2.181792092080431011e+00
2.147378196369969849e+00
2.199068936616708658e+00
1.905706084439811931e+00
2.134144993112700117e+00
2.186838104955307394e+00
2.283397065860079955e+00
2.534876646030006064e+00
2.848882008441201652e+00
3.207556741263466904e+00
3.688274965887797130e+00
3.813173208777295375e+00
4.004556702833339088e+00
4.045328844849668037e+00
3.538694154002470338e+00
3.207870389258622446e+00
3.179391919856315418e+00
3.107463564216875529e+00
2.829004780225301996e+00
2.348995192424024658e+00
2.255569644009868036e+00
2.271333056136183526e+00
2.249193665685566668e+00
2.223853891192610899e+00
2.225670743533702201e+00
2.237754274450057590e+00
2.278208601660619781e+00
2.316516213263886126e+00
2.428710969124775687e+00
2.435127464483704873e+00
2.540698678274541766e+00
2.465606997277493662e+00
2.424726182084647519e+00
2.252489018980096791e+00
2.270317951200702566e+00
2.228646130338313380e+00
2.292709772939401258e+00
2.276497468927982215e+00
2.260864613528591693e+00
2.281289546335784291e+00
2.344264245421717519e+00
2.319444292178121092e+00
2.311130310144165367e+00
2.302224340883046061e+00
2.313815219431749615e+00
2.279885487856799120e+00
2.197070954978930679e+00
2.150375534233762931e+00
2.205630773546317425e+00
2.156747461640629027e+00
2.257925417067279561e+00
2.234128468310777826e+00
2.231256473273501406e+00
2.223872242161236912e+00
2.088378849583101715e+00
2.336030930612231771e+00
2.333311213219735336e+00
2.319111037643465156e+00
2.303365387257815478e+00
2.315832876293542508e+00
2.260770543877440808e+00
2.208907050460682697e+00
2.179677091959422608e+00
2.195925161004543380e+00
2.137005916501509617e+00
2.141675776971466494e+00
2.172901600285442658e+00
2.235239959244131658e+00
2.268805744868505503e+00
2.308257345191318866e+00
2.392110498398079876e+00
2.810188569991935559e+00
2.688856200108112215e+00
2.964682301281687415e+00
2.464593723118457369e+00
2.357438914099290628e+00
2.288927353146847032e+00
2.232403269509013466e+00
2.180377009484817385e+00
2.121161587885148858e+00
2.177369505536342675e+00
2.148706343177548828e+00
2.133624532015251152e+00
2.136207694094732101e+00
2.140570781379456111e+00
2.100627700261978426e+00
2.114711971683769676e+00
2.175084951496790708e+00
2.137201571000176159e+00
2.132380324825965179e+00
2.127075921150444415e+00
2.134570875565955372e+00
2.148274595241515428e+00
2.134788343506607511e+00
2.107573463233687772e+00
2.097334697144969784e+00
2.127782522174659352e+00
2.093534841328505980e+00
2.128409568171157673e+00
2.077295708208901193e+00
2.075137968788852483e+00
2.092077965980952747e+00
2.086651885112663418e+00
2.077051669997318495e+00
2.080785977883831350e+00
2.037248862661746429e+00
2.048946133677488568e+00
1.825066783688466643e+00
2.060543989111870644e+00
1.965705487813715679e+00
1.893668913473610438e+00
2.458247872357457897e+00
1.941781760729863526e+00
1.945334194765374614e+00
1.943613941433387948e+00
1.947878445396807656e+00
1.987888691877695901e+00
1.984474367925577631e+00
1.955894576272148910e+00
1.952093223914913800e+00
1.982530959084014777e+00
1.962097979243103918e+00
1.957578248411992572e+00
2.007466199354674519e+00
1.966378396736085277e+00
1.947131515596730145e+00
1.942383893455858157e+00
1.966592443299178816e+00
1.949339747317103688e+00
1.892808702209106020e+00
1.929087337533758939e+00
1.923725246642353115e+00
1.943584049516295265e+00
1.921116930143315971e+00
1.921221025562742657e+00
1.957022785197691350e+00
1.944546278173663323e+00
1.915768077450919371e+00
1.964260058321721791e+00
1.889924866652559654e+00
1.939055139774751746e+00
1.926214517366384493e+00
1.921022619707880352e+00
1.973713183472878940e+00
1.959105731276875151e+00
1.925411888601935573e+00
1.935442940214394891e+00
1.925501043625112985e+00
1.961527331957001463e+00
1.921641648793461554e+00
1.927156623419099324e+00
1.787732143708399057e+00
1.935559451310140400e+00
1.911920485633490374e+00
1.928648048160186645e+00
1.917101009322599525e+00
1.952295342178250070e+00
1.913767502234431594e+00
1.912870632531233017e+00
1.901138559490192614e+00
1.871374319816313969e+00
1.918306921806123500e+00
1.941507835397429771e+00
1.868323170786875265e+00
1.944692716006342526e+00
1.913492700078617048e+00
1.905023125767788317e+00
1.873118008386782885e+00
1.923882849597796652e+00
1.890038597451116242e+00
1.880294492981026799e+00
1.873867244441793423e+00
1.914670858123369124e+00
1.918826140922543555e+00
1.889462041302773843e+00
1.937896569996455431e+00
1.970313546713237107e+00
1.946901473243609404e+00
1.932429109088224184e+00
1.888648454279074684e+00
1.909537281170546885e+00
1.916306454924058933e+00
1.895215046576761653e+00
1.882037112110691579e+00
1.885464346154239523e+00
1.861067702793628209e+00
1.867295764696677907e+00
1.875830226127692013e+00
1.817098263575799066e+00
1.806157883992830504e+00
1.819324960050906492e+00
1.827357043338497578e+00
1.825332270090674225e+00
1.801967978179176422e+00
1.843449695276809130e+00
1.872302109530980641e+00
1.892432282113165165e+00
1.909091893383099592e+00
1.896823262944136834e+00
1.924525020047168411e+00
1.939876670970418937e+00
1.911235863983838046e+00
1.861745206526006058e+00
1.856294330527372916e+00
1.845436551160073879e+00
1.863421852428313041e+00
1.853199368680784609e+00
1.848244471784052489e+00
1.839160303391219387e+00
1.817920011577700778e+00
1.826991645303368994e+00
1.856749455431124574e+00
1.866585540382970754e+00
1.846192591347589840e+00
1.846655866649755229e+00
1.838273861238784335e+00
1.838631245812335724e+00
1.819906888798538791e+00
1.834759395937822779e+00
1.864263089987738597e+00
1.850513753769227554e+00
1.688139039463270263e+00
1.885101441295299329e+00
1.890054456854746601e+00
1.887812308882317769e+00
1.841449919089698684e+00
1.828191649377277406e+00
1.852551730839917088e+00
1.627167368102630407e+00
1.827081801758513091e+00
1.595816230217755871e+00
1.824715984519353240e+00
1.833851629580213860e+00
1.891698149401267681e+00
1.856410055039345641e+00
1.866040251163948449e+00
1.848709727139357328e+00
1.874936519053471917e+00
1.814243552713127317e+00
1.773589702237839738e+00
1.790917119136056446e+00
1.832312347400720798e+00
1.945748153994437013e+00
2.075898726882347667e+00
2.096878387621384121e+00
2.121563330512788781e+00
2.149864523446352038e+00
2.138213120081080554e+00
2.064488891570749107e+00
1.968691732490520208e+00
1.929965351865999601e+00
1.887643610534572414e+00
1.879773298604339171e+00
1.850041513736976562e+00
1.794904728704832086e+00
1.782052154223187745e+00
1.794731635125338620e+00
1.741008247528597730e+00
1.823150821617738560e+00
2.005784136902361237e+00
2.033794491806873328e+00
2.055165379325199826e+00
2.074456011924212362e+00
2.071660069687421224e+00
2.090394752408113455e+00
1.950495091731270447e+00
1.868601510567972968e+00
1.909589653400341591e+00
1.883755573025202690e+00
1.869743618678546992e+00
1.855730905625401439e+00
1.833764827662786479e+00
1.857929553839060777e+00
1.820572309021033730e+00
1.864833557766554684e+00
1.884136362984930146e+00
1.868230827695003260e+00
1.890320966166272987e+00
1.857151315672924241e+00
1.843130371716018123e+00
1.864806693797107062e+00
2.000288340994081260e+00
2.023028818553100017e+00
1.988324166431774342e+00
2.010326441610118753e+00
1.993577136878616152e+00
1.975347322896187530e+00
1.807941782048964940e+00
1.870028642613039915e+00
2.022890256420724509e+00
3.039559291079919845e+00
3.310209623660604006e+00
3.285220175681133448e+00
3.265797332769591499e+00
3.254863497546523377e+00
3.299619885410372433e+00
2.561625251363383260e+00
2.069640950014207004e+00
1.987513260063596965e+00
2.037387717871537163e+00
1.984080417972038379e+00
1.826908536713275577e+00
1.722827687161447852e+00
1.726853701308356248e+00
1.708276755480873099e+00
1.762583520387408953e+00
1.786426751270884905e+00
1.790414828279025539e+00
1.784481373822778938e+00
1.803117824381357703e+00
1.641374375054059254e+00
1.823467582135631870e+00
1.887130614857198907e+00
1.891103711435754953e+00
1.897786866792875227e+00
1.888189177227167503e+00
1.882460971385953474e+00
1.836095932195922931e+00
1.706245698355690843e+00
1.681336892736994937e+00
1.680547990105129674e+00
1.679542799802186792e+00
1.682794588807768443e+00
1.687049860292730852e+00
1.671433813644946698e+00
1.712462246597990401e+00
1.720074663931085546e+00
1.727889715826502526e+00
1.711606951476990490e+00
1.681757882560473094e+00
1.733840834009960696e+00
1.776626781096176666e+00
1.798533392400614606e+00
1.789207409609272492e+00
1.785708066639426272e+00
1.769459175830592645e+00
1.982524386055753984e+00
2.234614844818565871e+00
2.182938603307650549e+00
2.175348322238612742e+00
2.180735809151192139e+00
2.199032276716409218e+00
2.045586639147026098e+00
1.660982962208610969e+00
1.573158466025353475e+00
1.612191267350148172e+00
1.613456909526384653e+00
1.608504579457814998e+00
1.635557550685311945e+00
1.649144673066005540e+00
1.638845864554633103e+00
1.662348009975432417e+00
1.636687766170191738e+00
1.674619389498110289e+00
1.680319711472249899e+00
1.677094337350067743e+00
1.659397133510992717e+00
1.652335296101932194e+00
1.634569421771519870e+00
1.611158982438681386e+00
1.572130905816657709e+00
1.559242628443470391e+00
1.547242622957719638e+00
1.548420481588908215e+00
1.540548469406548548e+00
1.523306117884843491e+00
1.531757669750658524e+00
1.556365175874300011e+00
1.523505529672317671e+00
1.564491188706963243e+00
1.542387495170262079e+00
1.527264362025978039e+00
1.516038813986766209e+00
1.515495487038765354e+00
1.556258056478462715e+00
1.548043518709093735e+00
1.561484046512303658e+00
1.557225585743192031e+00
1.605532059433075531e+00
1.551268155592611997e+00
1.565929839468656715e+00
1.538372293010094705e+00
1.567183554855895888e+00
1.599482225215862252e+00
1.567133059278946305e+00
1.543402056480032147e+00
1.512412324245435036e+00
1.502328002696432963e+00
1.503885613291247481e+00
1.506581737271194710e+00
1.483476931232917240e+00
1.487280103913011686e+00
1.483175719658914815e+00
1.495468285676939013e+00
1.485278503713707510e+00
1.484528198264601029e+00
1.477750709885043090e+00
1.478319867478379734e+00
1.498118186853574230e+00
1.526800850560714018e+00
1.527007005239050530e+00
1.534844193806318868e+00
1.536663231733434332e+00
1.453119897963155882e+00
1.478639791469054776e+00
1.466695620182423498e+00
1.474143976380283938e+00
1.483197017340499135e+00
1.483905146517778384e+00
1.497306045734200453e+00
1.535752608421173671e+00
1.553911094612068888e+00
1.586920352547816382e+00
1.594844033034346964e+00
1.615716167650045998e+00
1.711242591064316754e+00
1.695513072810683308e+00
1.662054777215069779e+00
1.614764354995526396e+00
1.589875070968030490e+00
1.588405189258953243e+00
1.544735979912144064e+00
1.479529177277480789e+00
1.491686797437212109e+00
1.491577626094409359e+00
1.473854840359615892e+00
1.480876295465265002e+00
1.434598270092664718e+00
1.442250195831053627e+00
1.430322566882238577e+00
1.439649746274484388e+00
1.415074060928618760e+00
1.424085244824058183e+00
1.430993542603411717e+00
1.413991125659646020e+00
1.347061222827085292e+00
1.664602552131268176e+00
1.698062666923449759e+00
1.698220584029987990e+00
1.677048528683375173e+00
1.713680915593277732e+00
1.640360597725791347e+00
1.490729867552754495e+00
1.471520626794422748e+00
1.499733140839649481e+00
1.489227072453369605e+00
1.440526044824066876e+00
1.462942253014694494e+00
1.455966371061730991e+00
1.453043286714576166e+00
1.473540508373718749e+00
1.275847454433222117e+00
1.448840162070961224e+00
1.444012936220462340e+00
1.284738205004577694e+00
1.468100327372949598e+00
1.461131652824777971e+00
1.441875099179090958e+00
1.429518591673227368e+00
1.378856653877967187e+00
1.513696154124286375e+00
1.566557772655981395e+00
1.572861973400890845e+00
1.573522155328302752e+00
1.585738190827552518e+00
1.578176160916854531e+00
1.498739807685858016e+00
1.385077914477795380e+00
1.415369493386470889e+00
1.472302640272722174e+00
1.467692633367084332e+00
1.518138688035862049e+00
1.507905065142833623e+00
1.508967377754361738e+00
1.471642434434869307e+00
1.560900684208178513e+00
1.656897830502050084e+00
1.634402834634540280e+00
1.618124326287434522e+00
1.580824281853528523e+00
1.604929871582173595e+00
1.600172167285322189e+00
1.888343604833600864e+00
1.988108768668432669e+00
1.995194512965710709e+00
1.994674156477107552e+00
2.017780698269819872e+00
2.000471567749841473e+00
1.631373463973199378e+00
1.412680496904399785e+00
1.431104593676784331e+00
1.425588592050617054e+00
1.428734774061140245e+00
1.520059719346370519e+00
1.556802445819080338e+00
1.526919131570120491e+00
1.552233639242647234e+00
1.646590769064032234e+00
1.652943789895818361e+00
1.540390235179904810e+00
1.507166855876419076e+00
1.520167738092458309e+00
1.510644782794899443e+00
1.405852785723928022e+00
1.339395035175374948e+00
1.348044542598733742e+00
1.349414855988603001e+00
1.363069318279839015e+00
1.354011747873299809e+00
1.389674845393728653e+00
1.373483563691225262e+00
1.366342433304305715e+00
1.395997091943225410e+00
1.432133529319550735e+00
1.389535238490516633e+00
1.419028622394176153e+00
1.431596092650168961e+00
1.426125476620595744e+00
1.369530734108489911e+00
1.328947506217013741e+00
1.333044261663267838e+00
1.300575060203710720e+00
1.323144916071909094e+00
1.323553773650166354e+00
1.317811859848508460e+00
1.325907708635558846e+00
1.299811683044621358e+00
1.312146251890196957e+00
1.292490414947613964e+00
1.328968821347079388e+00
1.316094880409174994e+00
1.350058202134208463e+00
1.331821495930485488e+00
1.352159249062106827e+00
1.352746921018762816e+00
1.374672568150198781e+00
1.329396327898220820e+00
1.334515446167233943e+00
1.338762589012199911e+00
1.341512649145852887e+00
1.327455813955975117e+00
1.323680132766274831e+00
1.300601945979733776e+00
1.326556729397871948e+00
1.336643558239090757e+00
1.292751602538918521e+00
1.312620099986804068e+00
1.321751349091437877e+00
1.329990268933405106e+00
1.322639606121985167e+00
1.331121794550750970e+00
1.329618447249773183e+00
1.338450956275185844e+00
1.330310745404098771e+00
1.327011177014218335e+00
1.324707269993760095e+00
1.331749149936642285e+00
1.311157826029081930e+00
1.326725190458950543e+00
1.322974800949412444e+00
1.345160386728587953e+00
1.326644533474560461e+00
1.375455235942607102e+00
1.374090793883559813e+00
1.384892583409696343e+00
1.361049337586085928e+00
1.335064150151593854e+00
1.317572064345264415e+00
1.323859566985935210e+00
1.329220158677836272e+00
1.320695270780313235e+00
1.330002384051393038e+00
1.332565132017318410e+00
1.318883844195171795e+00
1.322951947414414242e+00
1.313976324709833499e+00
1.335437458106855102e+00
1.330581478100917092e+00
1.326017468514816056e+00
1.346690573623872789e+00
1.329191685206146056e+00
1.357673984698308800e+00
1.343120667081228126e+00
1.353547243305990078e+00
1.374289227506884092e+00
1.351991232801631027e+00
1.358388050833407412e+00
1.366798776816556371e+00
1.338853569053356285e+00
1.353377725830100076e+00
1.338704770046731607e+00
1.338899012488145468e+00
1.353531898031900216e+00
1.362300492105612326e+00
1.427803343710090545e+00
1.507197146293121737e+00
1.496896605504337563e+00
1.498221265434611871e+00
1.505715059144614232e+00
1.525961827845687901e+00
1.450973751242916165e+00
1.367678848966727090e+00
1.341887200755782050e+00
1.363453401087891814e+00
1.385602029066512975e+00
1.437330122024260470e+00
1.473552921768526369e+00
1.450115316587329728e+00
1.477364885699555375e+00
1.467437173662873739e+00
1.458523543399112610e+00
1.420854792015542101e+00
1.362140861047947515e+00
1.403730096487239898e+00
1.384539366697273399e+00
1.368693384278211411e+00
1.403443270340805737e+00
1.400831333331819417e+00
1.376686025443987438e+00
1.407342978497558184e+00
1.361139252991998339e+00
1.402295582002670571e+00
1.409368866309326229e+00
1.397690289937940644e+00
1.388011255967769975e+00
1.419579934496427720e+00
1.399086059753877898e+00
1.388835358698174316e+00
1.411090290987893958e+00
1.416294355831937413e+00
1.431609150602094482e+00
1.432340270364065526e+00
1.415604037287974570e+00
1.440569671494121629e+00
1.405529034644471542e+00
1.419280052323392605e+00
1.441009252765804716e+00
1.426539646422052332e+00
1.420965575065945119e+00
1.446818232977159502e+00
1.436313789332536173e+00
1.518244490567357996e+00
1.500491742738861101e+00
1.483753311776888628e+00
1.455567327868767524e+00
1.436922241964713853e+00
1.457686430934738597e+00
1.435963498355051327e+00
1.457324822304221668e+00
1.476564793975887913e+00
1.462227463673500649e+00
1.463763226515207183e+00
1.469190072860875329e+00
1.449670279737069967e+00
1.455145224179464680e+00
1.487333964025059352e+00
1.467260421040723850e+00
1.470905167359382260e+00
1.467127664796880060e+00
1.511394937844749098e+00
1.521156257683555113e+00
1.704311834923018854e+00
1.570533813329535677e+00
1.502862919759252236e+00
1.487477234779738700e+00
1.512628616278548277e+00
1.500126739534640485e+00
1.504293657326826628e+00
1.492931796539579858e+00
1.509253417758248172e+00
1.464616537340603930e+00
1.523843115480593147e+00
1.515357176618671753e+00
1.528325730799380944e+00
1.531683361395886012e+00
1.560163822706005732e+00
1.618797361311821614e+00
1.836097105769386006e+00
2.018406566067263430e+00
2.059555094069771997e+00
2.106174108120586919e+00
2.310809683146989979e+00
2.323085637720768926e+00
2.212518714930609143e+00
2.034547797058158913e+00
2.022017728193654218e+00
1.998530721816833333e+00
1.832243295892005408e+00
1.718019790569770056e+00
1.734230435306058249e+00
1.693090546469926849e+00
1.723003627365806478e+00
1.670474258407210311e+00
1.601876221615142315e+00
1.623621098138931851e+00
1.613972717633947340e+00
1.640757056807498060e+00
1.633656412210727771e+00
1.625212944910549906e+00
1.605318351469769311e+00
1.630218834480548828e+00
1.625606741190102955e+00
1.851460014773042007e+00
2.358770019649663929e+00
2.438245490365957391e+00
2.484650932534739010e+00
2.521568015305032162e+00
2.615931887592360727e+00
2.683117935715539915e+00
2.211344912989053668e+00
2.167384444863655446e+00
2.308807847159599191e+00
2.367737275300946020e+00
2.341750346501901170e+00
2.175085979071420095e+00
2.151578091097224199e+00
2.138574940119541967e+00
2.150617283976604011e+00
2.066378001913157014e+00
1.974981015961320141e+00
2.002603478405079240e+00
2.005914023007489000e+00
2.070419000099999352e+00
2.108068741807298085e+00
2.142906323955910963e+00
2.162532660888513814e+00
2.185006734913808923e+00
2.085652009643280902e+00
1.964877097199993150e+00
2.026105021347158530e+00
2.221155367370237332e+00
2.228351553743753044e+00
2.181688409293873754e+00
2.177139170558288761e+00
2.187442128005573583e+00
2.122376959087426407e+00
1.947504052339428693e+00
1.909855190391533286e+00
2.060380184119483982e+00
2.185072034695335841e+00
2.213442803204321407e+00
2.280963436479559903e+00
2.283518250210502476e+00
2.226015945168223542e+00
2.150779257233357722e+00
1.999174381572952131e+00
2.517321785863358752e+00
2.562168625034537239e+00
2.567035815907656282e+00
2.510607628157949023e+00
2.494984588169379069e+00
2.450650889105803198e+00
2.136847220951618276e+00
1.939944130337295292e+00
1.914598252274543055e+00
1.956722367781985605e+00
1.924801945204215103e+00
1.935790047939404790e+00
2.140304409770688920e+00
2.236702136830954313e+00
2.220142872349626373e+00
2.247328008055539783e+00
2.249643830282481716e+00
2.250738901226601918e+00
2.131336617601177430e+00
2.502333687746114421e+00
2.567706918971941921e+00
2.622445205714769134e+00
2.619183516521927491e+00
2.633646205734955004e+00
2.623264590276995545e+00
2.185310190447859569e+00
2.022339126572781698e+00
2.038708204435490945e+00
2.012649819578353760e+00
2.056187666754394350e+00
2.077936435894492728e+00
2.062903858818220915e+00
2.064256233249108341e+00
2.054417182471103498e+00
2.137360039038217252e+00
2.204524172418940164e+00
2.224815309043476574e+00
2.216036663514965088e+00
2.328632188716909468e+00
2.530946718093151304e+00
2.640444794900255410e+00
2.596677697005618679e+00
2.855916656510812057e+00
2.418510964281020303e+00
2.433131989579070176e+00
2.791814032543914692e+00
2.398296302303204008e+00
2.161750074597710292e+00
2.065062421710266438e+00
2.095456218771942769e+00
2.125453683497499746e+00
2.106797530640462046e+00
2.112802143014580469e+00
2.117314371386064487e+00
2.153934655470398862e+00
2.153597579189625577e+00
2.140337285336663342e+00
2.124278181966240631e+00
2.304854532619757812e+00
2.299698747164786727e+00
2.319350378214353192e+00
2.303491779616429369e+00
2.344354432580555869e+00
2.351755392363495734e+00
2.346242500906510653e+00
2.352625574875103265e+00
2.334690462300310188e+00
2.360825713335813703e+00
2.331114919803786378e+00
2.337077702502250443e+00
2.355584877670892308e+00
2.339241847922486350e+00
2.359602155627477327e+00
2.371575459029487742e+00
2.376901489688512559e+00
2.374494738489804746e+00
2.356730089116135130e+00
2.379001985612009484e+00
2.377665290225705164e+00
2.381146394626353580e+00
2.376999496708372295e+00
2.354809746430133188e+00
2.323052813415892093e+00
2.310779678557132399e+00
2.296887390721233491e+00
2.273721320939486645e+00
2.227184092467972221e+00
2.258522932712493159e+00
2.235842939538844387e+00
2.266944096063214786e+00
2.244323123158665112e+00
2.242970309278986996e+00
2.204808652293862803e+00
2.239031110848873851e+00
2.213735563082467550e+00
2.230495427819868315e+00
2.238645722052921450e+00
2.213798318593664494e+00
2.233860303677478232e+00
2.232598619511780402e+00
2.226972070432585049e+00
2.213241324805887089e+00
2.212325574413227969e+00
2.214295423919253825e+00
2.175231144838611463e+00
2.208510738996938283e+00
2.265397723223230741e+00
2.259433714217366163e+00
2.214533401504374499e+00
2.260667170139897486e+00
2.294903661325943922e+00
2.310092655186287036e+00
2.251836540471283232e+00
2.218504739872274367e+00
2.245663012486349253e+00
2.232075668864663243e+00
2.215438923214514855e+00
2.248002007485800924e+00
2.256432715664816069e+00
2.336387544433640162e+00
2.339882609455285589e+00
2.371669343625904425e+00
2.350374539158686105e+00
2.313494079839604645e+00
2.292895539724045140e+00
2.245251718647613526e+00
2.215957167424447594e+00
2.193724815467797740e+00
2.178130201279129707e+00
2.208915435040247122e+00
2.206646380897432369e+00
2.229349885206753701e+00
2.220689436064896327e+00
2.248479990488764901e+00
2.235066127983798445e+00
2.273512713183121203e+00
2.233548881203012648e+00
2.253315026134350418e+00
2.268251400635389992e+00
2.299022681332086204e+00
2.290669226288246207e+00
2.365990174887881992e+00
2.386875872704954382e+00
2.390491135650298471e+00
2.705649476252735663e+00
2.443190946810197772e+00
2.410377064937955005e+00
2.384077376973892548e+00
2.380270871933169996e+00
2.380791887993241485e+00
2.368346793958570728e+00
2.366327241093158396e+00
2.413635796518053045e+00
2.300631561959510130e+00
2.351730380697352185e+00
2.293011644407593419e+00
2.326571313305195510e+00
2.258162837639616782e+00
2.274475296322767459e+00
2.265067348321965657e+00
2.238104728531578047e+00
2.225264126426226952e+00
2.255368083512717448e+00
2.230777668929073698e+00
2.231694088357957906e+00
2.216445086579215129e+00
2.220551098036561033e+00
2.167386343712955465e+00
2.113918917502203509e+00
2.091318295109486858e+00
2.027644563050208237e+00
1.991076812187236866e+00
1.948543400990929264e+00
1.942542807531969062e+00
1.936068406106818074e+00
1.973685340825147350e+00
1.955143449125535726e+00
1.956519222183271456e+00
1.985593421613420562e+00
1.983400098436974401e+00
1.986535263950363284e+00
2.018287522270237666e+00
1.995628172249082288e+00
1.968142408546169619e+00
2.002841187156575664e+00
2.019438552364348993e+00
2.010542130280608575e+00
2.385633860132275963e+00
2.951231004639263578e+00
3.414165959550994778e+00
3.528250300577473020e+00
3.655636104025187905e+00
4.217097125928110479e+00
4.252080382921844759e+00
3.862491136213398235e+00
3.467041011474921497e+00
3.303432945136374865e+00
3.201915391530393507e+00
2.593963178812398240e+00
2.317264850162479739e+00
2.327128128861142287e+00
2.320254486818796646e+00
2.319715463971905312e+00
2.279051245557513816e+00
2.074783744499641536e+00
2.000050126591902622e+00
1.924212711458991976e+00
1.898888089313081062e+00
1.913749146388482814e+00
1.947709561127318967e+00
1.967446803503203112e+00
1.968738655068841936e+00
1.976986297773008161e+00
2.014716752769727837e+00
2.508915367023963672e+00
3.397135679673918496e+00
3.517590354921257934e+00
3.536988193582128570e+00
3.555957035891189832e+00
3.557599099722467351e+00
3.360998639092558360e+00
2.682022855869644840e+00
2.557145967153911847e+00
2.485252412391834476e+00
2.451076410801073191e+00
2.873136971785115623e+00
2.330977652412576706e+00
2.271272472225727590e+00
1.800561517070960127e+00
1.899625991960651739e+00
2.014134199937495318e+00
1.997013740534659521e+00
2.269651076223826447e+00
1.915921235535080536e+00
1.909810782520235062e+00
2.066618984664817305e+00
2.054652259672087755e+00
2.065276693892441617e+00
2.078785922287496035e+00
2.068172950596266713e+00
2.088815415260293129e+00
1.885370290160857554e+00
1.722536727405376888e+00
1.709742110321388786e+00
2.319364864532186488e+00
2.796940401588884573e+00
2.823916522901946280e+00
2.767185371341562838e+00
2.751704109678650312e+00
2.736422973170649975e+00
2.266170541089099544e+00
1.571755211106089511e+00
1.518350379270505091e+00
1.636118500727837155e+00
1.985818938825992586e+00
2.016371163306088121e+00
2.000296897575761346e+00
1.989949619432328731e+00
1.994461425803585319e+00
1.925422058959117777e+00
1.551274502661663446e+00
1.510526807361174617e+00
2.230875308457651141e+00
2.641620263362850718e+00
2.626444925783256501e+00
2.613562057340475864e+00
2.595777623754147001e+00
2.606563544768670582e+00
2.053593995104710412e+00
1.450025175767301500e+00
1.455993407571779308e+00
1.449804053862412401e+00
1.467741680152212513e+00
1.431485406870754762e+00
1.443937248074252500e+00
1.699791959445993150e+00
1.791518140586993546e+00
1.788303487077327336e+00
1.781063019803463598e+00
1.786161825817706328e+00
1.781020434074076286e+00
1.558138483959990550e+00
1.485623521702688743e+00
2.062128003234727558e+00
2.192591568050209716e+00
2.186063914342344372e+00
2.174000483070480438e+00
2.166354872694432387e+00
2.106688345201960466e+00
1.531968243706423261e+00
1.336224319764554691e+00
1.324127562575044825e+00
1.299530478734533867e+00
1.285885046008850674e+00
1.255728750137172556e+00
1.259244184185257964e+00
1.247574494710361082e+00
1.233559924059856705e+00
1.264920638109416018e+00
1.354139117280909854e+00
1.519610894652632327e+00
1.527135510946650232e+00
1.513683828182474489e+00
1.509252212196445786e+00
1.483932185604329934e+00
1.439009287879424726e+00
1.460342185306573892e+00
1.656443626042893857e+00
1.732881209350520590e+00
1.733085158962269112e+00
1.716004644329249818e+00
1.711877121682504388e+00
1.655129081832503957e+00
1.290766380626147569e+00
1.143053410883130727e+00
1.158680707184090330e+00
1.154405896251469388e+00
1.153689428085036051e+00
1.159531082815634884e+00
1.150713835561089970e+00
1.164560900723070391e+00
1.145982291152237265e+00
1.127565400850174537e+00
1.130479217196814101e+00
1.126958589609743822e+00
1.098257206389550600e+00
1.108979197010104389e+00
1.200948601754660894e+00
1.254892827801701305e+00
1.230381567637182316e+00
1.239044946744233267e+00
1.241762587980214994e+00
1.241133490092124037e+00
1.237224267942001354e+00
1.346305609611295750e+00
1.338788626229290069e+00
1.335289155503625480e+00
1.333818530431978733e+00
1.339244610308963912e+00
1.260037779972972061e+00
1.061572860573955168e+00
1.050655797960912796e+00
1.034536573337757392e+00
1.056059723065592371e+00
1.021706818676490824e+00
9.948564230026365474e-01
2.550425052737967935e+00
1.244871920628082496e+00
1.512498396093008068e+00
1.293344048471666952e+00
1.206817302838709915e+00
1.162262731462395005e+00
1.140659679918184732e+00
1.011872017894170472e+00
9.823868325977632709e-01
1.009780555338378516e+00
9.939740879825748054e-01
9.944839004328207555e-01
9.832889380240188437e-01
9.817226013052409161e-01
9.577668877594910368e-01
9.264793492522738205e-01
9.158039123058629993e-01
9.241709878159586333e-01
9.117222102171418374e-01
9.113306328192742889e-01
9.034231567818736819e-01
8.876774825241764422e-01
8.845084229506523510e-01
8.851797620249011178e-01
8.957195491772109719e-01
9.185754494705368201e-01
9.408029328499509791e-01
9.460406475680847027e-01
9.377401032933019298e-01
9.802359911361837597e-01
1.207896666749839865e+00
1.409929346481989088e+00
1.395678653866266883e+00
1.399625208288200140e+00
1.403093330044915987e+00
1.430337936146323763e+00
1.299394446969534211e+00
1.065556445789039186e+00
1.038039947704612054e+00
1.025348978486315454e+00
1.021231623694897062e+00
9.557932372764351703e-01
9.048749393565250765e-01
9.078088243624173881e-01
9.139504042995855171e-01
9.061274467681605937e-01
9.002910762689672053e-01
8.884352200983810510e-01
9.164768237017509867e-01
8.805349363332893864e-01
8.901029926818136984e-01
8.845422988813953502e-01
9.038734858395987004e-01
8.487002367640873457e-01
8.751950903238743251e-01
9.396549983005549889e-01
9.459784450716797188e-01
9.537116971368935214e-01
9.352552492206254175e-01
1.043536372779721111e+00
9.441760403168278915e-01
8.845949476672699818e-01
8.482051941850198284e-01
8.714240875428361788e-01
8.714260784277266803e-01
1.018640698506142028e+00
1.170162834769044258e+00
1.191048028578289175e+00
1.199610225064673852e+00
1.170788125255524337e+00
1.188307794993514799e+00
1.071681397030222360e+00
8.905433926911416886e-01
8.331172496920420389e-01
8.083340133155443308e-01
8.261570032553960941e-01
9.093631991887891619e-01
9.225063264287215459e-01
9.193519050119415281e-01
9.119846635856774242e-01
9.378688670884185452e-01
9.278445243656199271e-01
8.507724219800371079e-01
8.370588090155349770e-01
9.370432005911309981e-01
1.160917383677624315e+00
1.358922567387620628e+00
1.552383572802383371e+00
1.817010706736012615e+00
2.140052835277068244e+00
2.406230764907030917e+00
2.261062989560094660e+00
2.384873975749334907e+00
2.559661125571956575e+00
2.630734745557079091e+00
2.556059070724268079e+00
2.441199585528863292e+00
2.188159486971442913e+00
2.188699912585946983e+00
1.905813408036473255e+00
1.725465245632209488e+00
1.512466454183166054e+00
1.392709062951626109e+00
1.308623668626746062e+00
1.251570627270140346e+00
1.169364323624128454e+00
1.794886022381982693e+00
1.371930624191437298e+00
1.531520503671860434e+00
1.603009617679967302e+00
1.927128423360080278e+00
1.706022487151268585e+00
1.703968008529297640e+00
1.566311689820512720e+00
1.389231918703776936e+00
1.324975461556882284e+00
1.301617059011042965e+00
1.265874335667104944e+00
1.265282818546986876e+00
1.244910135659895056e+00
1.209325005357981153e+00
1.201386847515231837e+00
1.163968017073575334e+00
1.126589661120066532e+00
1.090611639472222061e+00
1.134363159654899311e+00
1.114379467435284266e+00
1.076684642993386953e+00
1.062125770920630874e+00
1.047574237660291008e+00
9.977521239687917598e-01
9.809681323080092774e-01
1.050297336094135892e+00
1.037701971177240612e+00
1.018223941838701130e+00
1.004232821314122504e+00
1.000416452288572344e+00
9.687835123347605659e-01
8.504932030907200735e-01
8.293493438076988689e-01
8.361991014553404877e-01
8.221468873769112173e-01
8.167010312568283581e-01
7.963129684734961966e-01
8.013177039622522146e-01
7.951422554450834346e-01
7.920174340231574961e-01
8.013828483966870531e-01
8.078199329892107317e-01
8.154527255206459602e-01
8.412571150158241196e-01
8.398670281718387809e-01
8.332264395736509455e-01
8.326849937887853548e-01
8.316732941452703587e-01
8.291899451268341936e-01
8.207279440819004179e-01
8.037188579117409137e-01
9.249126213548332087e-01
8.480825503424670453e-01
8.552968998715467785e-01
8.541535119629883877e-01
8.500575375107257692e-01
8.461605063679354943e-01
8.236020702915082259e-01
7.931833304126940654e-01
7.567774033699424807e-01
7.799043240233811680e-01
1.065840225727985757e+00
1.318497471485916117e+00
1.396785362167344280e+00
1.583430222437663293e+00
1.819051378467236191e+00
1.904720361249258698e+00
1.752866313496607820e+00
1.557475542879903196e+00
1.494060698819527522e+00
1.350027865219873835e+00
1.101250299777442931e+00
1.036711403867210723e+00
1.019641171643677513e+00
1.026021248288508270e+00
1.003639689625920983e+00
9.498438357218199624e-01
8.687622918058387489e-01
8.121303668272429332e-01
8.252228150717151323e-01
8.238667175220458772e-01
8.239593094030392972e-01
8.254559748927347007e-01
8.243031851326710902e-01
7.913402274176564166e-01
7.946374847964662314e-01
7.892932739399129982e-01
7.896714300539133813e-01
9.215974159893262074e-01
1.467617696077935463e+00
1.664706271149192673e+00
2.003859428112618968e+00
1.922863192326740300e+00
1.663731608368493209e+00
1.954991635332762767e+00
1.493760117666194098e+00
1.092631442100705508e+00
1.141159325810839009e+00
1.152940270616014562e+00
1.145160443177992260e+00
1.128408796294454675e+00
1.115315429076357168e+00
9.941879876558368245e-01
7.811862481127916924e-01
7.647739756412627044e-01
7.777007588168713959e-01
8.619182972317117608e-01
9.171772277317431499e-01
9.216808869813396532e-01
9.107136414881202846e-01
9.151619403689827958e-01
1.020450381733609913e+00
1.043127069678018159e+00
1.002151151593456468e+00
1.006111667317568292e+00
1.011883224539795734e+00
1.008136005723885731e+00
1.004706360368039064e+00
9.400264996575949938e-01
9.236832043978630002e-01
9.531805599521993022e-01
1.318466868661605451e+00
1.479515031322600871e+00
1.491180266947612854e+00
1.488959561720960334e+00
1.473144001370397804e+00
1.433703004179617491e+00
1.092576745685572837e+00
7.989908944422948744e-01
7.630012070323315410e-01
7.714820241078591545e-01
8.918262823687136409e-01
1.074376297039646433e+00
1.100076570844111590e+00
1.120026242189295251e+00
1.114220801847436215e+00
1.126625735107090076e+00
1.184731411838725545e+00
9.060802633986263510e-01
8.363618123753578937e-01
8.584521080858223963e-01
1.269320838022103493e+00
1.572017280151369212e+00
1.599748728707417467e+00
1.597169900118195374e+00
1.599732222698854844e+00
1.583783385191706472e+00
1.999170944800823468e+00
1.300703137224939354e+00
9.977572792535785995e-01
9.504172645598927271e-01
9.440173701726006783e-01
9.228521015259080196e-01
8.863591800602302895e-01
9.141541937311582489e-01
1.086832075877489867e+00
1.081491273799982000e+00
1.069167986425717531e+00
1.071994142015412210e+00
1.075070558924514197e+00
1.026266005616346622e+00
8.992504643068109926e-01
9.220123669498998531e-01
1.299815739586327012e+00
1.622061555507462227e+00
1.676129714214546373e+00
1.674682311751815034e+00
1.686457218753877996e+00
1.717838155505133191e+00
1.587382146962905916e+00
1.273063243990283144e+00
1.456544555642639072e+00
1.388606236378191028e+00
1.174410836322902218e+00
1.172305847062796058e+00
1.260955812039019408e+00
1.074197403627809910e+00
1.286498136573941853e+00
1.316145008114796067e+00
1.319592852540900640e+00
1.265075475209833877e+00
1.202591432331638455e+00
1.172706976425050840e+00
1.061218990793833417e+00
1.090704463355866682e+00
1.174513256444011500e+00
1.187527152864609414e+00
1.200632345527366418e+00
1.138351342063430138e+00
1.049772707059717147e+00
1.179324461915960631e+00
1.317540918384500825e+00
1.336700591427135487e+00
1.346009022307572911e+00
1.355319641022765920e+00
1.339230713411300400e+00
1.172199530409677948e+00
9.136535795179668851e-01
8.560896853327905065e-01
8.491059840824727312e-01
8.439105793519724452e-01
8.375829664518991136e-01
8.399963026696264379e-01
8.332794100689158157e-01
8.337211996106186351e-01
8.533118747415036065e-01
8.899585379799105356e-01
1.246516252239574518e+00
1.772580659743201448e+00
1.856118674794204448e+00
1.869585374654831655e+00
1.878050531260657241e+00
1.903926049121988706e+00
2.103494072017772165e+00
1.616176366775744944e+00
1.390417853786226399e+00
1.371277726539606334e+00
1.350688569955363461e+00
1.321635210049780795e+00
1.130621487922721435e+00
9.760491249148375292e-01
1.145536480197061113e+00
1.199579668368657259e+00
1.202356914800479126e+00
1.198467483457893223e+00
1.182083411242878856e+00
1.109414068510495177e+00
8.985284018107182469e-01
8.150898083971306329e-01
7.956069446966063108e-01
7.985038420986820817e-01
8.284072775171532621e-01
8.326056173942317784e-01
9.152315306094345182e-01
1.056835473597535158e+00
1.087517612420555668e+00
1.100996139709640165e+00
1.086078437735676250e+00
1.072525620826148884e+00
1.014927283718192186e+00
8.336263061744946246e-01
7.928741403573005275e-01
7.836150574061714336e-01
7.883958896353751022e-01
9.530644450959334657e-01
1.775631539299538764e+00
1.854280887215062901e+00
1.635212664914556413e+00
1.952805104676752501e+00
1.680617765397620866e+00
1.668933838297415262e+00
1.443838215121098667e+00
9.814667024725265421e-01
8.924984492709313599e-01
9.156838326616495438e-01
9.854595622477984040e-01
1.155063799782514389e+00
1.299528594390301217e+00
1.250711676109444337e+00
1.261510676515904317e+00
1.228779443498354551e+00
1.172899747294354977e+00
1.032814355905298020e+00
8.480829804336924571e-01
8.332521172702651580e-01
9.074098505483847443e-01
1.412371523324758460e+00
1.677050579465902302e+00
1.711075692196204034e+00
1.714789533235570707e+00
1.710240855930884374e+00
1.684079916165152513e+00
1.287654037321638967e+00
9.120954369597056299e-01
8.696426199318396666e-01
8.671592062002212442e-01
8.457456174284140316e-01
8.484854668398251754e-01
8.398753946677960380e-01
8.255264911027750951e-01
8.363445614864891686e-01
9.963479917491534499e-01
1.097502130594825154e+00
1.226228249958962291e+00
1.136821263094206946e+00
1.137945127250356236e+00
1.162948242174782987e+00
1.083257223129374003e+00
9.229851634420332962e-01
9.677633510521383986e-01
1.344139620596686679e+00
1.498514149692739883e+00
1.514043767709593258e+00
1.521491654851652164e+00
1.540574951332205789e+00
1.499320783103134325e+00
1.154668421086480823e+00
9.540612023160940369e-01
9.051246549306393163e-01
8.496715284036494564e-01
8.316125449783497992e-01
8.186358667501376640e-01
8.109479428290311542e-01
8.113070871812629870e-01
8.065545619358086560e-01
8.119179141082601969e-01
8.003337847541830419e-01
8.094604648811136727e-01
8.464197448764798626e-01
9.561558716721735296e-01
9.883707009311417657e-01
9.874089810119757171e-01
9.892947368511364470e-01
1.180248811938991116e+00
1.102701107105742651e+00
8.802653665060439225e-01
1.002318820077759520e+00
1.078521618323640130e+00
1.139667332416191448e+00
1.153203746402471808e+00
1.152344939223243214e+00
1.153243036678124112e+00
1.113767219980160261e+00
8.899206620978076243e-01
7.963014725776919045e-01
7.849489230560972031e-01
7.813495464039476035e-01
7.835699976751986373e-01
8.023413903542468972e-01
8.093628464595968852e-01
8.094847759213880112e-01
8.183545015752460294e-01
8.091328634355368088e-01
8.138774552736118828e-01
8.217314200304698391e-01
8.166597063279337210e-01
8.132316812325257604e-01
8.196258899677845156e-01
8.096592378542373236e-01
8.071297007609099516e-01
8.475006459789939939e-01
8.629889435864775971e-01
8.596943355737172165e-01
8.588727257330359688e-01
8.748742116777094013e-01
8.620509437350415416e-01
9.166344309710897642e-01
9.455777213496847633e-01
1.064116830273806880e+00
9.587042169804631531e-01
9.567658383695898383e-01
9.482278481158687988e-01
8.928345515953626244e-01
8.123402115311996186e-01
7.978555940157071591e-01
7.858715122374684281e-01
7.795743046296332857e-01
7.726077323089108884e-01
7.771773082339522576e-01
7.806864983920339673e-01
7.674470187061316340e-01
7.758818442529029635e-01
7.744242292747157697e-01
7.709439082541159616e-01
7.788550081671932190e-01
7.848574797403689018e-01
7.983175838376826983e-01
7.990062802649648965e-01
7.998773068484553717e-01
8.109693956790120506e-01
8.135813677748783279e-01
8.299701443454328142e-01
8.412926767684143492e-01
8.710033203453059203e-01
8.885403953910208097e-01
8.938090682152598498e-01
1.053082575604467719e+00
1.023514909239697790e+00
8.840207416595150525e-01
1.034539321449763127e+00
8.900581231548392314e-01
8.889255663982816857e-01
8.995081285932302606e-01
9.159544966674101341e-01
8.933623600722416791e-01
8.438999294207597535e-01
8.263663476832711074e-01
8.305828990148331759e-01
8.267057218537561258e-01
8.348697760633811971e-01
8.159251944663740153e-01
8.188224375366796037e-01
8.170897899136134734e-01
8.334859869723449943e-01
8.424461795735075365e-01
8.397685269389041363e-01
8.321651791615677363e-01
8.414774495814311139e-01
8.400472082178227495e-01
8.292463555082097981e-01
8.272287510732165838e-01
8.095206754852209974e-01
8.055480046168381758e-01
8.033416215575819308e-01
7.924097515771186817e-01
8.003022911186229438e-01
8.118668049129288411e-01
8.120255216515088748e-01
8.195638276320141857e-01
9.257832944231445538e-01
8.256930509527978801e-01
8.259958752875561361e-01
8.164778582553323671e-01
8.132962671998589244e-01
8.384772820331731769e-01
8.313181192063000546e-01
8.171891320495667799e-01
8.106710345392524886e-01
8.060969106095506875e-01
8.096624847683251414e-01
7.900725722102936999e-01
7.799123432903939390e-01
7.714047251301976438e-01
7.766692137995341305e-01
7.605257367449334005e-01
7.611886141555705976e-01
7.426744680054322423e-01
7.302195040823727945e-01
7.336082781590012036e-01
7.412205979580843707e-01
7.207546092376720948e-01
7.299497419373084384e-01
7.366943061807296189e-01
7.276942075153421952e-01
7.278931430489630205e-01
8.767615952427189052e-01
8.445182794394704429e-01
8.565132411607200291e-01
7.401548520789260621e-01
7.567425082455725427e-01
7.779469254538768919e-01
8.021025646329609238e-01
8.332542446815029979e-01
8.367444782359892974e-01
8.555599545069924039e-01
8.675765434208493332e-01
8.499064395683310069e-01
8.316349135618681387e-01
8.267426022162682742e-01
7.945939394154954982e-01
7.933415291818662896e-01
7.713153643256892567e-01
7.781086093982181318e-01
7.775257350813308266e-01
7.731550185801909780e-01
7.563912454806246410e-01
7.511071067927324041e-01
7.423942743272358147e-01
7.398920427954359669e-01
7.254089960855195640e-01
7.246808847271078990e-01
7.263397349086594401e-01
7.111019087646475167e-01
7.261131447020682250e-01
7.266720194879594530e-01
7.257970773635892270e-01
8.261538794932059560e-01
7.260330337443898774e-01
7.318965352095695431e-01
7.314121112472896646e-01
7.117832515764829227e-01
7.180770452669931192e-01
7.102830141668897701e-01
7.234142168983511700e-01
7.576372847754047068e-01
9.159994995359300729e-01
1.037175388849921109e+00
1.253075159486023438e+00
1.442748588361969952e+00
1.486914728320906764e+00
1.488143759675542688e+00
1.493035414998325594e+00
1.618730519414248947e+00
1.706372086901105867e+00
1.586596146331837653e+00
1.557592143063208479e+00
1.533909759496921987e+00
1.468378486641741976e+00
1.373485864348035435e+00
1.265800009793402348e+00
1.609856178379768243e+00
2.572710115410363763e+00
1.693364737073204118e+00
1.994951175596202608e+00
1.649693714019074164e+00
1.518744070546639735e+00
1.277549915904593769e+00
8.502786025045500073e-01
8.494978436851100545e-01
1.004100790022881551e+00
1.057163246122200251e+00
1.050026010208555904e+00
1.033592104027070135e+00
1.019736341359350540e+00
9.900342115121728570e-01
8.293162023629225832e-01
7.599673956775047090e-01
7.552952176282615726e-01
7.830977227497200044e-01
7.803783105842442280e-01
7.488991724079848700e-01
7.339145811779301809e-01
7.328638357447885276e-01
7.173433811445142361e-01
7.095478634681857688e-01
7.057303414708917533e-01
7.040665344051849628e-01
7.177783514680436960e-01
7.223984777667469270e-01
7.383800262614692578e-01
8.343815465608043214e-01
7.757737013178646057e-01
8.943222004788869972e-01
1.393162490960905497e+00
2.174182103279383327e+00
2.314417703419116012e+00
2.291879610820030777e+00
2.282012580574530158e+00
2.250011670732794400e+00
2.022043650644557378e+00
1.507083444314177845e+00
1.365960514793596703e+00
1.372401689091705235e+00
1.363810594618868777e+00
1.339529481264745359e+00
1.207937811571949460e+00
8.595135616356759378e-01
8.065486209884109581e-01
9.249498740776848082e-01
1.021290625941020824e+00
1.040424344709178106e+00
1.018734487560255975e+00
9.930159014924709870e-01
9.694397497616323855e-01
1.267093041010876275e+00
7.507573571416051861e-01
8.170162578715912671e-01
7.021205318015941721e-01
7.108112631227700984e-01
7.217635026558266720e-01
7.813804933102269645e-01
9.494891063680331866e-01
1.177168727409644289e+00
1.203029922092560655e+00
1.195052744517277166e+00
1.189888365098808798e+00
1.150694064109681225e+00
1.014503260360761550e+00
7.609479414171578249e-01
7.372482012742606061e-01
7.284076430553687587e-01
7.349331153113239923e-01
7.763118161361335368e-01
1.173685065704158648e+00
1.818324223719393951e+00
1.963804522304144484e+00
1.965831295899521880e+00
1.969082851885668450e+00
1.964162230670818188e+00
1.621629642240228764e+00
8.675378645871718586e-01
7.107252384650329935e-01
7.793473616134237725e-01
7.119986948371838098e-01
7.333527056020715529e-01
9.485503026206421051e-01
1.441860745252598441e+00
1.268663894005912507e+00
1.268776510894811915e+00
1.253460719206691554e+00
1.252704694803919772e+00
1.088055114945771118e+00
7.835762196280655623e-01
7.482093524089565850e-01
7.703483266135296992e-01
9.009701782863264174e-01
1.551226438663746432e+00
2.015969667676437815e+00
2.040581402704985781e+00
2.061052434010009371e+00
2.049321048793804945e+00
2.015467317633775401e+00
1.484524400925367527e+00
8.076618190999503843e-01
1.117874506526963074e+00
7.377554446025608170e-01
8.190770839920096247e-01
7.023107302063599233e-01
7.130911200252523230e-01
7.227108456379802703e-01
7.232004476135295290e-01
7.458321007454635776e-01
8.635157364149308457e-01
1.150448692460747768e+00
1.222161936416882311e+00
1.216792615726385529e+00
1.223571836995066553e+00
1.219209905921444070e+00
1.138225124842702884e+00
8.221753240431257659e-01
7.574442609059712783e-01
8.746238245470892014e-01
1.433030285265329828e+00
1.763380280975123782e+00
1.788527054572626396e+00
1.802295051715790297e+00
1.792828836277575055e+00
1.878179001666646863e+00
1.246590426037748278e+00
7.830712321922573826e-01
7.679790169070068728e-01
8.653893219282968730e-01
7.727513626559786575e-01
7.713221847817167687e-01
7.702028110200692668e-01
7.280337082679071425e-01
7.258960711661992526e-01
7.275996865111323819e-01
7.297589590412825178e-01
7.351277148545467544e-01
7.423060447089337988e-01
7.538230108529644369e-01
8.389407140618515557e-01
1.044177045706030427e+00
1.111681833662698571e+00
1.118366333457241124e+00
1.126167241041988953e+00
1.120372789169017391e+00
1.067577184714423533e+00
8.672373277354545884e-01
9.452047458148851167e-01
1.314009471657070494e+00
1.748600719722319674e+00
1.666392076914720022e+00
1.695488227409588156e+00
1.436146551484386524e+00
1.420337230614834745e+00
1.233375739067665400e+00
8.200927368314515631e-01
7.588324977483990041e-01
7.626460534594180496e-01
7.738778965810957367e-01
7.797809537601070318e-01
7.935255856902285743e-01
7.832513976709696291e-01
7.805223186231216026e-01
7.788188564054422391e-01
7.824072437137196134e-01
7.954395276619973254e-01
7.760698882840544321e-01
7.708298719776227603e-01
7.634155001436845334e-01
7.673153842980279249e-01
7.564246102621960954e-01
7.616213020005758727e-01
8.086179456572477608e-01
9.297422703453269710e-01
9.673585204403062354e-01
1.104031150947004658e+00
1.012774815679228002e+00
1.032023571837606957e+00
1.014674916815534678e+00
8.925431926348835754e-01
9.586126574209812290e-01
1.140299211580696914e+00
1.164067930796376604e+00
1.183663680344589020e+00
1.181747121707766635e+00
1.172984811188726217e+00
1.043146194732724963e+00
8.608786514282239510e-01
8.037603787342868511e-01
8.127613594023826993e-01
7.877874171889608368e-01
8.039293534638002336e-01
8.022668951552869299e-01
8.100976915067849005e-01
8.109312299475509578e-01
9.862429531986757203e-01
9.425778437132191767e-01
9.567025077826636359e-01
8.357830982915254170e-01
8.452424109609895098e-01
8.455229321678843224e-01
8.563141569000016773e-01
8.851387567243725885e-01
8.906746458969366786e-01
8.845956111857893323e-01
8.765782854595718376e-01
8.658312917053638813e-01
8.518870083227296774e-01
8.462308702884530076e-01
9.005756561253970283e-01
9.658279621236534052e-01
9.641213380726552096e-01
9.702275761207291849e-01
9.836730428599399501e-01
9.862565795306099670e-01
9.849146754202215970e-01
1.005549563362689414e+00
1.042706665105162411e+00
1.037394388425195713e+00
1.045567553925977888e+00
1.148374294377182636e+00
1.029598083880656656e+00
9.520198018222932879e-01
8.922664743996500114e-01
8.948530581994823541e-01
9.056863651768430890e-01
9.298383878531119029e-01
9.589033599550706999e-01
1.003818681113963995e+00
1.036705476708105200e+00
1.106025373098453501e+00
1.192984420480629026e+00
1.262594983636160961e+00
1.361470443305170752e+00
1.475503234741626590e+00
1.540422879974054693e+00
1.636300720083574411e+00
1.724462610269597684e+00
1.783757852232773500e+00
1.876157045833990678e+00
2.829371425635041959e+00
1.925651460596845777e+00
2.308679016420064123e+00
1.945898931239719687e+00
1.937191444908300308e+00
1.919975487473540854e+00
1.900544345977385863e+00
1.881537928113501845e+00
1.762947440875451965e+00
1.666493098739717738e+00
1.546795494507774649e+00
1.334130922557192900e+00
1.302353259289412257e+00
1.291518486652263098e+00
1.277598082225006371e+00
1.440570080539700815e+00
1.579507198340144747e+00
1.647439126130202824e+00
1.778408188390059763e+00
1.888807851710231356e+00
1.939901518507142431e+00
1.873807300807125209e+00
1.926219799968800217e+00
2.015904552010189921e+00
2.069581489224247228e+00
1.849248640910022168e+00
1.902047528419917866e+00
1.952446599205443833e+00
1.803736435103272973e+00
1.742623957006555369e+00
1.847981796274943411e+00
1.793947881208316275e+00
1.623941926942244818e+00
1.599694859843461270e+00
1.671133447833241581e+00
1.568671287245226864e+00
1.398739523940712992e+00
1.408007365256452870e+00
1.459762384305178795e+00
1.358618727515767066e+00
1.220427159870937084e+00
1.227027069675404869e+00
1.259900416729779149e+00
1.816769050437402999e+00
1.322562570374069768e+00
1.076366300281181632e+00
1.119586280138959777e+00
1.105024706728273687e+00
1.051301283717186896e+00
1.007053288976975214e+00
1.017446646102627916e+00
1.028576935128638015e+00
1.037994121387910695e+00
1.015915128192865335e+00
1.009112582847697670e+00
1.009481258888370148e+00
1.024336665035372240e+00
1.030345060500015064e+00
1.004709994914689819e+00
9.943539804301227969e-01
9.968238440630800001e-01
9.835275911808495364e-01
9.492269828771826568e-01
9.181807375864741161e-01
8.910059209460137186e-01
8.890283104947498405e-01
9.964634660698109547e-01
8.819346571549740998e-01
8.918558610336042580e-01
8.750911358945649976e-01
8.849696748342182895e-01
8.867124012696089297e-01
8.875452298094194115e-01
9.015913730567406414e-01
8.976489525765675159e-01
8.937641944780667647e-01
8.955921378302351687e-01
8.662668423137563911e-01
8.695465264620321211e-01
8.801958615753636694e-01
8.800331600685795674e-01
8.956177954374792138e-01
8.839808826378414697e-01
8.974732199840510516e-01
1.349497630714763252e+00
8.915679145292217944e-01
1.030255472775438497e+00
8.820129162961690694e-01
8.820035953630172010e-01
8.697995700948404352e-01
8.712546651289111432e-01
8.579912523086543619e-01
8.744507501758742585e-01
8.804731213957672775e-01
9.733105557567492960e-01
1.221501787422528462e+00
1.559236498387621461e+00
1.970141959437897938e+00
2.060144519734270041e+00
2.093862470593777392e+00
2.215998300954125533e+00
2.481960846013526734e+00
2.605590289445348429e+00
2.295149826253271907e+00
2.215435577293621616e+00
2.177016178671209001e+00
2.239536889347085502e+00
1.846173092102339819e+00
1.626130731776832983e+00
2.026974954058808898e+00
2.338462965519422010e+00
2.359533808755809314e+00
2.344103648721045374e+00
2.254025128533561961e+00
1.951920209182140598e+00
1.366061669954382829e+00
8.762153982696689880e-01
8.798775857256442290e-01
1.135813914912277456e+00
1.371123371355335019e+00
1.370029125378164681e+00
1.382179783183264066e+00
1.369537683352924473e+00
1.325837847920026791e+00
1.718972744449801748e+00
9.151102168660498748e-01
9.312107019431589139e-01
8.026605834866212819e-01
8.087579828439095397e-01
7.837556687314427561e-01
8.069339031869573464e-01
7.821198545652413570e-01
8.254077972417274145e-01
8.707077874403744699e-01
8.763285653044278201e-01
8.867644995765622262e-01
8.871685295581841491e-01
8.748071427136064893e-01
8.394533692825011384e-01
8.061790333896551308e-01
7.865831129596939642e-01
8.037410551027268646e-01
8.346123947107965124e-01
1.035817397021503217e+00
1.812947000768803330e+00
3.022660509570472165e+00
3.178113231209736878e+00
3.197836695896214554e+00
3.217408198918208839e+00
3.219920326679686085e+00
3.014589600413026815e+00
2.153651236168999006e+00
1.906166041756503837e+00
2.019562137605678487e+00
1.997010580735677276e+00
1.962886402103383832e+00
1.906703353825925040e+00
1.705986485333200298e+00
1.112009985436115400e+00
8.870285660952088591e-01
9.142997197895265105e-01
1.091218777357234604e+00
1.273590552042158208e+00
1.962362415499831814e+00
1.501431372764555849e+00
1.299491222525627654e+00
1.278199228487329808e+00
1.235186921475303734e+00
1.001562869837891556e+00
8.679494924864413763e-01
8.840006290380503229e-01
9.309769983334681420e-01
9.698129562995082553e-01
1.007798459725116613e+00
1.252710455948504054e+00
1.724456178342228752e+00
1.851830392719634011e+00
1.845167586261214465e+00
1.841021451247833784e+00
1.832749472513280020e+00
1.664250657591370031e+00
1.120853776126959023e+00
9.540667126912967255e-01
9.667454592488048393e-01
1.091911504077456074e+00
1.002462210849872193e+00
1.037253679198816059e+00
1.408107279294070313e+00
2.666511628495570552e+00
3.458683358686368781e+00
3.615917241335246501e+00
3.660085845135861771e+00
4.409780374053483776e+00
4.310018626717702084e+00
3.105883961300667906e+00
1.405048684200587816e+00
1.412060962830133271e+00
1.435996833479517010e+00
1.500567725036101585e+00
