2.247795869648348877e+00
1.719745360998920836e+00
6.101712924296386120e+00
3.056073844202538692e-01
3.344870058116224509e+00
1.829872774139864378e+00
2.443859426424835057e-01
-6.810861828924281269e+00
2.204941694334941804e+00
-2.900998010944261019e+00
5.471759592238005787e+00
-2.198387549169004362e+00
4.592196958438816701e+00
3.801104244947368649e+00
2.691854276396623558e+00
3.721045757905891094e+00
4.582553532970504051e+00
5.289047610828077950e+00
-9.080792409433805501e-01
-3.888653141530108659e+00
2.175312765375515323e+00
9.413991074117346036e-01
1.602974448553887710e+00
1.228952324294873444e+00
-1.718869526387375890e+00
1.084892938552946440e+00
3.499093723695347435e+00
-1.254345394064847241e+00
1.489326938573558579e+00
-7.793881682842408454e-01
4.426858830925801236e+00
-1.929034458347659742e+00
3.513339414331873467e+00
5.241255237474280015e+00
9.759949283254241159e-01
5.341954021451009726e-01
-1.039560039494585642e+00
8.935332100255868326e-01
-1.887501343132920173e-01
-4.975702501435824487e+00
-1.526364291640075033e+00
2.440680867893474826e+00
3.649676051085160911e+00
1.322948856662222061e+00
5.363539829352921284e-01
-7.832130610750664967e-01
3.763016376677763009e-01
7.398580549200806100e-01
-1.783117536903392697e+00
-2.637436491705214880e+00
6.027265253290444491e+00
4.560614726055240986e+00
4.382167540806363171e+00
5.863278298286845880e-01
5.626219190874421017e+00
4.271755185880337535e+00
6.764659076670614724e+00
3.351574924126030197e+00
2.443969134717077551e+00
-7.254550210787055753e-02
2.656235462288765614e+00
1.804688579096261902e-01
6.298293757504461077e+00
2.013458930451734324e-02
2.167931699713013582e+00
-1.784176597495755301e+00
5.401746931730081469e-01
-4.849986715480405053e+00
1.823821193443432298e+00
-2.703655391807554764e+00
2.571345532714278015e+00
4.873794533754190361e+00
1.512703200791371572e+01
1.152795989122577680e+01
1.425782267521355173e+01
1.004608676409018742e+01
4.084845516044860680e+00
3.307909008051364008e+00
-6.025030711421408558e-01
6.915948927268245061e-01
1.381605143665938784e-01
3.960066281466114724e+00
6.339999369731368351e-01
1.733896866952211679e+00
-1.514860942744016281e+00
-2.400728716072411562e+00
-8.993266427903537918e-01
1.787634304174573252e+00
3.971318653522158737e+00
1.064783148672805213e+00
3.721508270179617828e+00
3.731890091211382376e+00
8.673131852769196959e-01
2.593255112258808115e+00
6.414805230452745866e-01
1.500073192106829323e+00
-2.445566911656789078e+00
7.398858179954114211e-01
7.867318175748934106e-01
3.515222109499204772e-01
9.419433944098887235e-02
1.261120861045294417e+00
-2.374371902950618729e+00
2.328670104214471959e+00
-3.444381814179030776e+00
5.146884240451066184e-01
-5.352921138826356895e+00
2.257869338823970118e+00
7.636810605177021261e-01
1.703464444165665670e+00
-2.215223117809204112e+00
-1.325746328698854670e+00
2.361428287112237179e+00
-3.912758180419588339e+00
3.165199822519264128e+00
3.204989374921595857e+00
-1.908568311636236858e+00
-1.405191421938075891e+00
1.540484627564656872e+00
6.372729737644385217e+00
3.172375828641261775e-01
2.153712460593977696e+00
6.450779052302849648e-01
2.057343603111618791e+00
-3.949718204409803146e+00
2.794791143960130508e+00
3.990760036370897268e-01
-2.153741893279312869e+00
-1.539838860257296549e+00
-5.611453970448990525e+00
2.006432390375460173e+00
-4.966118329896736405e+00
-2.661649404323089385e+00
-1.715768064559946238e+00
1.890821305123801643e+00
3.458817672892139150e+00
3.268189653521008875e+00
5.368006883496610371e+00
3.270366059977275697e+00
1.083437805950076438e+01
5.736986230985881896e+00
-7.489147444012009824e-01
1.094174730520438121e+00
5.925709066440154604e-01
1.337974019722772079e+00
1.573469970112433058e+00
4.253126864808627339e+00
1.811519295206816871e+00
3.405653763646443011e+00
4.419661876573939274e+00
3.089702819512182064e+00
-1.099863187503936635e+00
9.737634802340582318e-01
2.997544524487820272e+00
3.685342854128035306e+00
3.919228398516169332e+00
1.450699188523648075e+01
1.669741814181753981e+01
3.106144583664324088e+01
2.008589736725333097e+01
1.694031149129573777e+01
4.612547343319629789e+00
1.710163155201281482e+00
-3.302389336409734533e+00
4.727684560985623285e+00
2.263237576337478796e+00
-5.571238352372689384e-01
1.717457542662166103e+00
3.600216027598840185e+00
-4.796604333986424495e-01
-1.567779145048579847e+00
-2.656693678731672836e+00
-2.004569455810785605e+00
-2.369275902281678281e+00
1.808715479488494093e-01
-2.952222829701756979e+00
3.331715143129932777e+00
-4.473046333470019675e+00
2.715309837919101632e+00
-1.459594256486842934e+00
6.989825390858687149e-01
-2.206699619789581845e+00
4.119151599722769674e+00
2.976943700765976697e+00
4.952395384249988375e+00
3.389131022195044363e+00
1.755348332705699343e+00
1.538669536371781943e+00
-4.882767901870302407e-01
3.706347291327413362e+00
1.516789653331291898e+00
4.695486149268264242e+00
-3.242401461244844629e+00
-3.233989122594820742e+00
1.458833952085263064e-01
4.546148921939075827e+00
8.140287564491003991e+00
1.351414414805153719e+01
2.606112289316910946e+01
4.542039307791918645e+01
6.929489748602239274e+01
5.645433505012652375e+01
4.413215098037919404e+01
2.185171975112314513e+01
8.502566402822079539e+00
2.123360160990786838e+00
-6.971660460380146862e-02
1.954137655207675295e-01
2.828625165987705081e+00
1.058298101734603591e+00
1.862703271680540285e+00
2.099740336836513066e+00
1.603122296021368687e+00
-4.363676939773186270e+00
-2.083161745601723069e+00
2.453447711972601031e+00
-9.803912599001174399e-01
1.228411399264546927e-01
-1.126935509058624385e+00
-1.984189239255252646e-01
-1.695743026008972976e+00
-2.240009089035362777e+00
-2.969725176847360260e+00
-3.260603559918107575e+00
2.165381023481647293e+00
-2.346433856667184514e+00
2.652140416343628626e+00
5.584434137240535945e-01
1.235555456027352506e+00
2.632466171595126969e+00
3.320524527675340565e+00
1.324207520458709375e+00
1.684363890478188130e+00
2.078269224574408103e+00
3.980834846377029557e+00
1.365243998801271674e+00
1.024499576889299934e+00
-1.980918620563761445e+00
1.025995348287538356e+00
2.967327825820504916e-01
1.777475706521997045e+00
1.792587439714101727e+00
3.421088613321078831e-01
-1.330748275928960167e+00
2.341631267626366864e+00
2.973648420875394383e+00
4.166461578033072710e-01
-3.141224448406020109e+00
2.803812410264859611e+00
3.580161717776306762e-01
1.151178788402035691e+00
5.827479972213319925e+00
7.708325472561864400e-01
3.375990192122594324e-01
-2.072546872685903985e+00
4.048666495470964577e+00
3.510659778828988942e-01
-6.254685157716380672e+00
2.334715918211242511e-03
2.031604791647665387e+00
3.470793162162028267e+00
2.282952819017576296e-01
2.068127233612301885e-01
4.157304096250259207e+00
1.564208500832689364e+00
-1.505113613413934681e+00
5.437148543854131155e+00
-5.175779344705993879e+00
3.682392144252800481e+00
7.287472237449872381e-01
3.065412659201763868e-01
3.577585214829742455e+00
1.748452910119877357e+00
-1.422881800166294619e+00
4.882945996752492412e-01
-2.416265858494880625e+00
4.611354759852697605e+00
9.941748909205067042e-02
1.440192609729072926e+00
4.899665618747159002e+00
3.621323436711777699e+00
2.612347658261061634e-01
1.197139643708059920e+00
1.245711111174935271e+00
4.244893522504478156e+00
2.261975592573570282e+00
-1.661330486443021393e+00
5.852287106208555745e-01
-2.901561372877387024e-01
3.222774402199079180e+00
5.541919404361162371e+00
-2.915277934545287941e+00
5.094510606460080915e+00
4.249759695517362879e+00
2.044973456759887842e+00
-2.176423748064606922e+00
3.271610892085754507e+00
2.245790872388798487e+00
3.085635902473872871e+00
1.542649453547488281e-01
2.908192423466383847e+00
2.722291172617385069e+00
-1.201179734157647117e+00
3.362399216956315495e+00
3.683749986666864373e+00
4.262310740910438267e-01
1.455056085967234791e+00
4.067840498063701737e-01
1.351538347774870807e+00
2.930539803448737324e+00
4.734363697509354374e+00
2.565124642237977870e+00
4.248562108782407698e+00
-8.214233460335280956e-02
2.018684811330854756e-01
3.008096375353259688e+00
-2.047719914362261306e+00
-1.260038156499305728e+00
-3.149666430937819173e-01
2.837019225949294121e+00
1.623117785650822542e+00
-1.768902777420934935e+00
3.048514151820778117e+00
1.884059246935391729e-01
2.683660074169664372e-02
8.886736459417292344e-02
1.550794477328364174e+00
2.452666849838889718e+00
2.366905726973903779e+00
3.898703466053364597e+00
2.101787620386498023e+00
1.588295617259643633e+00
-9.624089808745754926e-01
2.277299771902274728e+00
-1.505777571953832161e-01
2.939230960591364017e+00
1.045208044733801911e-01
-1.486599975383187555e+00
-1.737874081040301222e-01
1.289263809907886360e+00
4.660299063156435828e+00
-4.158748096190407334e-02
2.263058860543884609e+00
1.802891346764655900e+00
4.706700729552075746e-01
-1.266723195248707912e+00
1.403670280475335375e+00
1.706951030179888029e+00
-5.296782512335537207e-01
4.298081310818811396e+00
3.291763092684353520e+00
2.510021355258327702e+00
4.171080110677007902e+00
1.923988001311250695e+00
1.012028552055123098e+00
3.800635891483037820e+00
2.363727260588663448e+00
1.019417359703581050e-01
9.510818172401280801e-01
1.954884808976399269e+00
2.866810768538907706e+00
3.569285589119135516e+00
2.621824257441165429e-01
1.002851274106412394e+00
-3.211410369754355898e+00
8.382885121339924694e-01
1.171692033954043088e+00
8.855322752036485223e-01
2.439865761842289871e+00
2.920690068289150787e+00
4.165044946881609533e+00
4.947236186807849379e+00
-2.466450125443357400e-01
-1.885079857826056360e+00
1.934078945339628985e+00
-1.693069697370101157e+00
-1.575354622184091058e+00
1.846385622073273280e+00
1.546293328675057088e+00
-9.893038379136001037e-01
-1.425628108270356575e+00
1.489405507307345333e+00
-2.752590231502846319e+00
-9.343073298921822367e-01
2.063742319236282707e+00
-2.562715949041701080e+00
2.061297228173318175e+00
1.362554560944708948e+00
1.401936936277876189e+00
2.784322970476094561e+00
4.734972876544416565e+00
3.725294381881069095e-01
2.836254808634661284e+00
1.654629070138281755e+00
-4.308562683742859889e+00
3.128625777375404926e+00
1.369651653558882964e+00
-2.706747821591939940e-01
1.134523128036819761e+00
4.851848445417695110e+00
5.277190573836493925e+00
9.977496214172719702e-01
4.353297617241313588e+00
3.965527038895137135e+00
1.413489247934869075e+00
5.124451238808260811e+00
2.994860096625508561e+00
1.148561561792352359e+00
8.232227049790019624e-02
-1.010907804526575582e+00
4.109569122340811731e+00
-3.477880928675819661e+00
3.771048985264465969e+00
4.752454542550588884e-02
3.382045857920793708e+00
-3.811743718095604305e-01
5.108087417317577206e+00
4.044511510775778973e+00
4.427889445159364890e+00
7.903605875268491232e+00
1.342938780310169333e+00
3.060174419930985490e-01
-3.088956927744652692e+00
3.777150877395728301e+00
3.899565994466404728e+00
7.058301859173173654e+00
-9.296837909787524223e-01
4.975914068896027942e+00
2.022422809976019753e+00
1.827128993811820035e+00
8.363650935708647483e-01
1.883552179131050996e+00
1.692251403643630692e+00
5.981326292423737812e+00
1.678945757438487396e+00
1.699535547510097278e+00
-6.395805263209033975e-02
3.648900260553494146e+00
1.665260377106011047e+00
-1.743125443389811569e+00
-2.801798645620574568e+00
-4.177348079381819623e+00
-4.473022801925979897e-01
9.946726876568250386e-01
2.872004181642269227e-01
1.639838893397084441e+00
2.466865567991329833e+00
2.394970290118752843e+00
2.548689077246907964e+00
1.602046861065420380e+00
1.740099967354344690e+00
2.884035577438360143e+00
1.009060000850920291e+00
2.768555741102319612e+00
1.986038248605868528e+00
7.516890959526090210e-01
1.030400528259346471e+00
-1.741259683523283197e+00
1.384403565266335567e+00
-1.681235101917722297e+00
1.356373026186496356e+00
1.119889642313874889e+00
2.274365842281036887e+00
3.974284632224842628e-01
6.048633031873632326e+00
5.688697836792960594e+00
1.938743560917426112e-01
8.958771901441231478e-01
2.592120730518167271e+00
3.942546125408051161e+00
-3.308144500170814961e+00
4.620320837015204352e-01
-3.899099556527017452e+00
1.093142251572225776e+00
2.084015395639308377e+00
-4.034499418493924794e-01
1.156289606963318395e+00
8.289044367428943794e-01
1.834857122146832831e+00
3.379501714582315852e+00
5.544946075888548265e-01
4.584147501530398683e-02
2.425961971417665008e+00
2.789605292796466074e+00
4.201835434827806637e+00
1.370605354265467035e+00
-3.437481818912407894e-01
1.051848737376131160e+00
9.719215369343690014e-01
-1.695093602329579840e-01
7.164265937602348755e-01
3.544426993774800194e-01
-5.165277520032283132e-01
-9.941966229701111324e-01
-1.519178821047588057e+00
1.997962674955299667e+00
5.666597189050064376e-01
4.027426961478244749e+00
-1.545865727034596571e-01
1.131955904230664278e-01
-7.227161789426417293e-01
-1.783265702969890620e+00
2.607962808532051202e+00
3.532879003583192734e+00
4.445622601922632811e+00
3.303545820207043349e+00
6.524498327841997458e+00
5.882773946791787500e-02
2.976972321290537238e+00
-8.925885011632105348e-01
5.789104248451477641e-01
4.633566010889059505e+00
2.884261811874414771e+00
1.096856495561225220e+00
2.581829631132496417e+00
3.481158049885264116e+00
2.084419610273643197e+00
1.338567854605437368e+00
-2.102515669964000189e-01
-5.281401036353038370e-01
-3.169016993720255582e-01
2.333740004560091119e+00
1.676323109161352187e+00
1.957126074445072028e+00
2.734372648017220353e-01
2.378318475198440751e+00
2.600004500183142220e+00
1.749076201999949065e+00
1.633071484094243964e+00
3.024983293130862005e+00
2.002929828940688939e+00
-3.239709221407716555e+00
-1.264785670438112186e-01
5.171215292374191363e-02
-2.270191939301327011e+00
-2.589914077326084807e-01
2.924015618493300273e-01
4.610277423617548109e-01
6.660324408350617453e-01
1.403358668643104101e+00
-2.621018052497106954e+00
-7.654997030233381961e-02
-1.901103743413667502e+00
4.455714914038862773e+00
1.075472342028623851e+00
-2.426505026562656153e-01
1.989610316145911773e+00
1.504613450984954248e+00
-3.035406987566942050e-01
3.399055307356255717e-01
-5.510437389454679868e-01
1.830037602615234571e-01
2.472291443415197687e+00
-3.735784235247033985e-02
3.695835117484047139e+00
1.675591444377009909e+00
1.560851627210095849e+00
2.039681960096789037e+00
3.639917816685764862e+00
-1.822761582054482077e-01
2.725146468096641517e+00
4.499944117874787430e+00
1.510795871873775731e+00
-2.566043252691633914e+00
1.234300145319507269e+00
4.185942828085066125e+00
4.911164067559727009e+00
-6.518481949973046197e-01
1.526883289944361288e-01
-5.596968110000861696e-01
-2.533433936040718759e-01
-1.240047536039604381e+00
4.236228310720010271e+00
2.354218817709873957e+00
1.402325017635209559e+00
3.267498000075002018e+00
3.991597345367326799e+00
1.566321765064367488e+00
5.387325994659505568e+00
-7.574009478751296820e-01
1.240981453566235793e+00
-9.103112070564314262e-01
2.491862511209288478e+00
1.017908973471174150e+00
1.557621784706994417e+00
-9.974260776819919849e-01
1.212341993665685624e+00
-6.286774162818824507e-01
2.483583393780556037e+00
-7.890596790282524697e-01
1.508006144085085376e+00
3.357144271518691658e-01
2.149703536575628959e+00
4.977083781573620747e-01
2.232143277018559857e+00
-5.766890150300397755e-01
-1.545002620348116196e+00
2.224685059259618125e+00
-1.151868176961939466e-01
3.069791461223327911e+00
1.117998949996521940e+00
-1.456100350566805479e-01
-9.800167286856712456e-01
2.285002619699093351e+00
1.822581761110114718e+00
2.625155483591026240e+00
2.621769437680400383e+00
-1.818569501560546087e+00
3.831061000354960555e+00
2.249860180371349827e+00
2.094917646130116662e+00
1.152973994962488868e+00
-6.732706126477683295e-02
1.666666659816555818e+00
1.298648529111649408e+00
3.174944495281242229e+00
3.789195384674925560e+00
-1.558094945726918312e-01
4.221488076949672319e+00
3.337944646129523463e+00
8.961163491037994477e-01
7.690685113069399836e-01
4.893635876189946110e+00
1.299548389170168905e+00
1.608956525801332749e+00
1.442514696997702295e+00
-1.041904652119757468e+00
-8.933884709468583596e-01
-1.038352000206445164e-01
1.660488848308083298e+00
9.284067369581703311e-01
1.607720945358757092e+00
2.913424185847049319e+00
1.982536971336701814e+00
2.672260039034158208e+00
1.632427044915677916e+00
-7.888785291649840214e-01
3.844898589216430906e+00
7.518156144153719245e-01
1.673036907919918326e+00
1.645404072153450858e+00
1.197265794688698648e+00
-2.992601045438384233e+00
1.241177007833030421e+00
3.762028927244994936e+00
1.981945959450507333e+00
-1.968765703169007120e+00
1.318994743831649608e+00
1.153256671367999697e+00
-6.671067969811718124e-01
2.115016620835340699e+00
1.025080468821079283e+00
2.166316845577494821e+00
1.385159281834683842e+00
-2.408819193665448832e+00
6.328475954951801041e-01
-3.493174061247342976e+00
2.228428695464057085e+00
-1.636354263436657241e+00
3.138942294820267875e+00
1.094054235461409563e+00
2.096854997963569556e+00
3.020202393325117640e+00
2.251596242269469972e+00
-6.204535927026904041e-01
-7.191523838921534129e-01
1.077547000476212213e+00
1.673803949779319122e+00
-6.990807877083834443e-01
1.915800717710785195e+00
-1.472234179666145559e+00
3.304050715895016310e+00
3.835379007015648156e+00
-1.832694168660097933e+00
6.459569661969047916e-01
1.048580466334702033e+00
3.650029137652749167e+00
2.621198292814701514e+00
1.428924379295297920e+00
1.629559331232657726e+00
3.021994931487041125e+00
2.206175874531517866e+00
1.918287192927585760e+00
-6.309477002823756786e-01
1.165883751122671341e-01
-1.501895407869356269e+00
1.531754158218052497e+00
-2.663472972923494275e+00
2.019875332952930425e+00
-8.678678122037234433e-01
4.465946202498267681e-01
1.756274842974777650e+00
2.067461435649494472e+00
7.228018485693900042e-01
6.928008870670361308e-01
1.171644896339209430e+00
2.518843434717077390e+00
2.095008513600392419e+00
6.519764922752768754e-01
2.151119857358614329e+00
2.316579521988253898e+00
9.734274435125098712e-01
5.372210642404252612e-01
-2.679605073358944378e-01
1.653006405846464411e+00
1.243257790569313626e+00
3.344880021399602721e-01
3.911512094609972845e+00
2.559274969594590665e+00
5.963097530090997189e+00
1.008954762351561341e+00
1.374877978183442595e+00
3.258616088452577220e+00
3.934238958089812943e-01
1.856031440037587410e-01
6.830965635890556831e-01
-2.399451823755957669e+00
1.864833317359658515e+00
-5.499031784567417480e-01
-8.681181755852359627e-01
2.845280044271833564e+00
2.262340932389510062e+00
3.497635020588495181e+00
4.057772230890411613e+00
1.108984373768253651e+00
3.106372009753602947e-01
4.936452032023243008e-01
5.044031606438829307e+00
2.601612076135632723e+00
1.339725229007211693e+00
-9.557470403164395334e-01
1.687747011383841755e+00
3.160971181468670732e+00
1.057987935959452640e-02
1.842981214781660659e+00
-2.721361142920525555e+00
1.282113243624885657e+00
-5.721403643438126574e-01
-1.124003904132674508e-01
2.295111895144260838e+00
-8.677169800685067269e-01
4.348258031125429746e+00
1.282869805967407073e+00
-9.419151094873161600e-01
1.800614650911829928e+00
2.772831275655367467e+00
-2.333747316522188642e-01
2.451469859183176503e+00
-2.112529426831154744e+00
1.990616087024293268e+00
3.188896255212387842e+00
4.367436020384128370e-01
-2.098017100087174180e-01
1.957555159536758183e+00
1.049088065622008292e+00
-1.593066926841218978e+00
2.098311488689315496e+00
1.775930002817960096e+00
3.982147137408941440e+00
4.701286749769098883e+00
2.366657590974132752e+00
3.547055527569898725e+00
-3.349737646126759727e-01
1.729712180676076905e+00
4.980847148463706908e+00
3.171841909598246412e-01
-2.490719937964681330e-01
3.242166465188673019e+00
2.777273933678236162e+00
3.990103493514883581e+00
2.908021332061478392e-01
-7.287092870346626450e-01
-2.742334347900325375e-01
1.226929665457492935e-01
3.143786879602913142e+00
-1.174950253465514960e+00
1.255956583204895227e-01
2.787659052898968870e+00
2.709795091528871769e+00
7.428205874920134066e-01
-7.696628461916349417e-02
1.517606560695925033e+00
-5.480949987775152188e-01
3.384922762551887399e+00
3.199491099222790957e+00
2.085434091241558541e+00
3.119010328601498627e-01
3.721180805146820258e+00
-1.096054891708474033e+00
2.308140147499642136e+00
5.809909167036920508e+00
2.843550818591947582e+00
1.433872328970164478e+00
3.740393880290781681e+00
1.231875703381984044e+00
3.306076975105114446e+00
3.873766550849226942e-01
1.462746697148857189e+00
-3.562030014755285912e+00
3.333610184507037832e+00
8.084816236189803496e-01
1.635262772575441836e+00
2.779936607622404576e+00
4.968677905438275921e+00
-3.897330993047707359e+00
3.053450096678740344e+00
-1.891258495261850969e+00
1.556945674112777178e+00
-3.978218224286426130e-01
-7.036441269352880501e-02
-1.857966371186996923e+00
-7.149209746241743657e-01
4.369751149256368983e+00
3.540658937632537917e+00
-1.173768971135533468e+00
-7.091070628644006169e-01
3.114441918396571030e+00
7.496223739906569428e+00
1.393728815053782988e+00
6.173166446044764832e+00
1.347577123799054977e-01
8.513275927661615450e-01
2.699334706806356454e+00
-1.376713703060885030e-01
3.208453774872539466e+00
1.410997176846208401e+00
2.117023344842833943e+00
-1.401451876066022839e+00
3.244715322854368811e+00
-8.342228106572697754e-01
2.269049528496591972e-01
1.802293714777426059e+00
4.591201236211445824e+00
3.895285305240237417e+00
2.261432534997103616e+00
6.484802584069064846e-01
4.262709433665652803e+00
-1.913038458677238096e-01
-2.609670097556360258e+00
1.664711475645402450e+00
3.737636701535451689e+00
1.829980565630298317e+00
-9.635781254978084132e-01
-7.773511713374893217e-01
-3.416030569264123073e+00
6.998157679713287393e+00
3.317464247108674158e+00
-1.226222316507873611e+00
4.983465066479507932e+00
-2.244431802751202021e+00
-1.120627132839262519e+00
3.492442890452730264e+00
8.240817643914409851e-01
5.856228989571349297e-01
-9.148633508373181789e-01
3.523400150536032172e+00
2.440512255245374185e+00
1.929749632438922946e+00
1.008047519775154416e-01
6.568660287935426112e+00
1.988537932667131525e+00
1.676996036357059294e+00
3.230625792899693760e+00
1.601953147726483895e+00
4.660440428896884590e+00
4.142195616634405830e+00
2.918808586593172993e+00
-4.482588312736928593e+00
1.043551056880388517e+00
2.378366663868196174e+00
3.638340543474830380e+00
-2.638431731677064462e+00
-4.927193798963955373e+00
-4.191200792896079719e+00
1.686851856226212698e+00
1.092348209543558379e+00
4.396827313178222063e-01
5.109577485063439006e-01
-2.837620169780543655e+00
-4.295252346914452124e-01
6.455875499801125628e+00
4.258100242078886488e+00
9.160143877504803855e-01
5.404569095780810351e+00
1.676966073369703158e+00
-7.721567803253728268e-01
2.997587104081991249e+00
6.763017361644107162e+00
-3.062474505684428805e-01
8.643281229455680448e-01
5.480931948874084858e-01
1.850667082187219536e+00
2.856268023499455744e+00
2.681172671610044578e+00
2.355333823845738639e+00
4.629154857410371804e+00
3.122788019338199828e+00
6.293676173796693085e+00
7.594663667155384879e+00
1.447704991439276112e+00
-6.844131632025626244e-01
3.094987545126981043e+00
-4.285701788393271983e+00
-6.904577944311864890e-01
5.004513643153957858e+00
4.583264261935573458e+00
2.038532649030032395e+00
2.674708068148188733e+00
-2.001003317552314975e+00
1.907552988556955764e+00
1.061970981260866864e+00
2.205001461728700041e-01
3.070697876469804743e+00
1.575803701824019409e+00
-5.991823688790887559e+00
1.371830077729374597e+00
-3.784612280980798049e-01
6.030178046180724394e+00
6.152947109062417930e+00
6.052034909962964448e-01
4.577030778456840032e+00
1.083729559728308089e+00
-2.018281100838837272e+00
8.050654858180161799e-01
1.769209148209238025e+00
-2.937495451068533825e+00
6.504468249935988489e-01
5.953670848339985833e-01
3.436090330448642760e+00
3.064351043932176832e+00
-4.242101763853449170e-01
-2.860787183360130381e+00
5.107401084186261819e+00
4.945391068636370235e+00
5.150916814918693021e+00
-2.273142315176409856e+00
-7.738718373779546189e-01
1.033380556315299792e+00
-3.564314696831284213e+00
1.228865324729447039e-01
-2.588121896979597159e-01
3.114159606894414178e+00
1.318031826785725169e+00
1.171450554402239996e+00
4.603550873745351879e+00
4.152654337472982959e+00
5.461404386518544207e+00
2.706541382698789633e+00
1.750783333829229127e+00
4.037953094031766277e+00
2.663296948487027915e+00
4.203151764968911408e+00
-3.773106382531338898e+00
3.523243619661588610e+00
6.262589449855678225e+00
-2.994325238779028453e+00
-5.286357290683716847e+00
-3.008607206899558406e+00
4.810083871995594507e+00
2.868688265647001412e+00
7.409312276110288087e-01
4.786153068882747164e+00
1.639882775900032508e+00
4.585608115042923316e+00
-4.756858368713672847e-01
-3.145398135743451840e-01
-6.967107139417693773e+00
2.734352690567929886e-02
-3.383235452180769265e+00
5.392708657838493069e-01
-3.478511060898236695e-01
-1.298591290260119324e+00
6.623122227157854924e-01
1.805166397896019514e+00
2.404098116178454259e+00
1.709618172716097062e+00
1.793205966194637568e+00
1.066031138406163814e+00
-3.592399525483981115e+00
4.472706195051946998e-01
6.159064401693299828e+00
1.303824707330989652e+00
-2.954756117213924949e+00
2.584017391017505272e+00
2.406147063584727963e+00
3.997915255949072044e+00
-1.766098313762759497e+00
-4.723165732537591310e+00
-1.921873483671922234e+00
3.465904480073046301e+00
-5.626917228157898299e-01
1.199546423447312327e+00
-5.694587807288831183e-01
6.047925840903016770e+00
9.811262036761024818e-01
3.613793252303981074e+00
4.517179884033927784e-01
-2.308710792670485734e+00
1.902892029331315626e+00
-8.389065083743779683e-01
1.528566953475531287e+00
7.471512020960292544e-01
-2.155791573460756894e+00
2.306973889963384039e+00
4.629460517069239778e+00
4.909028134893404172e+00
-1.218245133628917065e+00
5.578772053450244961e+00
-2.352901391649568463e+00
6.214092757499135367e+00
-1.215415731456200021e-01
1.055215273975591339e+00
1.612540803916264531e+00
2.153112688926878793e+00
-4.636921222299046796e+00
2.125038189343950279e+00
3.915038099620060219e+00
9.571327653874366348e-01
2.553607331414427861e+00
2.142912780379848225e+00
-3.179432378408726390e-01
2.582071937096794834e+00
4.646783541168218790e+00
3.086354463862880593e+00
3.029945966127769008e+00
2.646230075037976359e-01
1.926160432869263861e+00
-1.602531630455639178e+00
7.907131091100737308e+00
-5.805039583773201617e-01
2.519022602719661386e+00
-1.951563117097374400e+00
6.569634069230226636e+00
3.290099342084883638e+00
-8.395123225121439159e-01
-5.542638673046480502e-01
3.133146910641747329e+00
5.966983185179195459e-01
2.774651026269401743e+00
2.656057541883101170e+00
2.894686315649719344e+00
2.652360556023666494e+00
-1.875835337870348729e+00
1.252237702593658630e+00
-5.371385132475843260e-01
2.002093733592608338e+00
-1.392729905256863354e+00
1.524006305484829848e+00
-1.100067702337902631e+00
3.352471051767405452e+00
2.394156044658844795e+00
-7.462340386465246556e-03
3.570167047474690047e+00
1.816612953192996427e+00
8.847080942940080961e-01
5.656540384068580174e+00
3.596870834807362360e+00
-3.285645242628767893e+00
3.810597806576463409e-01
-1.429064930541383838e+00
-5.692040116852652432e+00
5.251140547514841828e+00
-4.308476752891708728e+00
2.168596147918643968e+00
2.456581769349448940e+00
5.024162380505478254e+00
-6.744369276011923375e-01
9.429282442562488598e+00
-4.215252547810362849e+00
1.996090404696975407e+00
2.629577934479172985e+00
9.106660020421685431e+00
3.184182505250059858e+00
-2.730733148867046545e+00
-4.091714584010348155e+00
-2.610793598179594888e+00
3.812498168215980865e-01
1.400495968852859985e+00
3.232755568242984823e-01
-1.257338027320831220e+00
1.330165054838281513e+00
3.395514414782418999e+00
1.259548274951175495e+00
1.981941531578238769e-01
1.184071350072912310e+00
-2.798132252719388813e+00
2.853825082900863563e+00
4.726632627465454650e-01
4.961244156386163118e-01
-5.356678441924999312e+00
8.005731626323180805e+00
1.959494527212191528e+00
-1.597543533057549148e+00
-8.181759665194869413e+00
-7.736985062184214001e-01
1.613568313140989696e+00
2.785727153980777970e+00
2.913811227590322961e+00
4.826116343925391128e+00
2.563064827958062564e-01
3.798648847510256665e+00
3.730300395008085967e+00
2.649164593709214977e+00
8.432274542947871820e-01
1.181645440535930014e+00
2.880832628428893205e+00
1.198891082219316617e+00
-1.218103643511056156e+00
7.127156597657455794e-01
2.283685631297851515e+00
-1.009169689087548560e+00
1.224244449002781510e+00
4.904759559110034028e-01
-3.693562714526423263e-01
1.352551531409992291e+00
-2.778933930688466614e+00
2.392128036577843897e+00
9.822642905325449370e-01
1.985143182688514085e-01
-7.527764974508329487e+00
7.272529224138092552e+00
-3.568878864430892861e+00
-8.111333216818871206e-01
-2.125276302731454514e+00
-1.853232387925022984e+00
4.140093085558217645e+00
-3.341878691455504868e-02
3.532228996334345172e+00
4.408126334115035627e-01
2.466793942705233889e+00
1.191447369876484697e+00
3.900817118803311390e-01
7.301850653307482286e-01
4.260424279469969377e+00
3.620748189487668967e+00
1.280399974574708777e+00
-2.953855923883291101e+00
-9.516847452515615480e-01
2.788955889196618632e+00
-1.240208325166387349e+00
1.146038660118625208e+00
4.893791742976477899e+00
1.747709313825963839e+00
1.746673477848045275e+00
3.665363557074576284e-01
-1.443700763652201013e+00
3.448005738634307704e+00
2.298860268159183651e+00
8.199334632448721516e-01
3.041043114152845561e+00
3.776909865212367198e-03
5.346252741882597803e-01
1.133939356840988788e+00
2.569771219299517462e+00
6.222720401735637452e-01
2.233963854661411563e+00
4.170830848792065559e+00
-1.566437587970760159e+00
-4.203864044734653693e-01
2.920420400324066357e-01
1.026230750012606663e+00
1.633350997273411043e+00
2.198684325862596101e+00
-3.467246856539622613e+00
4.120656461871462284e+00
3.001177029769186877e+00
3.478882218359901302e+00
3.828208494260970873e+00
-4.616897962348968654e-01
2.177292962295640066e+00
1.426913508597802860e+00
-3.541615454045966838e-02
3.652274731622723536e+00
4.063960582029513269e+00
1.923966355894411784e+00
1.980075890981029207e+00
-7.957261181560068564e-02
1.918165794333843266e+00
2.520110172592893716e-01
5.453140716886842654e+00
1.883872456512503346e+00
2.539162928342638015e+00
8.254426579342817316e-01
3.796905451889904803e+00
-4.880349361291408949e-01
2.184544313277385630e+00
-1.563958296359138980e-02
1.304906095766948049e+00
-3.938064036384182898e-01
2.224089339060860038e+00
1.249793263351398398e+00
1.162166246295277316e+00
-2.093608343918372180e-02
-1.207705455899154900e+00
2.374652928895694792e+00
3.551692670096775473e+00
1.090228148611095627e+00
2.512307807522217384e+00
4.240860028204875398e+00
-3.911945933795927255e-01
1.855720203797320833e+00
1.598800548820522138e+00
2.645327194931439418e+00
-1.099472266514161634e+00
1.313348610052432086e+00
3.185251879178647716e+00
3.612975684995766823e+00
1.551831132782570455e+00
3.222208929910276520e+00
9.546784339068384861e-01
6.816497548781194071e-01
1.180524689681941686e+00
1.216547866941893874e+00
1.194574984282751551e+00
7.662999212500763990e-01
2.193755730072245225e+00
5.187334990966061543e-01
3.448077631632190165e+00
2.016063216139867720e+00
1.722616561799929835e+00
4.662537094848310915e+00
1.138841890686221880e+00
-2.087902085532253871e+00
3.476827309041468084e-01
-3.282987550876680927e-01
2.393902028453883002e+00
4.212010382758359484e+00
3.109081191023164159e+00
-2.653000767216436295e-01
3.233984232711646811e+00
1.714493980445529697e+00
3.408802962116189494e+00
1.937972809058730927e+00
2.221399763912280889e+00
2.165091176505073989e+00
1.991452668505683699e+00
3.923014465600782041e-01
2.466965449285758893e+00
9.054380983393545135e-01
1.461212933839218131e+00
1.409103215236211515e+00
2.109350438583441179e+00
-5.952785297249797714e-02
1.032889177083297527e+00
2.872451003587191742e+00
4.491300139367393918e+00
2.907902441239853975e+00
1.956377343222234222e+00
5.728578006744142886e-02
2.118745405362510770e+00
1.638790424093640841e+00
2.295275538010100647e+00
-2.182765944857757712e-01
1.606457283013872583e+00
1.580380711736776966e+00
-6.362983108892473760e-01
-2.539270608952928221e-01
1.076935211247084023e+00
2.381256377837461358e+00
1.714454961788796306e+00
2.632886652460486143e+00
3.831784755613744764e+00
2.535740934461453655e+00
9.043336598671704030e-01
2.541896911447709684e+00
1.622324390679359629e+00
1.742151795886059729e+00
-5.809731728610423307e-01
2.456929258902945001e+00
2.992929685084660396e-01
1.936665624003742980e+00
-5.886784407062833901e-03
1.124350128844368024e+00
5.710734104130102962e-01
1.756882785275389047e-01
8.780601930530438359e-01
5.019481323219571189e-01
1.929663182637949115e+00
-6.986097504805299785e-01
1.234899854213048487e+00
2.734583230232101148e+00
2.999870067793358519e+00
-1.228396152553538068e-01
3.358896343160892695e+00
1.027859205335978521e+00
1.056075610468441561e-01
6.521727793724935163e-01
-6.570578873595336877e-02
2.881902507992629481e+00
-1.295304325187518701e+00
2.490843627575102026e+00
1.889238965451106367e+00
2.495586049923156580e+00
1.529354222325375101e+00
1.208209718625360862e+00
1.253562378114304154e+00
1.256132571698087563e-01
2.608040146434812967e-01
-3.752034312911493585e-01
-2.174511826105988810e+00
2.428544628971045061e+00
1.944830959455193353e+00
1.870016521002806353e+00
1.444515037978840066e+00
2.041578546200687683e+00
-9.280595354529486141e-01
3.018464792383949824e+00
3.191703212295823988e+00
5.113678727386763434e-01
2.015052206936623236e+00
4.618412962671809563e-01
2.846206891470658196e+00
5.491216186169380009e+00
3.290986890418301503e+00
1.124229424423762946e+00
-2.301914563787836876e+00
-1.467830367681168591e+00
1.659602204894073729e+00
4.460458317940021900e+00
8.554871705766473600e-01
4.343779899280742818e+00
7.346617151901104759e-01
5.907358651065809374e-01
2.541682625694336561e+00
8.822870995508288461e-01
4.946685837621447313e-01
1.549454654391070108e+00
7.447345924892891933e-01
1.448358189906314708e+00
3.140687430337770536e+00
2.308880287608386706e+00
-4.748484406130059066e-01
-1.940841071768295345e+00
3.867432944048656007e-01
2.867987111912370768e+00
7.443498645898407456e-03
1.724946978858040936e+00
3.048092390530628415e-01
1.712745123047992646e+00
1.293173509100364882e+00
2.086379609442027938e+00
2.525272840407511765e+00
-6.939972804894384284e-02
2.262655185037457883e+00
1.666566143750681572e+00
1.454764019760139915e+00
1.197446145034423981e-02
4.978580381632855545e-01
2.219918296276083947e+00
2.324742968280442135e+00
-1.138759756574957149e-01
9.626481894302408859e-01
2.121538870850331104e+00
3.721700944148487733e-01
1.354986861723217029e+00
1.027835128715071322e+00
1.590487142130389664e+00
3.300583394716117613e+00
4.762087101217166163e-01
1.547387601983468031e+00
2.975179116464156337e+00
1.762827771203590022e+00
2.348438024724706974e+00
1.141579750013705485e+00
1.821324149469938591e+00
9.555902990358225990e-01
-4.503311807742744755e-01
1.059987554632866757e+00
2.342494899143388931e+00
1.714896844533193576e+00
3.475665792449256219e+00
2.182893628397301722e+00
3.282345025357694013e+00
8.742940032987465138e-01
-8.702849243797966539e-01
1.105270380430986576e-01
1.279985746746053366e+00
-1.009921964969480612e+00
2.602989519541329511e+00
1.298461180552032301e+00
1.365802518064829663e+00
1.669346965893666823e+00
1.973179980379346610e+00
1.397496503915462984e+00
-1.108744561869994677e-01
1.752459957322195283e+00
-4.472371562346388364e-03
2.508023575254131554e+00
3.097572163197392037e+00
1.938503489339753250e+00
-1.280102067096077212e+00
-1.109587430162504829e+00
-2.903500476624779059e-02
2.890718213614803300e+00
1.835253840877825837e+00
4.515920604478264266e+00
1.621984677228451854e+00
3.250315725472289863e+00
-5.913059516792963377e-01
1.653199867794999056e+00
6.103643814201459294e-01
1.809500452380482072e+00
2.313216787690860698e+00
1.247225924356987203e+00
1.127142033223308193e+00
-1.571207313116152804e+00
1.754169038731300256e+00
6.857280291482401591e-01
1.082125172956048598e+00
9.349251384357984973e-01
2.040756119052874240e+00
1.094843174718332923e+00
2.720935397485352070e+00
2.424945274598460543e+00
9.255218523288346599e-01
1.679015589661512209e+00
2.803452956177071798e+00
4.777521617906165474e+00
3.565983939453356011e-01
6.516987703628907447e+00
2.420430659684079000e+00
2.750462878915606257e+00
3.271483731136967332e+00
1.319872174828552236e+00
7.490204421964105630e-02
2.619576104115560966e+00
1.258832547893343534e+00
4.010728740903747869e-01
-1.181074746821031592e-02
2.275248544757405345e+00
5.285477939594571822e-02
2.006404043357527645e+00
1.907779029694438577e+00
1.120976241845812904e+00
1.528773254672755932e+00
2.101229849369925962e+00
1.396391794801787434e+00
1.087657143431891571e+00
2.958402630034106529e-01
1.789184142848204484e+00
1.929572290413587021e+00
3.190235433369300377e+00
1.715388024302992642e+00
-2.762367468673433968e-01
1.823094757330034676e+00
2.580702835187897559e+00
2.420693177652235573e+00
2.026810638457048341e+00
4.178620485969192444e+00
2.180066751518117130e+00
2.089977219211717419e+00
1.856209642415547201e+00
3.936671915425775214e+00
1.869116990628253649e+00
1.341218407565855752e+00
5.466406215604249219e-01
2.902403121723838852e-01
1.800391000537515662e+00
1.885231968068364905e+00
1.408262010162698585e+00
1.779437148671044300e+00
4.402055789075371983e+00
1.566861385829708686e+00
1.522252604305016632e+00
9.525545164053191849e-01
1.842752301133607551e+00
3.043300612764381796e+00
2.035871517482941595e+00
3.750468467465164046e+00
1.206072241783197718e+00
1.426484538914114308e+00
2.530753498455371897e+00
2.033945610148368832e+00
1.024477900980566902e+00
1.901163816604873702e+01
4.061067689600209718e+01
6.170185765895909924e+01
7.173935625296056173e+01
6.259496683074382872e+01
4.455518540451942755e+01
1.925419064290380433e+01
5.252311690389299237e+00
3.414096239501621888e+00
2.346184017963507951e-01
5.017914409060106884e-01
1.380490564171655832e+00
2.254952748456944267e+00
9.687262942243834996e-01
6.558676900768160012e-01
1.973885926292787474e+00
2.296368457178515676e+00
-1.501634259373372915e+00
2.601099030954640678e+00
1.424781390202307207e+00
3.587517739223321289e+00
4.301520625195964342e+00
-9.444550106620464014e-02
5.157795918166061533e+00
3.593187190972637612e-01
3.858496196169775239e+00
2.126053714740320455e+00
9.212772630421458553e-01
-8.221850556826194589e-01
-6.772304454937196905e-01
3.816177822865587377e-01
3.362793954395354667e+00
2.834497038422334025e+00
6.736070583755612295e-01
-6.943909496417018101e-02
-1.198714867732730616e+00
2.420907182385849676e+00
1.374971262699429486e+00
2.876047816295840054e+00
2.057802239938265887e-01
6.826132962175790464e-01
7.112174287073231849e-01
9.026256971816875030e-01
-1.277872500917868193e-01
9.097911035201801111e-01
6.350028198144271885e-01
2.611719037549349309e+00
4.310986128685238228e+00
2.417338869234217924e+00
2.110170302203631110e+00
1.248730387765197181e+00
-3.676857365615596729e-01
2.141953224093363417e+00
1.902270586345038650e+00
2.101961569909549077e+00
1.989678487287329434e+00
1.551015030628764668e+00
4.442158271675734627e-01
1.633630307130720549e+00
-1.975461476264545047e+00
1.790219798951012242e+00
2.410526428484718320e+00
2.317146590490039237e+00
3.092311635676534110e+00
2.084604509143561213e+00
3.344094640983086286e-01
4.946908028336499008e+00
3.341403248334176901e+00
2.649082708187010304e+00
2.868781177438638696e+00
-7.617936013794920913e-02
2.458638573076147082e+00
-4.319637054005417420e-01
1.046202566706723625e+00
4.324329803311273146e-01
2.491764970351356023e+00
-7.481500527272139101e-01
-1.321032234151736651e+00
-2.449330469271239430e+00
7.847692086276943924e-01
2.207888782481040479e+00
8.310031965619970595e-01
5.662612197256549074e-01
-5.586533411443092012e-01
1.071658779821399676e+00
1.104834765507108463e+00
3.080048784221812053e+00
-1.725655489378948027e-01
1.318903015512444266e-01
2.081449605947233383e+00
6.543380719814371194e-01
4.563822332637604839e-01
1.044547543848981519e+00
1.613212671834209244e+00
9.229413515817463942e-01
1.230226268587004679e+00
7.158358454935375148e-01
9.406502667683488417e-01
9.077352827441691474e-01
4.130571903045761495e+00
-8.048765980887611082e-01
1.920934742363317405e+00
1.533433219800041547e+00
-6.371966676012922326e-01
3.859052670732748158e+00
3.021462222117918373e+00
1.128310672599422526e+00
6.521318330266201446e-02
7.002440069304833870e-01
4.225905402862006888e+00
1.557158872411831041e+00
-8.337316973518598129e-01
2.354773466092526135e+00
2.262512427235397805e+00
4.185991020256999207e+00
1.723175893856925267e+00
5.359007819245191762e-01
6.038366528425130886e-01
9.142755394957146065e-01
1.224470047895902525e+00
-1.153880567050147521e+00
1.863918988113426156e+00
2.781111465628298252e+00
-5.283967602222187088e-01
-1.210187841227095218e+00
-5.682341128044092748e-01
-9.238743345690861308e-02
8.084274661542848461e-01
1.406592881869994871e+00
1.373680501598120829e+00
2.902611642611123699e+00
4.486503930143245000e+00
1.077225933670298952e+00
7.478423514426650875e-01
2.432468003298079218e+00
2.646344626813146306e+00
3.193291154951738875e+00
7.427159863089602077e+00
7.434503959478177215e+00
6.447954912570352803e+00
4.823017867375384959e+00
1.596493648352531602e+00
8.228422875879203291e-01
-2.528733479319896643e-02
2.564134912621305773e+00
9.934491909103826401e-01
-1.350147452248877444e+00
2.437689670930919039e+00
3.259730146811423701e+00
3.408589949623960447e+00
3.784374423880759952e+00
6.177401235043297412e+00
3.472251846304400313e+00
2.444281412733275705e+00
8.723761280807645901e-01
-3.627087892508180922e-02
1.656220889392433504e+00
9.911039083055238619e-01
1.472018609291518620e+00
9.127934124486519751e-01
2.208556144812908961e+00
2.755428099042433132e+00
1.557747403030268707e+00
5.250913738678629761e-01
1.111859461575343655e+00
2.567217823117308728e-01
8.170852169363863604e-01
-9.587638945397471968e-01
9.818827359697397325e-03
1.809624343873765251e-01
2.418831015705441789e+00
9.132967879310435189e-01
2.543675849042609904e+00
2.387368990639304300e+00
3.105551554535211700e+00
3.870635849433410769e+00
2.337661452172554721e+00
1.889146396241543568e+00
2.046167857917284394e+00
1.281962556502375339e+00
2.239914976864943341e+00
1.912088287375536044e+00
2.508104148434619596e+00
1.480410618056640093e+00
2.691677987820969786e+00
1.947846540896237322e+00
1.368746658931504490e+00
1.414470958361752739e+00
8.402135064361024863e-01
1.513573256534376556e-02
2.076674408822310802e+00
1.160157941690417749e+00
-1.894323704629822802e-01
1.051985561595479624e+00
2.628067790818157334e+00
1.381688071130639184e+00
8.101460586929651875e-01
3.215042478815593352e+00
6.552476781856892973e-01
1.800156503622372117e+00
1.519075690777409893e+00
3.702853826739499254e+00
1.163973642739348557e+00
1.338930047757086683e+00
5.834875500165721540e-01
8.150371405097732724e-01
1.184003549609440320e+00
1.866758319465526395e+00
2.333367994349176411e-01
2.106696622938286634e+00
1.288776513446475924e+00
1.825333657470002313e+00
2.447402673945489937e+00
8.948645900362276473e-01
2.543695473329698142e+00
1.555197286927122446e+00
6.825126069359696013e-01
5.532353902148583469e-01
1.103199758085989357e+00
2.274086087596380867e+00
1.622117783731323870e+00
1.672924432066063227e+00
2.131747363668702988e+00
1.716608905029341159e+00
3.896717768113698632e+00
1.913310901382314411e+00
3.630526492728104460e-01
1.663495423238530391e+00
1.638317395779336438e+00
4.367920174844299591e-02
3.274172258067154395e+00
8.511070159209507269e-01
9.097499721418542684e-01
1.651968386007955258e+00
5.667147608496624356e-01
2.248106748603875271e+00
4.083911236225166164e+00
1.608563036454941475e+00
1.399429076505359637e+00
2.306170994544903596e+00
2.702266811880882802e+00
2.719843225542324827e+00
4.011030117456595434e+00
9.595520705878863854e-01
1.246062848379899446e+00
3.526481211880445610e-01
1.987609676769417355e+00
1.803219818260007656e+00
1.893741781736568264e+00
9.891544687150525261e-01
2.185373793241341733e+00
1.977051080509970804e+00
1.119868853656201813e+00
2.704291469100855494e+00
2.112421202473276249e+00
1.699235420949591902e+00
1.764622618351826766e+00
5.562666308358943379e-01
1.405837789374602353e+00
1.679165339856805161e+00
-6.676231378940483685e-02
9.016860447797478972e-01
1.911574552377002911e+00
1.637979463219069176e+00
1.469294439148994380e+00
1.967002313926507151e+00
1.735045210613103794e+00
1.229062298024534927e+00
1.092665656577372468e+00
4.518464716693611494e-01
5.656168801041542432e-02
-9.030608872610657034e-02
1.868992539369790595e+00
2.207770765260508750e+00
2.808362008944512489e+00
9.614680989063720817e-01
1.391837868000411982e+00
6.627482060214058279e-01
1.021990257108020606e+00
4.394143343127673851e-01
-2.642211969054398257e-01
1.782908052740986626e+00
2.897880723598205144e+00
7.164921598314353268e-01
2.095302122031442060e+00
3.372970614593698180e+00
8.341935978582749600e-01
1.358264096595430903e+00
3.072435259769019655e-01
-3.204691956921085771e-01
1.515769012200422372e+00
2.034896029290428066e-01
1.045156565641947699e+00
1.781009146734782611e+00
2.116573702614383823e+00
1.981740317889589376e+00
9.262249220674887429e-01
7.474695521852086078e-01
4.739258286514406726e-01
2.161148804547292634e+00
6.054868634383570036e-01
2.621593978147273685e+00
6.658135374929669004e-02
3.256848086427924116e+00
1.678001789313728898e+00
2.446071314744166614e+00
1.047975931779717262e+00
1.967633941694095778e+00
6.688889229263095260e-01
3.756044674663505112e-01
3.821390728239190682e-01
1.243238333821543362e+00
1.556472810672976603e+00
1.531329941713046372e+00
2.740719947513739374e+00
-1.537888897767816454e+00
2.785281499879562750e-01
1.325368099694103963e+00
9.203882711779615144e-01
2.985888197515332187e+00
7.000940705957809929e-01
1.545472896229336257e+00
3.499281503155925233e+00
6.125838288428653300e-01
1.527657538383776048e+00
7.235365003492204572e-01
8.893511458330032315e-01
2.304739199727365850e-01
1.098881465115602252e+00
1.546484274016875216e-01
1.620568116237979917e+00
6.373674326584277683e-01
1.312131068882537832e+00
3.931379703060433606e-01
2.212752188247878671e+00
1.675538098184936597e+00
8.386643782879682485e-01
5.559076185218084776e-01
5.476824276550471687e-02
1.762343617692638587e+00
3.342636529505432108e+00
-1.459274117681106153e+00
1.630337127802913955e+00
-9.853752402633820795e-01
7.380019922119346099e+00
4.289178318382367294e-01
3.422836072643474115e+00
3.031369732128317729e+00
9.890680805694433975e-01
2.914781922559519955e+00
1.431617762971245877e+00
7.475446045179821031e-01
1.322280793555310252e+00
2.046913532778128708e+00
2.439775973494074712e+00
1.222119803390750548e+00
5.311216845914384921e-01
2.805175622970151883e-01
-1.070346824608445074e-01
7.496693614228069347e-01
5.096849038395687703e-01
2.370576627156797400e+00
2.442038036655510336e+00
-4.620184651928048170e-01
1.588523120192415483e+00
1.988198039179283727e+00
3.217471712309920295e-02
6.956003116525142360e-01
6.059072794619000391e-01
4.462157630069871761e-01
1.684351202713688878e+00
1.085215246594969152e+00
-4.114745515064872627e-01
1.903749517864493368e-01
2.185441341265238702e+00
6.571102829577090132e-01
6.829263932096564238e-01
-1.717142450560366074e-01
6.990784977487675356e+00
6.281610251341492868e-01
4.341586059666305175e+00
6.664811457612009882e+00
4.028106143399798000e+00
1.625861723367861167e+00
-1.237632216949818620e+00
-4.960687996543801659e-01
9.584433803473484392e-01
2.921035922114073369e+00
7.422893587566316009e-01
1.419454178378427800e+00
7.888012993073657553e-01
-5.433944567070915221e-01
9.303421820393127373e-01
3.581134784923445391e+00
2.141060483680335746e+00
1.397583273716195951e+00
4.472575415373133190e+00
6.191282121689292706e-02
1.140952892502488991e+00
1.274930342642122794e+00
1.195693701595423208e+00
1.559828050124559384e+00
1.680332205391972256e+00
2.617271406651856314e+00
2.376997240047306725e+00
1.171028935703286145e+00
3.439242148814657618e+00
2.316729615279958132e+00
4.768654120467715529e+00
1.607364428470882345e+00
2.065870753396898074e+00
2.668365328409688431e+00
2.837991978507179880e+00
1.481494969922392935e+00
2.911447327277936203e+00
1.197433768240123486e+00
1.218668647046672771e+00
1.536824860184255126e+00
7.710158358366516751e+00
2.523096864882662160e+00
4.722984128375824930e+00
1.006705180786624965e+01
9.705582889165958349e+00
3.761418054398808941e+00
2.276533505942756719e+00
1.550522134795129459e+00
1.849897546017171157e+00
1.293712226984436997e+00
2.239344964332864674e+00
4.326124239632767043e+00
4.407458122392126754e+00
4.341048746266942260e+00
-2.061697604774136661e+00
1.663209371926779534e+00
1.810542828850230934e-01
2.229880180193664074e+00
1.976939353862582127e+00
6.144634499786749693e-01
6.287797540657241724e-01
-2.366995264617917982e+00
-1.266418971421002126e+00
-3.674484138455491156e+00
2.270591980608350491e-01
-4.994950408220238280e+00
2.891433911124924983e+00
3.375205012018175132e+00
1.703442480991361752e+00
2.826296134016536232e+00
2.005627260550822744e+00
3.409028572747150321e-01
9.557130256144925617e-01
8.937102319060262756e-01
2.564923724941540417e+00
1.399836283630845113e+00
3.272077481767004858e+00
2.563005559384659460e+00
1.434044363935822908e+00
2.634779574767296406e+00
1.623177199325573694e+00
2.695140079444050318e+00
2.914891793132788678e+00
4.150706958022795767e+00
1.148811226505179750e+00
1.491472740528461127e+00
2.668282933115615485e+00
2.856101466160815061e+00
-2.634526214474601780e+00
-3.292488567480779116e-01
-7.444253051362595963e-01
-1.911168347154904801e+00
-1.154026062153692633e+00
1.653287013113412973e+00
1.846705164155381773e+00
1.373808298245385862e+00
3.576956342225110053e+00
2.309837889056447491e+00
3.221568592502650041e+00
3.027596182909175315e+00
1.078840709882255416e-01
1.028348037460265374e+00
2.346215591406810130e+00
5.837514263542979975e-01
1.526072191447902737e+00
1.949209050807966692e+00
2.207358499104491223e+00
8.488440791329284751e-01
-6.173913779842126193e-01
2.168680271155050132e+00
2.213081906956254397e+00
2.245814984954323634e+00
1.791872814704590366e+00
1.833548100364373212e+00
1.966687526373595896e+00
2.157815106771852509e+00
1.430095132160330851e-01
2.449055805276917575e+00
1.823870339676633145e-01
1.078894587141089767e+00
-4.473299805230528947e-01
3.081759372346185577e-01
1.652455698565977738e+00
6.536706608121736206e-01
1.902404030251616085e+00
2.221260897687638902e+00
4.490974252319319682e+00
4.463182814827903577e+00
4.473794533620303326e+00
2.127243754165156986e+00
1.264703637213989484e+00
8.049624326652261574e-01
1.085800720367651406e+00
3.045491629455716609e+00
2.447341796126581315e+00
1.884744864214329185e+00
8.066060127600316321e-01
1.712849648183413676e+00
-1.151165477841962437e+00
-6.471482130152916845e-02
1.541761789810479844e+00
1.775660453061992383e+00
2.846218769546782212e+00
3.093660897844936031e+00
8.871721759409796348e-01
5.811552515425749021e+00
3.601659676335696503e+00
2.825873345410950588e+00
2.107705465605403283e+00
2.182897738524269826e+00
8.770245305994061047e-01
2.596977323983009178e+00
4.371723105702213230e-02
2.080033407405283974e+00
2.358114634748984084e+00
3.894181948834049223e+00
8.484554969539953584e-02
2.764466655219553815e+00
1.848337474152343951e-01
2.226228218853879337e+00
5.982568724097564461e-01
1.149266852927033122e+00
5.467450505793747251e-01
3.440243421459295181e+00
1.588950181558089314e+00
2.865999500685519230e+00
2.127425491221165199e+00
1.444291523061081550e+00
-4.894640785636156788e-01
-1.257122493215113934e+00
1.308182498702253671e+00
2.787581934012171025e+00
2.748746447873474885e+00
3.409146516436767360e+00
2.608365974318348268e+00
1.846835262227540797e+00
1.409332975115131115e+00
2.660036122077275689e+00
1.696062942488910874e+00
3.094085718020948006e-01
5.531523119960347623e-01
1.452820516835611198e+00
1.673742909940920010e+00
1.150871301396970914e+00
-8.788176265632849926e-01
1.331945973916328185e+00
-4.818793109770282412e-01
-8.570271535585433087e-02
6.702701037288563146e-01
1.241617506751786060e+00
9.926355786510727697e-01
1.773575737325233437e+00
9.329035838967685290e-01
4.164734816908818860e-01
2.009649545658644954e+00
2.983522385337237903e+00
4.795082348531506611e+00
-1.427326346160385229e-01
1.567580631744897479e+00
2.719873064104791016e+00
-1.056448611521907166e+00
1.823875729591883710e+00
5.882185840492679674e+00
2.676098504256420707e+00
1.432151778866996628e+00
3.307243132274653608e+00
-3.302746222895392991e-01
4.739421045590882287e+00
-4.729757513636546618e-01
1.368403258366731379e+00
2.610527492129111060e+00
5.980349683627648183e-01
2.165856064614522514e-01
-1.206294768883822560e-01
4.794237951047858992e+00
7.054320656416676272e+00
2.349565501084190267e+00
1.374644888953721888e-01
-2.105534857609811628e+00
-4.591358557469895491e-02
2.931998284921322195e+00
1.946778460936169131e+00
-9.752389712128179955e-01
3.751811068022287365e+00
2.232392557290145518e+00
2.148746773232944829e+00
3.056671991385400577e+00
-2.081049187050991289e+00
5.803348283733450685e+00
7.706166698748817545e-01
5.782369174126331668e-01
2.826527130189692372e+00
-9.319510840914829730e-01
-3.799775135751724819e-02
1.598172855040740636e-01
1.900963464326448915e-01
1.608396554455800764e+00
2.704063693741804109e+00
2.698368513695932780e+00
2.361861091385477174e+00
3.694856007319394120e+00
3.919310372189130032e+00
1.654676414390853889e+00
2.447115063984797168e+00
2.600014319929143447e+00
1.278185383325355806e+00
1.971124526787714659e+00
2.229264627351381645e+00
-1.318948409795396570e-01
-8.581118036336115029e-01
2.307102607256752425e-01
3.620324256120454276e+00
5.427790226431247200e-01
5.330530085202950241e-01
4.023096527603123640e+00
9.128244900289688157e-01
2.760075684077450742e+00
2.702217565399062771e+00
2.587206302028837168e+00
9.615201053981606849e-01
1.115807927254429677e+00
9.247918788120008671e-01
5.502496907301740459e-01
-8.211129826576895052e-01
1.072017679852152128e+00
3.877220683273849278e-01
8.510160194512834675e-01
1.208500571410542207e-01
2.650975854720640790e+00
1.630736993573554949e+00
-7.887847998197724531e-01
1.280316142497495147e+00
2.668579552982256686e+00
3.008738331287457601e+00
3.461278183814914922e+00
1.189399246272223154e+00
2.316857080131244029e+00
1.345613061704966640e+00
2.113265834901779439e+00
3.949059515075267757e-01
-4.103285310088031212e-01
2.247121547798251129e+00
1.360769471437762279e+00
2.068140008283798181e+00
3.663859581895979378e+00
1.073193703579112590e+00
3.348171268114021437e+00
4.208121093439461724e+00
2.990113616082153314e+00
2.845886199402686501e+00
-5.048908825047551119e-01
1.799970862572032759e+00
2.838696557433172174e+00
4.984506835232855315e-01
2.895613586293880104e+00
8.843337383617044800e-01
3.450467416643984819e+00
-2.070889614149082347e-01
1.401578762127627220e+00
-9.017407917152562291e-01
3.042759683818077932e+00
1.832953077229907635e+00
2.453942094884181024e+00
7.750576432063681631e-01
4.712648772029146116e+00
-5.930243231023524242e-01
7.240943811441483691e-01
8.387518381667299350e-01
-1.899725862158323508e-01
-3.549957063167628935e+00
4.309177797473961458e-01
5.422382839897436080e-01
2.410105898735324104e-01
-2.705474080851623331e+00
-5.981937539485244759e-01
2.292592149776547572e+00
-1.456095823498186892e+00
2.527024828843149606e-01
-8.819900545425244376e-01
2.592064340031876135e+00
-3.223278635082685861e-01
5.471958885613140922e+00
1.506022096255037690e+00
1.245458074717263663e+00
3.327550332477018813e+00
6.701698106363878082e-01
1.586811484719382381e+00
2.775379434257593925e+00
5.084375585468579178e-02
2.671984029312235442e+00
1.598880345723314278e+00
-1.214149107430026353e+00
2.987208897811270969e+00
2.948479255453571479e+00
3.209643440872679943e+00
2.001756805073419354e+00
3.585302313233976523e+00
7.151746846229742882e-01
4.685620166783620810e+00
9.267513930866350114e-02
1.527620249520356799e+00
1.904407259500103811e+00
8.492546055410865602e-01
1.855508706557155385e+00
2.222480893433473881e+00
1.090018074904776979e+00
1.279658487906219611e+00
1.510785625162924362e+00
-3.254489201712824631e-01
1.183891938786842513e+00
2.420360500797464898e+00
2.487054680748763125e-01
5.882051645430764530e+00
2.032874813003692438e+00
1.251573844064370711e+01
5.580565662769279456e+00
3.463366637985367813e+00
2.067896008040895239e+00
4.112530419845866980e+00
2.078830760873323413e+00
2.928074009365222885e+00
2.264662042873185843e+00
-1.195336315947408412e+00
2.460682316842328188e+00
4.135992843556445031e+00
1.307053237205135998e+00
3.857921154050002244e+00
2.728376354163683626e+00
2.066070705739548430e+00
2.599791714756532812e+00
2.649016978722650295e-01
4.925220409612257377e+00
-5.330998643082793809e-01
3.103857088080372417e+00
-8.065852237293230642e-01
2.557350032940470808e-01
8.197791664408257128e-01
-1.563317615422691875e-01
9.989834612412049619e-01
7.400380227418362766e-01
1.489814383658947694e+00
6.286642690040012971e-01
2.042611683049109228e+00
4.876783171126122113e-02
4.481936966626572705e+00
2.834686220670905588e+00
1.448064583789410831e+00
-5.695551748542169168e-01
3.265326559155010688e+00
3.495566109320559889e+00
-1.905484726827192180e-02
2.301154680501073635e+00
6.651058085055079616e-02
2.597198512327186126e+00
-4.222655801473363391e-01
2.982820894496846176e+00
-3.722167904493890234e+00
1.866174722636841476e+00
-3.067851475934513683e+00
-2.778142394348607880e+00
2.194486148075085907e+00
-6.518799447966784122e+00
-1.321423919077210352e+00
3.204818608921429668e+00
8.906311731054237235e-01
5.085284943889721632e+00
4.378394771608337344e+00
