8.132052198066619439e+02
7.406724354000809853e+02
9.647131399983428537e+02
5.812285900629602793e+02
7.784737192618482595e+02
7.946781178568811583e+02
7.609384126237825967e+02
7.372973957226242874e+02
1.120855913452990308e+03
7.305519110275555477e+02
6.151918852950315113e+02
9.171446396189800225e+02
1.038569470551460654e+03
9.051584222126465420e+02
8.611978723901876265e+02
7.351715779527063432e+02
9.861890288434367449e+02
7.276473352019809226e+02
8.115299274677206540e+02
9.209385359101819404e+02
5.882360566920787051e+02
6.704169862665323762e+02
8.296367731939849364e+02
6.912198812783353787e+02
8.158118315429212544e+02
8.465639978853199636e+02
8.614393204483934596e+02
6.679181504616715301e+02
7.697487272632034774e+02
8.162153579416980165e+02
9.008115553070610986e+02
6.868103638996998370e+02
9.823114840698322041e+02
7.079455685249278076e+02
8.457643260504263480e+02
6.116583513411620743e+02
9.725967267872117645e+02
7.151942992281529996e+02
6.014514967238868621e+02
9.163921688135555996e+02
7.597239902835534622e+02
8.127355450906183023e+02
1.144447517722395332e+03
3.875088408792420296e+02
9.798746082574321008e+02
7.142239136637373349e+02
8.784011032897107043e+02
7.208033309438487777e+02
9.672726672819466103e+02
6.070008581668291754e+02
6.514859267182247322e+02
7.856105711088398493e+02
7.830918985929603195e+02
8.413283709270884856e+02
7.800810152753242619e+02
9.679680269843478300e+02
9.542532275740737759e+02
5.169416685634149644e+02
8.242245752009719126e+02
8.294445902400763089e+02
8.500033810477386851e+02
7.443303549243596535e+02
7.406099583163639863e+02
9.678674802481522192e+02
8.263747935735074179e+02
6.858809251705833958e+02
8.967164708028922178e+02
6.538228550333415114e+02
9.495725897043929535e+02
7.082072315761806749e+02
9.621762115294645810e+02
6.987358859116964140e+02
1.059442242538827259e+03
6.367621472727632863e+02
8.238952314129612660e+02
8.511444678858186990e+02
7.858158116619334805e+02
1.112568986605052714e+03
8.552692164677057463e+02
9.953022965782557776e+02
1.081326476507345433e+03
7.999608418889483801e+02
9.886670406672627678e+02
7.014803136163602630e+02
3.612894606293265269e+02
1.267095227297772453e+03
7.602024549951521522e+02
8.365989027330155068e+02
6.505263699342028758e+02
8.655307837181609329e+02
6.419948223009582762e+02
6.537466572379869376e+02
9.681867005047611201e+02
7.265536589778257621e+02
9.478146753889875527e+02
1.257769112530003213e+03
7.500817878126172218e+02
9.299793382729980067e+02
7.636455125393728167e+02
9.168754823558624594e+02
9.008399797460488116e+02
7.312353684087848933e+02
4.994592199415831715e+02
7.601983593920726889e+02
7.011176142988010724e+02
7.502973500007126404e+02
8.853687065725081311e+02
8.142877581676222007e+02
8.428190503097648616e+02
8.224964702338943425e+02
7.875971143605236193e+02
6.027987701676282768e+02
8.157670562744475546e+02
1.000114698477280740e+03
7.553533279434193446e+02
6.994263575026558328e+02
8.690375378884483553e+02
8.879499182027947199e+02
7.314605899477011235e+02
1.076829774607744184e+03
6.510022476836426222e+02
7.754353663390864995e+02
9.552426309751172084e+02
7.064306166050266711e+02
8.197582743603416020e+02
7.735081350968323477e+02
8.674942733085545115e+02
7.860213830276533145e+02
8.518443603797867354e+02
8.576708626408719738e+02
7.855248797012295654e+02
5.593269682967808194e+02
6.213708377972437802e+02
9.553222196409160460e+02
8.423356163728570891e+02
8.609095896141272988e+02
7.908548378446596416e+02
7.914730039659342538e+02
6.000997430133768376e+02
9.187224189248516950e+02
8.375028572204546435e+02
8.169596228669378206e+02
8.762867779907434169e+02
6.706994118998932208e+02
9.949022702025764602e+02
5.936008047632424223e+02
1.074910175632261598e+03
6.073205662991955478e+02
8.100349799593166153e+02
6.811803724989285911e+02
1.201828588859066258e+03
5.713572264452147920e+02
1.015488384964064153e+03
7.929136474715012355e+02
1.003380679384002974e+03
7.294107128965484890e+02
9.035265365990137525e+02
6.923602253006336014e+02
9.153249591272318639e+02
8.233031450570266543e+02
9.135195660417616637e+02
9.652868427453420281e+02
8.199256479504615527e+02
9.939804004944979852e+02
9.955934282124824222e+02
8.267241455125592893e+02
1.066084964357974286e+03
9.440058527156472792e+02
9.128870672508699045e+02
9.379540812090527879e+02
8.481375207331811907e+02
7.666075597314847982e+02
6.953591511969596013e+02
6.314506875287698904e+02
8.992835513870136310e+02
9.605908900108189528e+02
6.381584002633002228e+02
9.387486817444038252e+02
6.385433276810068719e+02
9.101804681591887629e+02
7.824697259633809381e+02
6.316371172718215803e+02
9.602884866428418036e+02
6.399110340010587379e+02
8.313406716040858555e+02
6.765384586279552650e+02
7.676596233521892145e+02
7.654856966332097272e+02
6.252684074751670096e+02
9.655572783340576279e+02
6.251518551677778532e+02
8.463862147623968895e+02
8.631927452861898473e+02
1.105642198488333634e+03
4.931542398289003017e+02
7.613743907203277104e+02
9.231224072090210484e+02
9.449221906739372798e+02
9.684525020662257475e+02
9.647318542263278687e+02
1.135160576002126390e+03
1.183014168374658993e+03
9.606866095639682044e+02
8.351527417703963465e+02
5.804702592833724566e+02
8.516645259190485149e+02
9.861359669709636364e+02
9.001048744424638244e+02
1.045091093877631465e+03
8.739363526805708489e+02
7.330382069625642316e+02
8.287208745402539307e+02
8.402485554095800353e+02
9.754275640249285289e+02
7.801872384154072506e+02
8.463723253043222030e+02
8.140054889494288091e+02
8.935022211371983758e+02
8.449938201190939253e+02
7.678391032193032970e+02
7.758493878409424269e+02
9.732484913543113407e+02
9.446249647665040357e+02
7.776977591327411119e+02
9.154674794477690511e+02
8.187885659453187372e+02
7.138480355116790861e+02
8.079429183200384159e+02
7.021200950864500783e+02
8.388456487578499718e+02
7.450813145495404797e+02
9.048304747169523807e+02
6.861024512717942798e+02
8.845095738283288256e+02
8.359719536526122283e+02
8.417908724081421497e+02
8.723421139609536112e+02
7.352703169766474502e+02
8.423784396587757328e+02
8.232054584516638442e+02
8.931709192619106261e+02
7.782989477053738483e+02
8.443242699994844997e+02
8.433603549623499021e+02
9.434666163732869109e+02
8.259709693049262569e+02
7.965432718040116242e+02
9.991484901332997879e+02
5.508748139890952871e+02
1.050118745554472298e+03
7.967275281459300231e+02
7.456052406650040894e+02
8.772300817022968431e+02
1.065433389878082835e+03
6.605511016199548067e+02
8.152030454471303074e+02
1.290818431939858328e+03
8.036971708804430818e+02
8.635267762577060466e+02
8.247542577605056522e+02
8.216209819067873923e+02
8.364137108763712831e+02
8.825762500890979254e+02
8.153056147155763256e+02
8.784549156260881091e+02
8.036912964086021702e+02
9.237025128831018037e+02
7.943895218052740574e+02
1.063714794958669927e+03
7.134231573079517830e+02
9.597973007308894466e+02
8.463750492730384849e+02
1.051098318040418462e+03
6.087412812304852423e+02
9.234600996026060784e+02
8.329213704613713389e+02
7.656669448133484366e+02
8.574970288837878343e+02
8.490772265989953667e+02
8.382456385706972242e+02
8.015519498914146652e+02
8.595689173918591450e+02
8.876708585584497087e+02
6.999563568065356094e+02
7.275882943910669383e+02
8.186365137441247271e+02
6.694397471742935295e+02
9.953636140211841621e+02
8.053626378957283123e+02
7.799440010274641963e+02
7.953093292039455946e+02
9.573247905439815213e+02
8.188191726324370165e+02
8.991668235391360895e+02
9.331338203503546538e+02
8.379582801071254607e+02
8.186095804576241335e+02
8.858492013797571190e+02
7.687224090559702745e+02
9.635571345964550574e+02
8.907205154890675658e+02
1.042552098172579690e+03
7.913244987470822025e+02
1.147262241711992374e+03
8.883721432969525722e+02
1.070019555772192689e+03
8.717416426124818827e+02
7.766186150379256787e+02
9.682752901085082158e+02
9.630769144508548152e+02
8.722749332361104280e+02
1.125333132709299662e+03
7.588315433994500836e+02
9.330821508864091811e+02
8.860177488150277441e+02
7.923780689364020873e+02
8.943783178996059178e+02
9.634089196740616217e+02
6.981840427111993677e+02
8.255051583486795153e+02
7.348084699337532584e+02
7.143053042662298822e+02
8.805830259584739679e+02
8.451446076556489970e+02
5.672620248637215354e+02
8.422377508113676186e+02
7.229603407352768727e+02
8.375562862935573776e+02
8.638501748617593421e+02
8.472234189255959791e+02
8.100172561591775775e+02
9.324572702248559608e+02
7.821080100511318278e+02
7.882569482061644521e+02
6.754316523731554298e+02
1.020591621072562134e+03
1.020786685811552843e+03
8.299088657766936876e+02
8.284899819356055559e+02
7.720400761241220380e+02
9.464490692131319065e+02
7.769483116375758982e+02
8.896610487685180715e+02
6.677154231393121790e+02
9.222345538388749446e+02
8.241049197888413573e+02
7.372509133325406765e+02
8.554301653055571251e+02
8.823618481830136488e+02
7.152139097317423193e+02
1.045151101276208010e+03
8.583169584922792410e+02
9.353617679856595259e+02
7.901726769365603786e+02
9.251930991650259557e+02
8.729391539320070024e+02
1.089288571267312136e+03
7.174986691027161214e+02
7.275688050073682689e+02
8.675536767097252095e+02
7.935589431704638628e+02
8.045898957851873092e+02
8.098300643609665030e+02
8.396601803747331587e+02
9.384886129797480407e+02
9.635063014896099958e+02
7.893502543084787249e+02
8.306109664286541374e+02
8.459133733414704466e+02
1.008185247422068755e+03
8.184545000760830362e+02
8.701741574698102113e+02
7.936300268784310674e+02
1.091877127205581019e+03
7.542628552962069080e+02
9.283190775430725807e+02
8.619405749609817349e+02
8.386325304765089186e+02
8.871413118807017781e+02
9.310424358512261733e+02
1.004682847993643009e+03
8.839188420131794146e+02
1.014125752153668486e+03
7.734981960546382425e+02
8.511038522699681153e+02
1.009041902587600248e+03
8.690600092057819666e+02
9.871510824348763435e+02
8.518840309258657726e+02
1.053220361069947558e+03
7.976694873236002650e+02
7.176657366368986004e+02
1.011191579983673137e+03
9.213730355741893163e+02
8.050315954232725062e+02
9.029473804331108795e+02
1.125904726363787631e+03
9.246031567541598406e+02
7.053307587842432440e+02
7.842474266530238083e+02
8.831905046731526454e+02
8.534391754976595621e+02
1.029856106987661860e+03
8.333425166103074844e+02
8.203422027213988486e+02
8.104853664427537296e+02
8.830419772921659387e+02
9.043469899930752263e+02
8.908828823131406125e+02
1.018955551656233752e+03
1.034863526708848894e+03
9.450288475300919799e+02
8.285598460152879170e+02
6.133004849451759810e+02
7.362902695984972752e+02
6.495286418479313397e+02
8.853770168191545054e+02
1.099814287827271755e+03
1.611624457176186525e+03
1.365510886533370694e+03
9.624843891231345197e+02
8.955828457493221322e+02
5.563307354218630962e+02
8.638992930741986811e+02
9.281167252765743569e+02
9.150948182281067602e+02
8.455495492759001763e+02
7.545576996461389854e+02
9.004999741993793805e+02
9.468658416944298324e+02
8.475774861933315378e+02
9.360040578287711242e+02
8.956227738173587340e+02
8.441108741394600656e+02
8.997893692833362138e+02
8.925588137014755148e+02
7.612519203361063092e+02
6.358355201932906766e+02
8.513542782311787960e+02
6.806943703645443975e+02
8.135606516820741945e+02
8.839261866178920855e+02
9.281986604194455595e+02
8.825421764712574486e+02
9.595688844513841786e+02
8.571179284595685886e+02
9.181439632849413783e+02
7.388131120263161620e+02
8.236308916164371112e+02
9.002701444275885478e+02
8.690177941026822737e+02
7.687634334725628378e+02
9.189536819960449066e+02
8.804905462067428061e+02
8.354221196813532515e+02
8.524519981813575669e+02
9.070300134854775251e+02
9.266209289422857864e+02
8.472895265357826702e+02
9.271637540445359491e+02
9.926789070986164916e+02
7.093078891788258034e+02
8.801500672588920224e+02
8.838503432568260223e+02
9.040420396314125355e+02
8.634946855776487382e+02
9.660320195481247083e+02
8.683896658301443949e+02
7.157390585451400966e+02
9.704464599899204131e+02
9.181287176768821610e+02
8.739993323616431553e+02
8.146612969245694558e+02
8.260105372392673644e+02
9.358744533364031213e+02
9.292727302883021139e+02
7.443423300885941671e+02
8.108015329524290564e+02
9.044684996522593110e+02
1.060945695350336109e+03
8.733276456228054485e+02
1.008651909480382642e+03
8.375731123185886418e+02
8.342136338018262904e+02
8.101080555110532941e+02
8.383095652128945403e+02
8.725223491003742993e+02
8.789767347645894233e+02
9.822323038378061710e+02
9.563813103626597467e+02
8.726351212730543239e+02
9.646876409217657056e+02
9.020287471915828519e+02
9.643527610589975438e+02
8.182110292163636132e+02
7.898893082334337805e+02
8.872476433572647920e+02
9.430205696338949792e+02
9.109989092024935644e+02
9.892761963450719804e+02
8.795898266629134241e+02
9.145928262279687715e+02
9.108108928544443188e+02
8.861239511859149616e+02
8.914941724992194167e+02
8.834086511946692326e+02
9.625864072475030753e+02
9.602627288359542490e+02
8.425232877810732361e+02
8.782902607604536342e+02
9.064263865514243435e+02
8.582673655069276037e+02
7.977473413381347882e+02
8.434603700478778592e+02
8.585622150973074440e+02
8.203151387222696940e+02
8.781052235733288853e+02
9.127649135039379189e+02
8.735549347058799867e+02
8.760647082147438596e+02
7.993200433905868749e+02
7.976126262133295768e+02
8.294554056005870279e+02
9.490847629481658032e+02
8.854090018247615035e+02
7.381744060069368061e+02
9.613798908538643673e+02
8.194003333904826150e+02
8.156527360761051568e+02
8.947588761432614319e+02
9.851823028394713901e+02
9.695524206786965351e+02
9.629546544567849651e+02
8.738414512370471812e+02
8.663079305712215046e+02
9.178426884155542211e+02
7.752611935571903814e+02
8.146962890170565288e+02
9.046668378463232330e+02
8.769186190787049782e+02
8.886388969397265782e+02
7.488425849070091544e+02
8.795898194933628247e+02
9.149182184458945812e+02
9.837748125180510215e+02
8.499152745260548727e+02
9.378600032312660915e+02
9.795354116601380383e+02
7.567145217750318125e+02
8.211005208350130715e+02
8.670384061250611012e+02
7.337998265198153831e+02
8.058635120448197995e+02
7.641931306204461407e+02
7.598433222142463137e+02
9.038684176767327472e+02
9.251784645943613441e+02
9.728165359778736274e+02
8.186596790229070848e+02
7.944515976768819883e+02
9.084285672710468589e+02
7.776023209720882505e+02
8.229806137568964459e+02
9.593565503140357578e+02
8.448616218995634881e+02
8.003376025382791568e+02
9.565244393170526109e+02
9.954343668279910844e+02
8.466419104936863960e+02
8.765497572496914245e+02
8.597265579443935621e+02
8.770260134557456695e+02
8.436003395271427507e+02
9.541053952354486682e+02
8.508209870395839971e+02
9.260841601391190352e+02
9.532342438874132995e+02
8.760992715617084059e+02
8.889264718809196211e+02
8.916337617421953610e+02
9.666792860320763339e+02
9.061088448841153422e+02
8.101558763392552009e+02
9.208600461334092415e+02
8.338502317495477882e+02
8.826958685786071328e+02
8.988387474096058440e+02
9.954048414269846035e+02
9.449123986781952453e+02
8.876381176501757864e+02
9.534855557924292953e+02
9.706065171768227628e+02
1.033822864623136411e+03
1.177403727078848533e+03
1.049878563584274389e+03
1.151031826085091552e+03
1.170103386898785175e+03
9.588575508204878588e+02
9.410605554742068080e+02
8.977430757542208539e+02
8.912642385082469900e+02
8.253968016994220989e+02
9.348154442646238067e+02
1.032813225590604361e+03
1.399657764687751978e+03
1.689529988725370458e+03
1.924155005713905211e+03
1.816338626452121389e+03
1.978338936116692139e+03
1.994838697731111324e+03
1.526328510241045706e+03
1.057267718897694067e+03
9.129804872624480367e+02
8.878901722914373522e+02
1.029233857162904769e+03
8.690671412020241178e+02
8.464500059789579609e+02
9.047543930937480354e+02
9.753309038594073854e+02
8.837639514478497631e+02
9.861323722139997017e+02
1.125575119735848830e+03
1.217416126380977403e+03
1.143494435779654168e+03
1.482072226488600108e+03
1.507110669323616094e+03
1.415380424349442364e+03
1.200052527674871044e+03
1.062531163728379397e+03
1.033340121464698314e+03
8.468627526615241550e+02
8.827099824519433469e+02
8.799902419700571272e+02
9.284964918891380421e+02
8.385239092645750816e+02
7.632518190496211901e+02
8.579366603195720700e+02
8.914901873508772496e+02
8.833435534705778309e+02
9.149447566662407780e+02
1.033138807368944981e+03
7.627714434074179053e+02
8.348831574809211133e+02
9.799410914837978908e+02
9.060965676312124515e+02
7.863998100128928854e+02
9.493584418257995594e+02
7.920369224419223428e+02
9.049538225178972652e+02
9.094308608987464595e+02
8.528474196692673104e+02
9.208688672331529688e+02
8.121334071100484380e+02
8.015295841071718996e+02
9.676016296119422577e+02
7.285666574276050369e+02
1.060803038633933738e+03
8.978335318634971145e+02
8.955209628497907488e+02
9.429770185968917531e+02
9.127035054714464195e+02
8.493938535938489167e+02
1.001322625613490914e+03
8.887436898247642603e+02
8.224807483525585212e+02
9.804358560121993378e+02
7.989177989728528928e+02
7.723458464542114825e+02
1.008839098427739259e+03
9.031559949455614742e+02
9.285778111099289163e+02
9.529314889556710568e+02
7.727043955393097576e+02
8.312121859579806369e+02
8.890913817557832317e+02
8.528704522912818220e+02
8.993652490398670807e+02
9.224573696489353551e+02
8.673780580806264879e+02
9.573990262375746170e+02
9.779565921526340162e+02
8.750899700875049803e+02
9.790802990759318618e+02
9.936969370107191253e+02
8.617509975395014408e+02
9.908828114042959214e+02
8.203345304402707825e+02
9.868799321246061709e+02
9.338006414332297709e+02
9.996425080548870028e+02
7.748407271681098791e+02
9.501047470382396796e+02
8.900091392319607166e+02
9.410283242551931835e+02
8.307414312661851454e+02
8.864097444167549611e+02
8.666551656743190506e+02
8.115225491588297473e+02
8.600180630097289622e+02
8.329672414819907544e+02
9.457587815392263337e+02
9.141329815600250868e+02
7.707686455015849560e+02
7.945445415451276858e+02
9.336611077599958435e+02
1.005683469528631008e+03
9.065446604557182582e+02
1.030162058520440723e+03
8.621641874491831459e+02
9.285094344974161231e+02
9.550303109896872229e+02
9.651667198510544949e+02
9.138936151220844977e+02
9.410725593197579428e+02
1.008350894852036504e+03
1.013992326417025765e+03
9.141030876389813784e+02
1.117049724478815278e+03
9.571482513220994406e+02
1.044929618553146156e+03
7.937055937076860346e+02
1.044171642776869476e+03
8.746939895546925072e+02
9.419797075040002028e+02
8.533757541161933204e+02
8.380816926187840181e+02
1.009419038177237780e+03
8.768484195647085926e+02
9.511134432920301833e+02
9.568229902826211628e+02
9.397569796519311467e+02
9.082708639662333781e+02
9.036275673237850015e+02
9.778086185476912533e+02
8.448723014541751581e+02
8.947759251063646389e+02
9.639862198900451631e+02
1.084127025392569749e+03
1.109558175951265412e+03
1.338440064864176065e+03
1.186307993417934767e+03
1.254230755465747961e+03
1.237701673651930832e+03
9.810810817938529453e+02
9.518017060963105678e+02
9.483568677350588132e+02
9.646191719057952696e+02
1.054946492007420602e+03
9.879653812304445637e+02
9.222362770030496222e+02
1.101657859023505807e+03
1.092692614278754036e+03
1.096446678730930216e+03
1.130932688145646125e+03
1.126725919877304023e+03
9.327203294836996292e+02
1.049195492033976279e+03
1.003870675840932563e+03
9.430237843318238902e+02
8.583021972892826170e+02
9.373627878721306388e+02
8.535094967371527446e+02
9.734889946175188697e+02
9.179619633588306442e+02
8.293640053919145885e+02
9.078312045238188830e+02
8.030403800970672137e+02
8.907547259864738862e+02
8.781662191682974026e+02
8.737487799617642850e+02
8.885435796174722327e+02
9.054418285033003713e+02
9.312888813400144272e+02
9.125876769381037548e+02
9.242990777428975662e+02
9.220998883490482285e+02
9.031823721962226728e+02
9.955794453879279899e+02
8.325781960405391828e+02
9.049504857075060045e+02
9.177193957456522639e+02
9.398211709742847688e+02
9.668781860748799772e+02
9.086743226157519757e+02
9.085383780186722333e+02
9.726942273747732770e+02
9.092289144642568317e+02
9.513675410354471751e+02
9.796723207919474135e+02
8.115112008478091639e+02
9.132265744144215205e+02
9.343561747358227194e+02
9.778423844468964035e+02
9.486189170088681522e+02
1.019143575878323873e+03
8.774017302796845570e+02
8.900270209327838984e+02
9.764561746860599669e+02
8.869862151476684176e+02
9.388541627146099700e+02
8.523363348657380811e+02
8.891255229932622797e+02
9.044166152037120128e+02
9.740159769441899016e+02
9.213834264183863070e+02
8.239595299918247520e+02
9.771844233222577714e+02
8.824161531559824425e+02
9.108472137899470908e+02
8.961498836572965274e+02
9.810847633366806804e+02
1.005528582595132548e+03
8.502321622262275014e+02
9.514394866076162316e+02
9.067124152131120809e+02
8.783445225560418521e+02
8.928095714085137615e+02
8.924818581612814796e+02
8.466287701588696564e+02
8.352924903717155303e+02
9.710527879940976845e+02
9.181370972241429627e+02
9.972176048265254167e+02
9.343960149897595784e+02
9.251378258706837414e+02
9.725170136373773175e+02
1.038735389411361666e+03
1.085891515190829523e+03
1.097599761642425165e+03
1.025047186388770569e+03
9.937587258583237144e+02
8.973540553684590577e+02
8.772543637944712600e+02
8.389695434999869121e+02
9.382107053313973211e+02
9.490413671774048225e+02
9.137171284434363088e+02
8.423169870503395487e+02
8.902529817318360301e+02
8.546678556169562171e+02
9.099211530365553244e+02
9.953020964635487644e+02
9.265298177125223447e+02
8.653497345535009799e+02
7.954806661873607254e+02
8.292462376803830466e+02
9.727332926060131513e+02
8.589859101595038737e+02
9.863392480023212556e+02
1.004768835772097646e+03
8.344648021634691304e+02
9.936922158757938632e+02
9.202990293644767235e+02
1.011150671742244640e+03
8.779906621617529936e+02
8.886469535354816571e+02
9.467940085928988765e+02
9.434973076220550183e+02
9.521368804947798026e+02
9.349589502716996776e+02
9.721377096537756870e+02
9.400178919151185255e+02
9.639744503409374374e+02
9.134825679383424131e+02
8.788764479663510656e+02
1.021102123006315537e+03
8.688776151470806326e+02
9.254550560745985877e+02
7.416769414572049754e+02
1.008778251243207706e+03
9.885819342000090728e+02
1.023634133335417232e+03
8.732229452801049092e+02
1.007574314779985684e+03
9.059011949643835351e+02
9.570805749256483068e+02
9.115577481628001806e+02
8.116224810797888267e+02
9.464108300252199797e+02
8.848159559832821515e+02
9.126630142724825419e+02
8.513282600118648134e+02
9.668938364373181003e+02
9.635938362302007363e+02
8.624567281051843111e+02
8.893214700023848991e+02
1.050023639451537747e+03
9.522723730521918242e+02
1.018237868624373050e+03
8.791758071389367615e+02
1.035387665368288481e+03
1.008666393701540869e+03
1.016704129324049859e+03
1.022528271644627239e+03
9.580997527981494386e+02
1.030150410668352833e+03
9.337420590640630280e+02
8.994538624766133807e+02
9.947387662758361557e+02
9.783104149406582337e+02
1.014556698227996094e+03
9.174663364578258324e+02
1.026209990531887797e+03
9.978318805235109039e+02
1.113289852282220409e+03
9.455769094432596376e+02
1.042577522139782786e+03
9.197031320421471037e+02
8.978479350371743521e+02
9.557723317693377112e+02
9.735643236433870698e+02
8.806467249881828820e+02
9.446937008048403186e+02
1.012276090943364125e+03
9.436510893931064174e+02
8.938492419328180176e+02
9.878998155670512915e+02
8.895042714341001329e+02
7.886612136912128790e+02
9.255448022428296326e+02
8.863607067510863544e+02
9.414989007850440430e+02
9.780586898982199955e+02
8.690900574088356052e+02
9.080622304683012089e+02
9.081679721890029668e+02
9.102165712541374205e+02
8.814820977614638196e+02
8.904321821599079385e+02
9.679745416873410022e+02
8.548401559530157101e+02
9.844353664034999838e+02
9.376931456441353703e+02
9.006880657147485181e+02
1.006891803510950922e+03
1.081372955174184199e+03
8.777281934636429241e+02
9.785102373554741462e+02
1.000118013234010618e+03
7.899310287292773864e+02
9.282311376418846294e+02
8.429143021834072442e+02
9.794220618035870984e+02
9.902498510940258711e+02
1.035011428848676815e+03
8.705957339238734676e+02
9.601140082442365156e+02
1.000136998916830748e+03
9.025412282977865743e+02
9.659155954522464071e+02
7.969495750344939324e+02
8.902317750964646166e+02
8.957527669148480527e+02
1.007616385967679321e+03
9.764179691160701395e+02
1.017707604881524958e+03
1.013221104418051937e+03
9.113728484631934634e+02
9.570224849285530127e+02
9.643761586849859668e+02
9.747246934976346893e+02
9.435959877741609034e+02
8.979359681740003225e+02
9.245960555505313323e+02
9.936848505042827355e+02
8.852658746585024119e+02
8.998157619995837422e+02
9.785109573271189447e+02
8.589757460899010084e+02
9.212957252938431338e+02
9.614363838483678819e+02
9.544856310928407765e+02
8.818427996537053559e+02
8.906990404296814177e+02
9.140794305922535159e+02
9.854169070046355046e+02
8.995298297958324838e+02
9.346101427604914988e+02
9.505422746711658419e+02
8.345943221249101498e+02
9.523701411115704332e+02
8.493839268259579285e+02
1.060516654339529623e+03
1.171775274891433583e+03
1.130091133987880994e+03
1.054305303795347982e+03
1.073687932658241380e+03
1.032345700913823521e+03
9.365264132396363266e+02
7.793540523615641860e+02
1.042860856860394506e+03
1.011033981547481972e+03
1.012198133127923256e+03
8.460782475753070457e+02
1.157937851537132929e+03
9.323603167945433370e+02
9.816073487592686888e+02
9.833885125352830983e+02
1.046044247712225797e+03
8.477028527911155606e+02
8.899313398774253301e+02
1.038711710130577103e+03
9.352467314852272011e+02
9.182442431691425782e+02
9.727241944309680548e+02
9.267528436112953614e+02
8.696454697912195115e+02
9.507235143062607676e+02
9.790277470335767021e+02
9.356344664992634534e+02
9.388970157905082488e+02
9.720589085742628868e+02
1.007340099725836239e+03
9.039413904314762931e+02
1.014018878368914898e+03
1.033049500605734465e+03
1.123288094021204188e+03
9.657989296117204958e+02
1.127053605860394782e+03
9.299166094608440289e+02
1.085961397300802901e+03
9.996140369378914556e+02
9.706994273808015805e+02
9.930659214753450215e+02
9.037628772052979684e+02
9.620964807217585530e+02
9.842116409950100433e+02
8.997298942595717790e+02
1.008365304848040410e+03
9.993429777078835059e+02
1.063360396549381903e+03
9.790334396283166143e+02
1.031354441105743945e+03
9.141952571364226969e+02
8.587291766951951786e+02
8.829333504030339554e+02
8.824156167785407661e+02
9.915576894854534657e+02
9.119260203639402107e+02
1.046400228765860220e+03
8.670791814557928774e+02
9.173974362352587377e+02
8.825221649557892079e+02
9.108690062213063356e+02
9.905290519954455704e+02
1.030629704692260475e+03
1.081990313535476162e+03
1.055225374668194945e+03
1.048341403220464372e+03
1.155025930161816632e+03
9.023083407703101102e+02
8.361094742309267076e+02
9.589384044463789678e+02
9.949161161558730555e+02
8.530598161726810531e+02
9.387583303565465940e+02
9.782206436107319405e+02
9.598781455624880437e+02
9.273264702185412034e+02
1.136274340882482420e+03
9.376129588374169543e+02
9.668623090934393076e+02
8.317941698238544177e+02
9.146233603093586453e+02
8.842103489503663241e+02
9.494293558168935760e+02
9.667505291757599934e+02
1.143577267295333741e+03
9.740322087982395942e+02
1.036304679263388607e+03
1.113436883315069963e+03
8.652693154925524368e+02
9.799842035369418909e+02
9.697852020431724895e+02
1.082368744277386895e+03
8.602064799667101624e+02
8.556121856074892094e+02
1.009635752755982253e+03
8.581242623457326317e+02
8.839915265083117220e+02
8.503475492178597506e+02
9.890421123097150939e+02
9.220898360453783198e+02
1.039227527950554531e+03
9.774700125646818378e+02
9.572013099210788596e+02
9.032243211181742026e+02
9.288894722657846614e+02
9.092080646629023022e+02
9.310307306926843012e+02
8.895214301428014778e+02
1.007739550795339937e+03
9.176294589505135946e+02
9.944088603974347507e+02
9.682063774165261520e+02
1.047397282700423375e+03
8.600064087440325693e+02
9.751955375999478974e+02
9.765339275305092315e+02
9.344888602478333723e+02
1.048812400274570336e+03
1.061640953766277335e+03
9.523806067065806928e+02
9.151013775000044461e+02
9.271699948821307089e+02
9.240088485241600438e+02
8.909113360112007740e+02
1.027035614931405689e+03
8.399744803363233814e+02
8.960848225122064150e+02
1.061585095913059376e+03
1.028477970665910789e+03
1.033926375379312958e+03
9.196720068399916954e+02
9.637405234350256933e+02
9.550338447958695269e+02
9.929953620378082633e+02
1.073425742738729696e+03
1.004653573046860402e+03
9.836371428244979143e+02
9.904967133723660027e+02
1.064856739516519610e+03
1.026421270062084886e+03
1.026785056201757925e+03
8.700384221030841445e+02
1.003365110016247286e+03
9.538129920025349975e+02
9.254117409009905941e+02
8.693532181624486839e+02
9.738789065231015911e+02
9.735437141401830559e+02
9.563430753954144166e+02
9.700369610855360634e+02
1.024492310525691437e+03
9.273564226242694986e+02
1.016288142819459608e+03
9.577271803547716900e+02
1.008211170746615153e+03
8.917093100028361050e+02
9.780977535124756059e+02
9.703149976978331779e+02
1.110453002694096085e+03
9.195010090331919628e+02
1.066088654013107544e+03
9.509919710803716271e+02
9.185630574935036066e+02
9.627296144400329467e+02
9.105938013622371727e+02
1.019033686938088749e+03
9.079506687514084433e+02
1.019564237979385553e+03
9.254274296719850099e+02
9.302833224257534539e+02
1.092259688400095911e+03
9.267840873371661701e+02
9.696601928875172689e+02
9.635423741214532356e+02
8.944113830164324099e+02
9.699861091658460737e+02
1.012022601366802974e+03
8.617576618397851007e+02
1.103312581198862063e+03
9.472349083289911960e+02
9.489840732876530183e+02
9.375162854901499259e+02
9.833799674185571575e+02
9.798304014859584186e+02
9.755795768743789722e+02
8.213612213783328571e+02
1.057538052483674164e+03
9.823565382521655920e+02
9.988776862142468644e+02
1.028529107181765085e+03
1.005626352730761141e+03
1.067513697625985742e+03
9.746891336110240900e+02
1.101303201137348196e+03
9.986697489306673106e+02
9.960107471924219453e+02
1.031873034752652075e+03
9.077095814055851406e+02
1.070384122371005105e+03
9.312203093355570900e+02
1.007992678671159752e+03
1.023237669952872579e+03
9.458520747709719672e+02
1.153547014636478934e+03
1.017971521946205257e+03
9.256048015556733617e+02
9.270767044937650780e+02
1.015671246867657942e+03
8.527983688033650651e+02
1.000126069270110975e+03
1.029739530922143558e+03
9.359348098160622840e+02
1.128147318991244674e+03
8.576150131358134558e+02
1.108506736207165204e+03
9.840247669025873165e+02
1.025366254020259021e+03
9.379950727520069904e+02
9.945528139865371031e+02
1.054583299937476568e+03
1.014655630654492370e+03
9.917032517135628495e+02
1.013892854611039070e+03
9.512580624448067965e+02
1.009398237088280212e+03
1.028623425278249897e+03
9.573648366823589413e+02
9.661502547933429241e+02
1.006916019831750077e+03
9.440798785021278263e+02
9.153188129195003739e+02
9.575471626592009216e+02
1.000386272556126983e+03
1.024384882279729709e+03
9.778103820165977140e+02
1.029632583116239857e+03
1.049001216212473992e+03
1.205216398379452130e+03
9.317869708405612528e+02
1.101894702993787405e+03
9.876199116059145808e+02
1.086671216039092315e+03
9.318048337620748498e+02
9.181473180477344158e+02
8.826418429515586013e+02
9.465787482011613747e+02
1.058439657570719191e+03
8.948516996306115061e+02
9.735848832001362325e+02
1.001882177517422178e+03
9.354447633296973663e+02
9.405810105827467851e+02
9.785665617486464498e+02
9.330260291552885974e+02
9.361481393496685541e+02
9.887801829434531555e+02
9.039965238312212250e+02
1.039675075423703447e+03
1.000677925337429087e+03
1.001756458746464887e+03
1.031465736647929134e+03
1.078507961428794943e+03
9.249986948086379925e+02
9.778905136396259650e+02
9.602528576917993632e+02
9.487747298444058970e+02
8.835406209114122476e+02
9.860725015990025213e+02
9.618314120248879817e+02
9.925316247230167619e+02
1.074340186397412481e+03
1.007772583640807397e+03
1.063086384211099130e+03
1.103181190820082747e+03
1.024388127142145322e+03
1.045207233954143021e+03
9.946832242709249385e+02
1.143763287546609945e+03
8.868588268139973252e+02
1.089821555890557420e+03
9.950987269481684052e+02
1.011381487408067073e+03
9.526295200929304201e+02
9.188676867183767172e+02
9.440401968714514851e+02
9.823885137182661538e+02
9.784225058719492836e+02
9.238436475414548568e+02
1.027200626561356785e+03
9.542195669773349209e+02
9.094707190946194260e+02
8.878282042366828364e+02
8.059080104796245223e+02
1.049409879572742284e+03
9.180621723766636251e+02
9.770627925538734644e+02
1.010871962938347338e+03
9.281817067529830183e+02
1.036898329726072461e+03
1.042139941219109687e+03
1.110770212288392258e+03
9.873783330275726939e+02
1.147318595811222394e+03
1.062894846072744258e+03
1.169041042073061817e+03
9.883260693970873945e+02
9.660091984951942550e+02
1.040625770968642655e+03
9.161511083475222676e+02
1.034111550396595248e+03
8.745836812484495795e+02
1.097518363941886719e+03
9.371117001311594095e+02
9.693602389727960826e+02
1.100187178968504213e+03
1.161409362351239906e+03
1.032865238997383585e+03
1.119328510532455539e+03
1.056979747800782434e+03
8.919485339471638099e+02
1.028450372403808160e+03
8.382452629958030457e+02
9.718122572905027710e+02
8.605555950184401581e+02
1.034772110889350188e+03
1.063453318827007251e+03
1.107333300472409746e+03
9.160247453525699939e+02
9.021175815849251194e+02
1.129530525166685493e+03
9.251243775233209590e+02
1.130940704612504987e+03
9.363284076934900213e+02
1.030031260460436897e+03
9.793570619533662693e+02
9.402014206979490609e+02
1.034809166439109731e+03
9.333063671480823587e+02
1.099895038875268028e+03
8.853903566243717478e+02
1.023189314425351085e+03
9.081524886583512171e+02
1.076741670405183868e+03
1.006355645580592409e+03
1.035199752893714731e+03
9.668317138369967552e+02
9.402900223262098507e+02
9.084884492552233723e+02
1.067049911703154294e+03
1.059720199913422903e+03
1.012502441609305379e+03
1.033658078448216656e+03
1.054338439940285298e+03
1.019300986846870501e+03
1.056282540813659807e+03
9.717265222711295110e+02
9.274511379007099094e+02
1.027619755333323383e+03
9.338311411479501203e+02
9.705094881219735043e+02
9.343740778445165915e+02
9.636587491161516255e+02
9.762704245839063333e+02
9.709310267901647649e+02
1.043741969575541361e+03
9.250711806293962809e+02
9.794639284650523905e+02
9.275592220172075031e+02
9.686001976921794494e+02
1.085105234658417658e+03
1.067855431812326970e+03
9.344102353094933733e+02
1.045174614709556636e+03
1.086250648049260008e+03
7.950596736692310742e+02
9.298142990401750012e+02
1.166272439803974066e+03
1.013527655150385158e+03
1.010550306481957705e+03
9.753278254850391704e+02
1.070660150027981217e+03
1.002483567965110069e+03
1.019241610788288881e+03
1.071715227742060051e+03
1.060257626881413216e+03
9.662587057760669040e+02
9.948278595458697282e+02
9.656858641067841518e+02
1.018816984162835183e+03
1.116731805898745961e+03
1.000051722442539926e+03
1.074125121120042650e+03
1.076322299188055467e+03
1.027048960088912054e+03
1.189460798808782329e+03
1.011371435876120472e+03
1.100746946120269058e+03
1.289124841071264655e+03
1.215126579265418286e+03
1.257202260042591206e+03
1.008768728089116053e+03
1.030091529415069544e+03
9.848381750361794502e+02
1.057501418563778088e+03
1.086938361310832761e+03
8.822951639100376724e+02
1.043806960608569170e+03
1.057170739708111796e+03
1.161572393434606738e+03
8.576682401165654710e+02
9.920758283532743462e+02
1.012406677923859320e+03
1.020876800345603669e+03
1.088086181027420935e+03
9.695415244458368988e+02
9.522070502803976524e+02
9.562052462505314452e+02
1.104175702886632507e+03
9.478062813354335958e+02
1.035773736910527305e+03
9.595662026928434898e+02
1.022018927047608827e+03
1.008327685871918902e+03
9.452057781290197909e+02
1.034375339552918149e+03
1.126233812092117660e+03
1.156613156912406566e+03
1.143269836673028976e+03
1.015743506022486940e+03
9.139521888685831073e+02
