9.954841640024602256e+00
1.076042858071035724e+01
1.388480817012101021e+01
1.306523715229534943e+01
7.967661426212644393e+00
1.099027272709404279e+01
1.140951385049650035e+01
7.801212800032712558e+00
7.808354455974244601e+00
5.344198355493411157e+00
7.884689983527737311e+00
8.767081607414876743e+00
8.605692105531948854e+00
4.832845070984203240e+00
6.267808298494248476e+00
6.871344333098438284e+00
7.419379431010161952e+00
6.807645280803847676e+00
8.344065647846669265e+00
4.476641005405501694e+00
8.040964937646240429e+00
6.625587086246883750e+00
7.964547871824569469e+00
1.011371127200765585e+01
6.928070038079470194e+00
1.034048646422869666e+01
9.744905919330950184e+00
8.329554833921241297e+00
1.438562177286277333e+01
6.276321247181639862e+00
1.059649027199330007e+01
8.611894796816811137e+00
1.263827224236956148e+01
8.087074488828669416e+00
6.850446842958930915e+00
9.879946284071809970e+00
1.002961225560623326e+01
1.064613626854390205e+01
1.092083329705972083e+01
2.258053089804471014e+01
9.642020552617950102e+00
1.238654297218595168e+01
1.165307331622894793e+01
9.053756430552507339e+00
7.826091927224803513e+00
9.928596233351660416e+00
1.023291813967564501e+01
1.183610719910131337e+01
9.730772308156733885e+00
1.291358042535638617e+01
8.682377847008641680e+00
1.206802478025642422e+01
6.672787491430447027e+00
6.703121728397959167e+00
7.749911458814753296e+00
8.277200027133007509e+00
8.421528080153681373e+00
7.359168778070324102e+00
7.348655290157186215e+00
8.706970411412605415e+00
1.023469535958770038e+01
1.166040612499741336e+01
9.359535937847086373e+00
1.214603922226141286e+01
8.589591442013704281e+00
9.012736827658933692e+00
9.520731375802998997e+00
1.257009198347769896e+01
7.979762971363258295e+00
1.040809729555624763e+01
9.257980220324805387e+00
8.957464941889499599e+00
7.721993253078800912e+00
1.375168614053504790e+01
1.001428861792144964e+01
1.148531540620699154e+01
1.059600707525569341e+01
1.005890227351853383e+01
9.117024495654987959e+00
9.770176580963664037e+00
1.287363664268710473e+01
1.319380971392275370e+01
1.293963805883783813e+01
1.064402847077481340e+01
7.294485019487012778e+00
1.157444305598045453e+01
9.838817900929917926e+00
1.040875923614305698e+01
1.114560553858885683e+01
1.358575378045113347e+01
1.152518536267288418e+01
8.907453884601864047e+00
6.170373674989789947e+00
9.549243170542677461e+00
6.782318094494952376e+00
1.104165120103368203e+01
5.539421165468550790e+00
8.064441486477678112e+00
1.198575972874907691e+01
1.140256301871460565e+01
7.674131321749971590e+00
1.153360697773220700e+01
1.072794501467509143e+01
1.091794292454217796e+01
7.409588545111714275e+00
1.359379008298467006e+01
1.161371360228769944e+01
1.075945813192246625e+01
8.117876676636020861e+00
1.205277651973402087e+01
1.283918025704934784e+01
1.418514679924977706e+00
1.134278236912591176e+01
1.223055193521032180e+01
7.376372552497383772e+00
9.051773279918846171e+00
9.396045404304105730e+00
1.256236798464924043e+01
7.005044216676882485e+00
9.641444328987029522e+00
9.796152263967826457e+00
8.879296385092880328e+00
1.230944476656316766e+01
1.121337536033343873e+01
1.011951176103446315e+01
6.925105929125050963e+00
9.737054997187128080e+00
8.269888734956129639e+00
9.314794768617334242e+00
7.691633982177422446e+00
1.180776881680587564e+01
7.482095122100033358e+00
6.834615101367648826e+00
7.476949288268866844e+00
5.482881974265914060e+00
1.083768309331989599e+01
9.570713018628445923e+00
1.108788502477660742e+01
9.792924697440595239e+00
1.067859659595137423e+01
7.528184641381630904e+00
7.231706441586352341e+00
8.127936548292314711e+00
9.334609880860927689e+00
9.541863990894395187e+00
1.261133055107137579e+01
9.868250630335541729e+00
1.123060395531873290e+01
9.552271391782804599e+00
9.366655746287529283e+00
9.148785392271681971e+00
1.050246268979859288e+01
8.684138497836165982e+00
9.104615894976298307e+00
7.836470698290146863e+00
9.457850540614977319e+00
1.357968571846734562e+01
6.504234930269116255e+00
9.819067923368159256e+00
7.344645995126485083e+00
9.698313966284509036e+00
1.256816601863754457e+01
8.931165294364717511e+00
8.655565010663710979e+00
7.249697037419241319e+00
1.098198048982833619e+01
7.603020062089780318e+00
8.648840630437192090e+00
1.406341082411291410e+01
1.242006171936656500e+01
9.162846721323882448e+00
1.424356141856736002e+01
1.310865390770706362e+01
9.121309198255298512e+00
1.127063839891850527e+01
1.426485046469968943e+01
9.654326481289539075e+00
1.071369440718432031e+01
7.288725998831387720e+00
1.299547281778947472e+01
1.037968146030369354e+01
1.518582658381982853e+01
1.268656149006708311e+01
1.067971561146489989e+01
1.019196898077975355e+01
1.259594050123924802e+01
8.523715726959819605e+00
1.496928765689605711e+01
1.141506604590554019e+01
1.187271245982470269e+01
1.111197919991221639e+01
1.138850706689580683e+01
1.206467730436675012e+01
1.305400640548461766e+01
1.467665535028392121e+01
1.655770221493876093e+01
1.053558968096746362e+01
1.417768809096125615e+01
1.211741231246630512e+01
1.187098292809542954e+01
1.322118543629805210e+01
1.278295014214101855e+01
1.434567687061427854e+01
1.293135738994254424e+01
1.581760827850774298e+01
9.099639324507807103e+00
1.012212132236410511e+01
1.039126617324162893e+01
1.234308888973803775e+01
9.232307978758548472e+00
8.684791955053812629e+00
5.576502211076650894e+00
1.005342071606103538e+01
1.182661410216826781e+01
1.110914662415459908e+01
1.097050079107255272e+01
1.114081393363386496e+01
1.351466127470488487e+01
9.675939372985025599e+00
6.928256097295726335e+00
1.105291358932229784e+01
1.002177795832840168e+01
1.146205476548814417e+01
1.193301263435793835e+01
9.137962489986831471e+00
1.226728182535307532e+01
1.186591792756462027e+01
1.223424354045551787e+01
8.551080825017155718e+00
1.237767246601353044e+01
1.098381138420856473e+01
9.963640833887984272e+00
1.254036567464849661e+01
1.124497799628372086e+01
1.312971721787468837e+01
9.692781322270292321e+00
9.857070746321133115e+00
9.867971238388275168e+00
1.308165237633641631e+01
1.049721555199139544e+01
1.248923633463070182e+01
8.630404685312281998e+00
1.031234346180383099e+01
8.851030511311350324e+00
1.184041630720403404e+01
1.061752952246330750e+01
1.087980697721184242e+01
1.297404765874903276e+01
1.162625989334597776e+01
1.106238706319527410e+01
9.863130754032344072e+00
1.001040806755040080e+01
1.395993141254501957e+01
1.146985102183183614e+01
1.264593616841470158e+01
1.076194011126645123e+01
1.249309075912119660e+01
9.867791140210073308e+00
1.082415826158588068e+01
8.490682815831414487e+00
9.125755747120233963e+00
1.043344053797765092e+01
1.017673081697086168e+01
1.176557815344131619e+01
1.142393834382022533e+01
1.093953101030420072e+01
1.272173536885286360e+01
1.275674923097314917e+01
1.207221545251860739e+01
1.310423152404740321e+01
1.353038322470507815e+01
1.049033470855325412e+01
1.310978418468143936e+01
1.167211363835224347e+01
1.337887988179273790e+01
1.434178577900528850e+01
1.313032574798375940e+01
1.712115929769622724e+01
1.400505829153438242e+01
1.063378762034770020e+01
1.083095487635156573e+01
1.054003748253006201e+01
9.928933634869883562e+00
1.324726127974273915e+01
1.159003831826350783e+01
1.266782952678294727e+01
1.073251134245047389e+01
6.664919948254948601e+00
6.382010672805400020e+00
1.002419629167763127e+01
8.045597837187978385e+00
7.650610028595111523e+00
1.203469038496414534e+01
1.145618999552596939e+01
1.326411834893248631e+01
1.265272466775094706e+01
6.803918232956311485e+00
1.052266924506247392e+01
1.061059716596988878e+01
1.190820686503642278e+01
9.989015327963180368e+00
1.107105884655987360e+01
9.127982760415589425e+00
9.838288250037793503e+00
1.004553350352690266e+01
1.159074689312135931e+01
1.258053317096658041e+01
1.376251140547471152e+01
1.235306024038130701e+01
1.091509847378438991e+01
1.029662566700575432e+01
1.070072619574040651e+01
1.411664755347439559e+01
1.116572898058012520e+01
7.657626146894800812e+00
8.746503024798458981e+00
1.387841334823483663e+01
1.135214878135661820e+01
1.259982566235028401e+01
1.071282244543494855e+01
8.715651325066529509e+00
1.345305235065551130e+01
1.227234052526221753e+01
1.086080677717080434e+01
1.067425963388662602e+01
9.227899634204733914e+00
1.127706252943036347e+01
9.757055905124216721e+00
1.128518732986423245e+01
1.398981426836907715e+01
1.036620665206588399e+01
1.166763726429764070e+01
1.356404535062311112e+01
1.189477134555615301e+01
1.199209483362000839e+01
1.356236739813714287e+01
1.188392399467826976e+01
1.451936461002219758e+01
9.655258276476006429e+00
1.037207704109176731e+01
1.349127529491206801e+01
1.032622297926598165e+01
1.082635671275625633e+01
8.393285549647185206e+00
1.246084922631976966e+01
8.614274938042715490e+00
1.281923227691704348e+01
7.923485617485518162e+00
1.159684228149856544e+01
1.213551230394577729e+01
1.405575333960709372e+01
1.126251082934389913e+01
1.203072129192201878e+01
1.282899676568807834e+01
1.443616663262173283e+01
1.148039807657544742e+01
1.204870047516813081e+01
1.027672151376693321e+01
1.316887605692933327e+01
1.202632731071877004e+01
1.053218524756045760e+01
1.192233298247729856e+01
1.093581072924508213e+01
1.221872732313081400e+01
1.103792615024754120e+01
1.249469763139840595e+01
1.145067550170158555e+01
1.293177299406757541e+01
1.196102051489817875e+01
9.149099399907189678e+00
9.846226455899486751e+00
1.009119197836290738e+01
1.019775142180931127e+01
9.578219762657239400e+00
1.256496086222014519e+01
1.070776854882196538e+01
1.146466937030561084e+01
1.140984311541420126e+01
9.604373213958245614e+00
9.197914014670908855e+00
1.188566295250236671e+01
9.548753230375668366e+00
1.291477528873059377e+01
1.236932827334825369e+01
9.242092557464395952e+00
1.037022080712198324e+01
1.430834812336871131e+01
2.003721270493550222e+01
1.816830294986953120e+01
1.707172687573871173e+01
1.059558589095427017e+01
8.891606528899801631e+00
1.075479731866875532e+01
9.287165099362615805e+00
1.476697488419019599e+01
1.207594597525167046e+01
1.211026950362366783e+01
1.163755071870755486e+01
1.369822521531344428e+01
1.259216805808755524e+01
1.143841427261924792e+01
1.279883154374094190e+01
1.216231439835292782e+01
1.210520491650006747e+01
1.711749752162280558e+01
1.747032080823592892e+01
1.411350589816003698e+01
1.416852652337238538e+01
1.418056370662761623e+01
1.518809203299430344e+01
2.249954450328503341e+01
1.343313015265073318e+01
9.686905517800987298e+00
7.294969568673018934e+00
1.863478065655096572e+01
1.061936562698503650e+01
1.844305872009660163e+01
1.675211950307577169e+01
1.647755576430100533e+01
2.035616017160638691e+01
1.763529688607021484e+01
1.663498937375779718e+01
1.931398941152272286e+01
1.404375667280518947e+01
1.560938196787500942e+01
1.070724284664646042e+01
1.352397260211657581e+01
8.710763333873728698e+00
1.502235504016519840e+01
1.603179925696693431e+01
1.417831260227835521e+01
1.532707098666957002e+01
1.586985700653147191e+01
7.965441968759921387e+00
1.974046037292054478e+01
1.470072896969655041e+01
1.923581011369864058e+01
9.103964520646524505e+00
1.415298730035647168e+01
1.428809037168233509e+01
1.227529192151147797e+01
1.065600365577524578e+01
9.085106134960275526e+00
2.112102136719218848e+01
1.177273796090564062e+01
1.369556994122395110e+01
6.046773018347449735e+00
1.202927779396686958e+01
1.591861494675359268e+01
1.243195132772286726e+01
6.324278677999060960e+00
1.599887514547132916e+01
1.012325076413178593e+01
1.148097767976384631e+01
1.303317065471274816e+01
2.050104066763461219e+01
2.601159162373340550e+01
2.772694666731193891e+01
2.625451406180574665e+01
1.351248604477944859e+01
1.130956800845581434e+01
1.111575911822607843e+01
1.515108158732968491e+01
1.262772934406784131e+01
1.277591769447588455e+01
1.096811665169055949e+01
1.164365467726291214e+01
1.117182314368633378e+01
1.243811752767554246e+01
1.265810653803437091e+01
1.438910256768987139e+01
1.606429194201109212e+01
9.576381383135622372e+00
9.579148925289388217e+00
1.126117133544437188e+01
1.281010023453059610e+01
1.585513278959346728e+01
1.467837388073651361e+01
1.133871855335610945e+01
1.166126422628143722e+01
1.125878423844304166e+01
1.097656078015080716e+01
1.231544341255760955e+01
1.132834075791675055e+01
1.006928512922231000e+01
1.262900351986133174e+01
7.721315906750759517e+00
1.255611918078031586e+01
9.956483366917987965e+00
1.564858598651887611e+01
9.260077259866502430e+00
1.233980613324802889e+01
1.084571737815977777e+01
1.101474152583647559e+01
1.342167585219375781e+01
1.519490118443037474e+01
1.605892652341990257e+01
1.784138725901741296e+01
9.626618041105345469e+00
1.807453036389342671e+01
1.527375084993552967e+01
8.315134524983406550e+00
1.509877392540281882e+01
6.943452332794052495e+00
1.151735797491340918e+01
1.047924655471345545e+01
1.372688566060182680e+01
1.129524076666975674e+01
1.476395580453010936e+01
1.254242646056995447e+01
9.144282689268099062e+00
1.251299123468199959e+01
1.205231115522366103e+01
1.029399126314891433e+01
7.922672415900761322e+00
1.472045288239307226e+01
1.365541654249773984e+01
9.763506845560796066e+00
9.649730758588882296e+00
8.366124688992124803e+00
1.133476764112961632e+01
1.516912954878933206e+01
7.801286274873040050e+00
8.148251069046731132e+00
2.868577392473980581e+00
5.333090255180571226e+00
3.545829364717597798e+00
3.151564873455255267e+00
6.495255387731099894e+00
3.947063793804467924e+00
1.008847089939344777e+01
5.288414630602425781e+00
7.526528314679191922e+00
4.561279544858280133e+00
2.562761523826026178e+00
5.375948832429845226e+00
8.004560780930622954e+00
6.660621788077586203e+00
9.909997204020076111e+00
8.694544910878814648e+00
1.277034458546274109e+01
6.974277172813322601e+00
1.477519485159541368e+01
1.595445490500809527e+01
1.522224925869291390e+01
2.397166119653255123e+01
1.734771624836178461e+01
1.611280997135778392e+01
1.546242133438301636e+01
2.103518509927135582e+01
1.660044914356499035e+01
2.007161411418915264e+01
1.408385185071919743e+01
2.056284706827872810e+01
1.766114008334793795e+01
2.303468388176245796e+01
1.911493441002707172e+01
2.340714491751149140e+01
2.098868939362129993e+01
1.519168044712589349e+01
7.848579087334256243e+00
1.348917785752173515e+01
1.879259167102291528e+01
1.067196649701667077e+01
1.606753528873955972e+01
1.876426850659782986e+01
1.631130186338064192e+01
1.159405191139858360e+01
1.491595975460463919e+01
1.674386392694751535e+01
2.139535859935374518e+01
1.773073265086427952e+01
6.893582886172579194e+00
3.635379148261039362e+00
9.271250640350816141e+00
1.889629318385408041e+01
1.405558410927621615e+01
1.531572476950259976e+01
1.274839227856913659e+01
8.467762414790705350e+00
1.381303410997704439e+01
1.949259364511631176e+01
1.362734287306382974e+01
1.164437177197098805e+01
1.229953007065251924e+01
1.352221398273648489e+01
1.829046549686323075e+01
9.496435385825501285e+00
1.650497645564686167e+01
1.217226804854112032e+01
1.025849113098784215e+01
1.706769999774937929e+01
1.413381179740919258e+01
1.209856050647950454e+01
3.788968610610987220e+00
1.977998440313115447e+00
1.627867768356125211e+01
1.408212456592530870e+01
1.239388053518532828e+01
1.534251829180290549e+01
9.701839154426702194e+00
1.029372983567099276e+01
2.295601712716823783e+01
2.441350172036749555e+01
1.031165405260889401e+01
8.818213734962752071e+00
1.906781841670439803e+01
1.839691734368338061e+01
9.906637283876383648e+00
8.113167734014606225e+00
1.194065613637139833e+01
1.486534014240626611e+01
9.033898759456896244e+00
1.550871339481440891e+01
2.432126646879410359e+01
1.351244751921645992e+01
8.341789311707021426e+00
1.690670205136371962e+01
1.508748052585463206e+01
1.871502028965129583e+01
1.846318620292708346e+01
1.379257124391301836e+01
7.795523153067304811e+00
8.265407119760242338e+00
1.547626225250881049e+01
1.653708293997068424e+01
1.644142848791452494e+01
1.977336659945435571e+01
1.055020620248062890e+01
1.331614867469676966e+01
1.767211196746080049e+01
1.490440495456501679e+01
1.584286590163763897e+01
1.406866213853774816e+01
1.087222989836766374e+01
1.341046343968469223e+01
1.263140432708269500e+01
1.599298929162757865e+01
1.053742469599118792e+01
9.397978843512170499e+00
1.315186850313778955e+01
1.388206150537197203e+01
1.162551044259188338e+01
1.122570559959213377e+01
1.031434165537671355e+01
1.768278956931136392e+01
1.466636611946978164e+01
1.875457631449457807e+01
1.736898979121550823e+01
1.822130587082707009e+01
1.148679744822382176e+01
1.171627298380991178e+01
1.398094350263375318e+01
1.461879384099440848e+01
1.371656983832288290e+01
1.190477590038458899e+01
1.492254367835626283e+01
6.902310753505275898e+00
1.602528556601690113e+01
1.149157867663961952e+01
1.193795790409013513e+01
1.583257684418641098e+01
1.458721722028929513e+01
1.224211379764747498e+01
8.221824129326186892e+00
1.197567359926635433e+01
1.120850405199001365e+01
1.849761251835435516e+01
1.186087261229176804e+01
9.121873894191754317e+00
1.557726667610722693e+01
1.186968480212798660e+01
1.483323506079315379e+01
1.638535473215231164e+01
1.345892081437391496e+01
1.163707845584709055e+01
1.257878412498101284e+01
9.254069602307577469e+00
1.065274343246762356e+01
6.953175645015742923e+00
1.238957171974526617e+01
9.080224502884419735e+00
1.393700070351509090e+01
1.046579694777393321e+01
1.122571498983595895e+01
1.390024800395102211e+01
1.306117444120646631e+01
1.508254786243699286e+01
9.190715391993029115e+00
1.486475954590975412e+01
1.272042340586924958e+01
1.642695117005098027e+01
1.485684373903635702e+01
1.509559723857471347e+01
1.798902330900327584e+01
1.243641487950290525e+01
1.391140673965339403e+01
1.377032747693449011e+01
1.223274420244500682e+01
1.404757506579161053e+01
1.211942014175763482e+01
1.075161273200600931e+01
1.483444761720103067e+01
1.176243339010675903e+01
1.329669327216521069e+01
1.446107109242061028e+01
1.338870241076025991e+01
1.295945438224093671e+01
1.054800673394293931e+01
1.374258381429279652e+01
1.517946621624768611e+01
1.005261888828527361e+01
1.365448497252719839e+01
1.012666079572750277e+01
1.056841882216075490e+01
1.561764017897659329e+01
1.230011720708604628e+01
1.346856513586214810e+01
1.094321165394308792e+01
1.175278071835111682e+01
1.113112998162707079e+01
1.210431828375836716e+01
1.292160306622589339e+01
1.007885544555167456e+01
1.535154373429865515e+01
1.205908467086264046e+01
1.095631518497161139e+01
1.210433916700521451e+01
1.520922155244231710e+01
9.741414740879498879e+00
9.784409306920114346e+00
1.106678216813811844e+01
1.329638948893694028e+01
1.430042699282956065e+01
1.185724836994326914e+01
1.408480847231563260e+01
1.691988077262273649e+01
1.449948409531928029e+01
7.717799491765236830e+00
2.514111498399481803e+01
5.851141366331334304e+00
1.668818542205599087e+01
1.326620589306541476e+01
5.723580605646794162e+00
6.282437871303639731e+00
1.220035496389948015e+01
9.931080396441398506e+00
1.240597815381361180e+01
1.391095636480210374e+01
1.527265308669535848e+01
1.352022022714871419e+01
1.255065180686187354e+01
1.335601697396360166e+01
1.263791789638166385e+01
1.543279229197919200e+01
3.594008781369121408e+01
1.177849000733396423e+01
2.181143623325757730e+01
2.653993485422241960e+01
8.294572113685553916e+00
1.099955566412270258e+01
2.758651029963720092e+01
1.819443587773906046e+01
2.249687680648529664e+01
1.661586744040350538e+01
9.301781104816411627e+00
1.528300085920673901e+01
1.360575176791687646e+01
1.635929331690086386e+01
2.238255271848997907e+01
1.374611199915079318e+01
1.742584475509148945e+01
8.433969700859604401e+00
2.805944813381276859e+01
1.278340277745185460e+01
1.618620991777656926e+01
1.434439515174390500e+01
1.073043754535203398e+01
1.536469529204761741e+01
1.144036182873141705e+01
3.931880713125124327e+00
1.808950482274359572e+01
1.312789582632006535e+01
7.036065268926413374e+00
5.261743705711390717e+00
2.425943710089915584e+01
1.225103579398208886e+01
1.284629535855452254e+01
1.137857239618369398e+01
1.474595134236236049e+01
1.509307829225143038e+01
1.333274662232875052e+01
1.614038657311612468e+01
1.329207501115800838e+01
2.173216962118852535e+01
1.095551607459648658e+01
1.611205177445261327e+01
7.906550607775237438e+00
1.443419113832851153e+01
1.550071713913724203e+01
1.578799706298461025e+01
1.166651302037624838e+01
1.686947072471357600e+01
8.249149742170798660e+00
1.435840221757824686e+01
1.510213304194486028e+01
1.664964848110977869e+01
1.234323241305421170e+01
1.469216478316417351e+01
1.375262226929681297e+01
1.595841625339361158e+01
1.320850827455458898e+01
1.138252524208894556e+01
1.349251663154798919e+01
9.176584127390416512e+00
1.049037825133077817e+01
1.711842176695482820e+01
1.252519436223613880e+01
1.595719525664063276e+01
2.275589422758073255e+01
1.716040452144870443e+01
8.284588817800226934e+00
1.368027410572507740e+01
1.502012832306382428e+01
1.233254897778664017e+01
1.208056669660620130e+01
1.412386075667243368e+01
1.612704275605488036e+01
1.732629872426840123e+01
1.400242523227547942e+01
1.083110066047649056e+01
1.782538736537007296e+01
1.578733976556946850e+01
1.269116716372840337e+01
1.112054957143510237e+01
1.203495632222841394e+01
1.258947521535514724e+01
1.457474482770692070e+01
1.221726186670919745e+01
1.726770157529868754e+01
1.604595233198022797e+01
1.219128490582327373e+01
8.025344369340015049e+00
8.075962902935589938e+00
2.098695068167708300e+01
2.051005112760374516e+01
1.059347925270641078e+01
1.032280966923136312e+01
1.199239134338480994e+01
9.243914177950626865e+00
1.641985294039983501e+01
1.252482374449717106e+01
8.896457026068464558e+00
1.036512502787852341e+01
1.124721305717852893e+01
1.423782875930326242e+01
1.392119532527048520e+01
1.639003426588731571e+01
1.386744364630953719e+01
1.393575742443631071e+01
1.566827293675621924e+01
1.742113725416133008e+01
3.278450661480406580e+01
1.924433821283561841e+01
2.917433630457620719e+00
2.225005136749019385e+01
4.209563604685492066e+01
1.544207845763125597e+01
-6.906372423463174037e+00
1.476348296313003416e+01
1.239296575327655248e+01
1.566790989170216619e+01
1.284581357819896930e+01
1.405674801806723551e+01
1.471811460021667095e+01
1.537543908326968456e+01
1.801810929090209257e+01
1.389090934823167167e+01
1.284440184759787584e+01
8.635820810414578830e+00
1.693406690144088600e+01
3.823388895337331661e+01
1.441092480547183996e+01
2.810542879069175548e+00
1.288530969517455205e+01
7.658749864620872927e+00
8.712901929253352051e+00
2.025162157566503396e+01
1.820065113870611739e+01
5.752592583224130252e+00
1.322100760479540682e+01
1.850894521284053340e+01
1.572824504867452511e+01
1.438088029926757550e+01
1.048411764939324975e+01
1.839318810142488658e+01
1.216692159436580312e+01
1.480894238503856997e+01
1.878601447168814431e+01
6.327457104695699996e+01
4.331420197077813583e+01
2.797365392239852255e+01
3.048643805264351414e+01
1.676928864425151389e+01
1.717824149510552090e+01
3.139491045160308857e+01
1.064079739000521840e+01
1.996300343906376185e+01
2.141958697788502164e+01
1.429125930637094299e+01
-2.800745230859743362e+00
7.169907783681042979e+00
-1.387776321583933736e+01
2.516787300661456683e+01
1.957963681475543183e+01
1.261628428542148761e+01
1.980919058542672317e+01
1.830045826187459213e+01
1.523366111113659471e+01
-1.656382837662516150e-01
1.367890219110790540e+01
1.656364539160208338e+01
3.575668624328193346e+01
1.634851840063696571e+01
1.912738239932398798e+01
1.626716968604192104e+01
1.649305961309455526e+01
1.781075296813643050e+01
1.903283790726825586e+01
1.045546472595357912e+01
1.412227559858631132e+01
6.938611076619269014e+00
3.692041566871761216e+00
1.597840531246171736e+01
2.295439646650099874e+01
2.350123960359345432e+01
2.393767978982116418e+01
5.658679746562949031e-01
2.147546109447843321e+01
1.601467061366448164e+01
1.777308947663278360e+01
1.372536096688586227e+01
1.158243053498320840e+01
1.268029813888351853e+01
1.249809449061134181e+01
1.454740512009592024e+01
1.851278919243014087e+01
2.703202598305527715e+01
2.731930132137081202e+01
5.558606717267770669e+00
1.076303953256756607e+01
9.846312739699140337e+00
1.026629682559430989e+01
9.588452487424023118e+00
9.789641756807572648e+00
1.323484447731794234e+01
7.278564302429424870e+00
1.636279757133478086e+01
1.063687929072725780e+01
1.110916733358301656e+01
1.533033215190192244e+01
1.373517969463052601e+01
1.246377554735104276e+01
1.093909555584579785e+01
9.808131100520553147e+00
1.212712536974943589e+01
1.440094326778435097e+01
1.016566444327970231e+01
1.532691595671190221e+01
1.285475175068249776e+01
1.381578648189185188e+01
1.868635806283164058e+01
1.640513244013807892e+01
1.822568747398480582e+01
1.408428569564141775e+01
1.588427907263882055e+01
1.230414911198985095e+01
1.312174534913434698e+01
1.455462354781908907e+01
6.138833400644192473e+00
1.525803713406971518e+01
1.535956279086100551e+01
1.380837593302279487e+01
1.632647366504500042e+01
2.209800296038786271e+01
2.308315445399260213e+01
1.065973336169930796e+01
1.685590934918525363e+01
1.119662942248951509e+01
8.382014299022689130e+00
1.399356099154721811e+01
1.570472127959074982e+01
7.543979752317011567e+00
1.814643282976221528e+01
1.803297030600971951e+01
1.363046722140279421e+01
1.494197862324685211e+01
7.971905178437032724e+00
1.487072519459662701e+01
1.531617875766922054e+01
1.976368526592590413e+01
1.229166787228561297e+01
1.644684358632480325e+01
1.163725050931184235e+01
1.126269816300325033e+01
1.601409255153931710e+01
1.445042913890734582e+01
1.107254979466014966e+01
1.536481599020361166e+01
1.230014521703735575e+01
9.466993831134317361e+00
1.259215584818572964e+01
1.567210679496776216e+01
1.852628331662352323e+01
6.985050743106439697e+00
1.306364791153848515e+01
1.552941602728858683e+01
1.254590828413606296e+01
1.072312587758226776e+01
1.646400024635821069e+01
9.464846204600084079e+00
1.669331243240313256e+01
6.251946303505910407e+00
1.154846085834851976e+01
1.339155438868099424e+01
2.671488993102282095e+01
2.496612468870496215e+01
2.490195037676262757e+01
-1.615210573978622222e+01
-5.530301408874276348e+01
6.531029788671280301e+01
2.842884949548345119e+01
1.810667189249548414e+01
4.295494621935958435e+01
4.300629461533166165e+01
6.711312323045589778e+01
5.462111043625369433e+01
3.279463630161191467e+00
1.235347643857681632e+01
2.390795550704473982e+01
9.447954694712025869e+00
1.956946463679336645e+01
5.694875118412110027e+00
6.069557912531973187e+00
1.587014976902448993e+01
1.226480848483597441e+01
1.252163711587422057e+01
1.855417039574514249e+01
3.172105784303452225e+01
-2.828248689356407386e+00
-7.382318141007401380e+01
1.445897524414283630e+01
6.714187292721041089e+00
1.231688605266113790e+01
1.363743557455075539e+01
2.054167494016667206e+01
1.816583418274186101e+01
2.260247320366978840e+01
1.528531130348508071e+01
2.566516171405317692e+01
2.438626232632739388e+01
1.064109884104899528e+01
3.060674692260479546e+01
1.230706094238829884e+01
2.070308657473563585e+01
1.141777704637370583e+01
2.223575548574461180e+01
5.009897679812993943e+00
3.383437055918277991e+01
2.535481292360427119e+01
1.659195529716614104e+01
-6.314694429374013396e+01
1.303407168636095115e+01
1.386308654891612591e+01
-1.397660541319502059e+01
1.109614910511706753e+01
2.568300896557384760e+01
1.879782770486545829e+01
1.422274720132707948e+01
3.690127823134073282e+01
6.101396412563691030e+01
6.937261758356800101e+01
7.121790745342910611e+01
6.946788186082834216e+01
2.302335574507057103e+01
1.477242177178625404e+01
1.696409487612145739e+01
3.968117489947925236e+01
4.489883585801620569e+01
3.273267887707300616e+01
6.465840892282780317e+01
3.689652744265934103e+01
1.934662747311984887e+01
-1.588670943825021631e+01
-4.546268254398922459e-01
-2.821304063742984525e+01
1.882813109178697886e+01
7.311070540542178975e+00
8.250391690356044805e+00
1.073432038322202509e+01
1.111168552436050838e+01
2.220015119183884522e+01
3.228427356562477257e+01
5.799056186038376381e+01
1.257200439200991937e+01
8.521406696440575246e+00
2.572132080529408427e+01
-1.434945215465094925e+01
3.087415941173716050e+01
-7.438035917761742155e+01
2.856820961132005721e+01
1.782733799735831681e+01
1.167821732293487003e+01
1.091756258853735240e+01
1.112735061627046385e+01
1.965645866332446801e+01
9.479286522797018222e+00
1.006766132922462376e+01
4.115508296474503780e+00
1.278233718238438499e+01
2.312586709293619336e+01
2.534594480822731644e+00
2.798902589451685330e+01
1.132969483636170160e+01
1.598638765714103727e+01
1.098104639050008835e+01
1.893944247680916249e+01
1.681522901408238013e+01
1.385244714188864101e+01
7.777865522640338369e+00
1.108275029180442672e+01
1.320075131568207816e+01
9.316781554862759052e+00
5.040914881778881806e+00
7.761631378917758894e+00
1.948387152346339235e+01
2.292740244387497839e+01
1.693504170110610474e+01
2.383939399878077481e+01
1.321615256455487142e+01
-2.281917797266681980e+00
9.247897777317529489e+00
4.297918064971363350e+01
7.880735101882596894e+01
9.543885673031414285e+01
4.947790193529043279e+01
2.479440614553573141e+01
1.984101026081950936e+00
-7.799910564565902149e+00
1.774442667994220812e+01
2.298434609904885306e+01
5.502771902657418934e+01
3.000477587582684791e+01
4.896757816453884971e+01
4.007965972932433374e+01
3.305253680692839424e+01
2.584937787357729277e+01
2.393261310252873741e+01
3.682843874010578844e+01
3.622735101897064425e+01
3.295136800611852834e+01
-5.322959156059560160e-01
6.914009847238368422e+00
9.807907936297315388e+00
1.098890427684433035e+01
1.730335604386457149e+01
2.769461125777634436e+01
2.090750970154686783e+01
2.612706034894828377e+01
9.450845362127774152e+00
1.262638597941824692e+01
4.850491644604399966e+00
-6.066126383864074434e+00
1.286978090664309171e+01
3.062083098092677247e+01
-4.714479223945003739e+00
1.029114661618471871e+02
2.034794788734637550e+01
1.742927948472608080e+01
