2.437999078461076330e+00
2.380958640918933611e+00
2.276168095785152001e+00
2.167878486426047413e+00
1.982980843370508506e+00
1.918663513661478692e+00
1.861567995299022282e+00
1.791579489194312425e+00
1.757717459526935810e+00
1.705106062679493828e+00
1.714070264280791234e+00
1.680661544697754861e+00
1.638667990790858120e+00
1.562834425046970344e+00
1.515239751636940913e+00
1.477111936467671027e+00
1.465998692982398932e+00
1.450627926542740420e+00
1.457761575749376037e+00
1.399251247585238334e+00
1.423533950206374410e+00
1.415457707962321843e+00
1.439855638242241165e+00
1.451209208588762012e+00
1.397331233787389104e+00
1.423180837004443422e+00
1.380538775841839483e+00
1.366851016299267307e+00
1.430934067110289476e+00
1.335071973565508330e+00
1.386199073692232941e+00
1.377736979645429960e+00
1.421781010763127018e+00
1.387520370567933536e+00
1.383834851449187164e+00
1.425889734894657312e+00
1.412620749708561885e+00
1.423061176753774193e+00
1.435454559511994299e+00
1.971248770998029975e+00
1.930429361747061590e+00
1.435377809892743883e+00
1.387372174869275998e+00
1.374778134332773183e+00
1.373626203530145196e+00
1.428379103147001228e+00
1.500618170209512492e+00
1.556782507207279842e+00
1.529456065759077443e+00
1.506113495339352903e+00
1.404720960619854075e+00
1.396082517029183734e+00
1.322882267250809818e+00
1.314073059400940435e+00
1.295417527421689252e+00
1.302532363566823115e+00
1.419004961804271048e+00
1.445076708649641883e+00
1.466765947139871518e+00
1.438903446273332332e+00
1.356322338284225104e+00
1.336722100900147536e+00
1.304182262895655642e+00
1.327187089282515053e+00
1.312757016146720801e+00
1.295947636825538485e+00
1.313462355190158082e+00
1.411825008010179738e+00
1.374522627516720830e+00
1.408719310334183517e+00
1.384960617866531907e+00
1.323465603248350275e+00
1.322797895488049713e+00
1.451448683384599425e+00
1.441548594196197630e+00
1.451723971620777931e+00
1.427478842845392393e+00
1.435965982226740989e+00
1.793665979786078113e+00
1.943654354689333008e+00
2.062791716122347019e+00
1.956273090063003650e+00
1.660421762208395435e+00
1.520341653903083401e+00
1.372630278065334775e+00
1.608769695790894128e+00
1.827201650812832368e+00
1.873945568024587338e+00
1.960873450102383897e+00
1.728766805362028425e+00
1.578263708983609792e+00
1.500080651165127232e+00
1.410976513297043988e+00
1.398600716322703885e+00
1.362494402202649058e+00
1.572528697245880958e+00
1.688622744956817412e+00
1.702686406270877528e+00
1.742617887788065145e+00
1.992118719441844599e+00
2.787913051712662682e+00
2.896459501303944695e+00
3.045184082331074737e+00
2.462578907553094609e+00
1.775126381891382499e+00
1.647726898690732300e+00
1.332749135686607245e+00
1.426137937528680011e+00
1.411254586541002443e+00
1.581952606487169399e+00
1.747340380811831073e+00
1.616778483672404176e+00
1.658819977358353404e+00
1.436631296815300329e+00
1.231753697635310951e+00
1.262033854016324952e+00
1.336725987582693564e+00
1.390069333630083781e+00
1.446694278827693969e+00
1.556808398306394947e+00
1.544771285941448635e+00
1.920022442344952562e+00
1.885698676579240285e+00
1.808442571233780383e+00
1.641915850498403495e+00
1.228418447618520037e+00
1.259938656253059452e+00
1.269566941897023238e+00
1.323952443906894372e+00
1.390334073425652850e+00
1.370904031567031778e+00
1.329640274169121783e+00
1.226066521273198484e+00
1.168783144524636164e+00
1.144321581854121028e+00
1.192172032234129153e+00
1.166579387977087157e+00
1.192183845019015642e+00
1.203121087950739465e+00
1.221244004124383276e+00
1.240222155977372953e+00
1.226737782598601223e+00
1.204557545175056976e+00
1.193997365952921941e+00
1.149719143602456528e+00
1.170789057688437884e+00
1.141715012498584647e+00
1.147575796907478018e+00
1.141030088746807225e+00
1.142133940381999668e+00
1.161363705960902104e+00
1.202644581507371857e+00
1.203258417994066187e+00
1.218311338366837804e+00
1.274181823438979677e+00
1.473536341344667155e+00
1.601119690464469558e+00
1.690777261254025499e+00
1.612885653434342981e+00
1.478963898582343672e+00
1.361746966688374139e+00
1.247436522081756483e+00
1.200134984045581943e+00
1.124945938418749236e+00
1.106391758458249219e+00
1.236564115795351304e+00
1.611362452945427348e+00
1.714931506779390213e+00
1.849333282561472780e+00
1.723130089726618408e+00
1.382505444878161960e+00
1.379474523456126978e+00
1.245215592141698080e+00
1.225316254734418520e+00
1.337926830603557438e+00
1.354031590647436500e+00
1.346926657079935197e+00
1.531036540071793572e+00
1.617719815836751618e+00
1.657825673326174698e+00
1.639509654446737352e+00
1.496892926404983726e+00
1.434546086523185160e+00
1.439566940253435900e+00
1.699905345979095372e+00
1.738510056691550787e+00
1.703380763363871564e+00
1.846011499908251974e+00
1.577535821672295446e+00
1.613985864705624218e+00
1.625706351149335482e+00
1.428613145009208774e+00
1.648165012576485511e+00
1.625644699457049702e+00
1.609146828451529787e+00
1.531242083528558506e+00
1.219109443396005243e+00
1.221159223001407224e+00
1.249639564591086938e+00
1.280233197315328253e+00
1.303458660976807293e+00
1.458364057151272153e+00
1.709727277237691467e+00
2.417437536499285500e+00
1.738902961238647071e+00
1.266458238315654405e+00
1.129878193129536079e+00
1.121955584026970598e+00
1.155978650799543761e+00
1.150522848409616161e+00
1.164685209595043069e+00
1.201343569365416197e+00
1.210862159180165820e+00
1.206715918853762615e+00
1.151952598697871810e+00
1.091108630682320335e+00
1.086636765635383917e+00
1.110875993551997620e+00
1.078285717042757330e+00
1.052617470729620530e+00
1.102157910135401542e+00
1.105258004910064429e+00
1.133391980810090516e+00
1.135212480576761829e+00
1.091383808001052946e+00
1.097739483600067345e+00
1.069751316259351936e+00
1.068912025707341229e+00
1.046147467651118435e+00
1.087008234332341061e+00
1.080366769057734544e+00
1.071419284814511652e+00
1.105712368655208611e+00
1.108752299817223674e+00
1.130084597471253893e+00
1.123460838348710800e+00
1.103980652354268788e+00
1.096711063625747107e+00
1.120114410468342037e+00
1.095081784315453000e+00
1.107967225457504146e+00
1.073559046066235645e+00
1.070105054727638949e+00
1.073697393585648641e+00
1.101586937227425622e+00
1.089456225606645789e+00
1.106375420432185397e+00
1.144356507035029669e+00
1.131437386629534414e+00
1.128422231903715822e+00
1.104819146605977132e+00
1.085872809885901624e+00
1.107451361048533922e+00
1.081386803954830000e+00
1.096513891803732266e+00
1.089862437948537321e+00
1.095955416351054312e+00
1.075118282853624541e+00
1.082642268862088475e+00
1.065727331660335953e+00
1.074449663265043098e+00
1.098449900563394532e+00
1.108503368399299971e+00
1.114449982354190016e+00
1.098775319163702191e+00
1.087169263555143983e+00
1.096196618460789640e+00
1.099682583762398247e+00
1.095005961443031195e+00
1.112438698711174734e+00
1.117005220477897076e+00
1.094921624055807508e+00
1.115871565946336075e+00
1.107876747325423628e+00
1.393560892326612954e+00
1.899556909303216079e+00
2.201007662525026554e+00
2.402227504473026354e+00
2.165935397482399161e+00
1.916256836680521047e+00
1.505382324559116247e+00
1.326372106412908813e+00
1.252976146361181042e+00
1.145030966480628853e+00
1.139881185343206926e+00
1.223413906175915944e+00
2.042356703885672253e+00
2.216072729617592163e+00
2.233215610471632306e+00
2.079053347475889435e+00
1.247359536659877532e+00
1.169027104115932136e+00
1.249487780253550451e+00
1.261140029199072865e+00
1.410977396836669229e+00
1.449781108428558118e+00
1.342190754077375203e+00
1.354778545183855432e+00
1.307843554227271499e+00
1.323062995917973605e+00
1.285117342434048293e+00
1.295431529085180999e+00
1.423505833119912189e+00
1.479428957372587394e+00
1.484914678437263991e+00
1.677882629422394967e+00
1.746911780110687262e+00
1.761978416628878996e+00
1.726228310380859332e+00
1.271117134079324140e+00
1.158787110046310520e+00
1.426771600298281095e+00
1.479397886336088153e+00
1.581304163925683737e+00
1.906099803597680387e+00
1.879666938668523857e+00
1.906861792721668447e+00
1.616221781310918315e+00
1.184200042001565478e+00
1.153288207321165215e+00
1.191021177498026828e+00
1.370129537215287741e+00
1.372235005295653565e+00
1.588975470469956353e+00
1.661532815168876853e+00
1.595329555319634274e+00
1.594185722505079505e+00
1.230960042791771292e+00
1.130123878215988587e+00
1.150993139794704634e+00
1.124382806123662260e+00
1.167474613189318333e+00
1.262981875603570003e+00
1.244603537884152011e+00
1.401531884353939716e+00
1.386060767887228762e+00
1.329183045974529298e+00
1.285386957743666514e+00
1.051141339539355846e+00
1.041408308463485977e+00
1.083523737915603746e+00
1.061751232923294319e+00
1.060576449986424086e+00
1.056149459690360226e+00
1.120528124548065607e+00
1.142491582846118403e+00
1.328498240472867353e+00
1.352320487351013067e+00
1.379865877441788236e+00
1.296184475995161511e+00
1.197185075199253879e+00
1.155419280280617134e+00
1.179051663691207175e+00
1.214660628795060759e+00
1.232455266553965867e+00
1.200075601725208552e+00
1.180509469024890734e+00
1.190891780538576805e+00
1.206965404106038253e+00
1.245221166765709819e+00
1.235231991811725383e+00
1.204754311021959845e+00
1.162806215957331135e+00
1.104493510331602035e+00
1.074706439277775205e+00
1.084942642309983940e+00
1.075935403885809549e+00
1.083779024230534516e+00
1.076770886677836714e+00
1.054595813185354336e+00
1.048580105333122736e+00
1.062912969805149377e+00
1.106414907481086285e+00
1.129486414221902768e+00
1.172897367020288462e+00
1.129105125638444562e+00
1.134957502131480611e+00
1.188439939005343282e+00
1.231770787349663721e+00
1.257496518843043143e+00
1.222571313743911592e+00
1.154317314261334326e+00
1.143483414276961874e+00
1.162225644575723305e+00
1.177443168383260019e+00
1.194773353867341070e+00
1.214579233842044026e+00
1.268788601182580855e+00
1.536851524365130173e+00
1.273213870464866782e+00
1.213101029530904151e+00
1.165319389983875409e+00
1.145941845848798879e+00
1.102282236224659373e+00
1.161736978396630482e+00
1.159133046655756560e+00
1.183494309109837328e+00
1.207626318174866542e+00
1.242122898309005352e+00
1.244800600348255015e+00
1.255583079232258648e+00
1.288004046884628107e+00
1.350809774781230432e+00
1.410662244000281396e+00
1.511560465447892687e+00
1.562660011827964546e+00
1.565460074884339470e+00
2.152260843503687848e+00
3.462406009581739497e+00
4.363931592467364950e+00
5.036071402670383002e+00
4.461992618451979808e+00
3.782338653643706472e+00
2.730336335035850936e+00
2.307384774158643292e+00
2.105361852967492009e+00
1.780703448828556690e+00
1.740652381646550451e+00
1.777863473337376599e+00
3.079348416399237287e+00
4.118331497517365491e+00
4.141022045794733764e+00
4.424558130880599904e+00
3.155300012719472136e+00
2.620380440440047920e+00
2.336662014209568650e+00
1.841597362316871767e+00
1.712641330226549519e+00
2.037814252883763277e+00
2.063111565191724228e+00
1.932494675050467237e+00
1.905600195075000780e+00
2.504883463991563808e+00
2.887091489843490510e+00
2.864175455960382699e+00
2.641464950457572680e+00
1.865644252836524908e+00
1.947166580602499586e+00
1.986159248975780223e+00
1.995668174737578848e+00
2.680325093812027326e+00
2.976302073509009993e+00
2.987389465123611476e+00
2.745408078336275981e+00
1.460107495638135244e+00
1.405471791528103864e+00
1.857206678658910759e+00
1.928310925864396008e+00
1.956987275065801946e+00
2.488834265280566616e+00
2.644906984260125160e+00
2.688541767452345077e+00
2.487865499990344897e+00
1.441324233812604438e+00
1.199274690334863669e+00
1.225688623793203424e+00
1.488947243413031085e+00
1.806597653088349853e+00
1.806750278792356168e+00
2.002067010700348870e+00
2.253830217825403714e+00
2.185974427905079676e+00
2.177559809546073311e+00
1.591443899319639144e+00
1.206546483380001922e+00
1.191910926195124176e+00
1.198019956780769002e+00
1.159696659968910692e+00
1.279619050857359275e+00
1.470767203167757442e+00
1.485714516632604454e+00
1.808486262022405588e+00
1.804952773553788026e+00
1.745180000325993408e+00
1.683781842358735847e+00
1.227442592101479102e+00
1.146700549241610023e+00
1.150158704665718901e+00
1.175007605355476326e+00
1.280730602720796751e+00
1.452660132587710873e+00
1.624723995978511137e+00
1.847186759426881375e+00
1.959814808902617056e+00
2.028708854055239375e+00
2.182502177713183222e+00
2.145205125853397288e+00
2.086796447320337311e+00
1.806095719529902555e+00
1.590857259319966355e+00
1.373723845160992330e+00
1.467651832974876225e+00
1.372263137432838231e+00
1.496942799122741086e+00
1.486346977172773975e+00
2.100518673405806780e+00
1.723849469626227426e+00
2.266842796012067396e+00
2.143899080662908130e+00
2.669887766736870116e+00
2.752983601300621697e+00
2.839000422713506833e+00
2.094300470106381873e+00
1.688675768833655555e+00
1.553648644865160300e+00
1.349745092496710486e+00
1.356378968954450981e+00
1.265040184362800524e+00
1.254157012144504035e+00
1.474827544105314692e+00
1.562532969580054942e+00
1.580099676992305913e+00
1.559370207791620500e+00
1.644295983285481544e+00
2.293845162450856456e+00
2.421494391233160126e+00
2.344892643541269361e+00
1.799620773413270314e+00
1.535090610964636060e+00
1.664004153459775148e+00
1.690350957000365861e+00
1.638958058284459174e+00
1.454694685497339490e+00
1.446108470786392708e+00
1.370709394495977174e+00
1.278058515308430509e+00
9.069425067503816829e-01
9.283456120364861341e-01
1.345408575176957111e+00
1.665870506315337618e+00
1.821797117385469678e+00
1.910606874999370985e+00
1.940504709008560091e+00
1.873955922720017764e+00
1.848144113988900328e+00
1.631077935044418226e+00
1.446475600949828966e+00
1.482894616836816448e+00
1.581844650334724989e+00
1.753936954397844694e+00
2.012268093724098872e+00
2.032258245141678632e+00
2.458087377863729106e+00
2.638776614236908014e+00
2.566147254577915149e+00
2.591404714288877642e+00
2.048035566985069611e+00
1.926879193632736076e+00
1.960405560981163475e+00
2.070533374043322272e+00
2.141160915839137147e+00
2.258152881285707458e+00
2.246529618888157387e+00
2.264568667759841336e+00
2.303063066552939908e+00
2.293802917545573195e+00
2.127502264286016853e+00
2.078358565833551275e+00
3.432033936695249920e+00
4.823740948536415551e+00
5.879607225086421529e+00
5.713125937097875529e+00
4.713534362070182837e+00
3.410215414845832793e+00
2.545615392090505136e+00
2.382895431416588661e+00
1.907726699745925236e+00
1.721623589562665702e+00
1.699906191085424956e+00
1.673863599008909464e+00
3.456527628932368756e+00
4.307037807445034616e+00
4.315357375736278200e+00
4.406867793762909713e+00
2.992995733422247895e+00
2.669189114249785888e+00
2.446198619892695714e+00
1.836850978802298195e+00
1.966611759701910600e+00
2.155525279054416821e+00
2.622892463045226386e+00
2.382493660595572216e+00
2.297483267399599960e+00
2.173769265770356895e+00
3.427144212568142390e+00
3.748937699247973931e+00
3.693837253054899072e+00
3.034803349193388122e+00
2.034584861740619033e+00
2.510840660144992409e+00
2.593991855870146690e+00
2.619200688108919817e+00
2.796948614783298925e+00
4.002362788092415968e+00
4.049347463568522265e+00
4.005281711240551878e+00
2.648862245898440992e+00
1.583144439437848439e+00
1.675763569116938800e+00
2.386290501416331367e+00
2.446099376504929257e+00
2.561886953535868816e+00
3.158102786049628907e+00
4.301313507893022248e+00
4.570100173429245238e+00
4.968171445706364153e+00
3.842314254749288338e+00
3.241425346330783164e+00
3.525344306402006911e+00
3.300126933515715066e+00
3.364935297467698039e+00
3.355782142503942023e+00
2.864050935952699106e+00
2.931931322774425031e+00
3.450827147246019688e+00
3.345099020704340287e+00
3.212193944694894387e+00
2.903331871869330172e+00
1.943901868218512297e+00
1.605993944322917866e+00
2.993950971662616478e+00
5.791590025723420077e+00
6.179646726504415710e+00
9.635389443604294613e+00
5.189834010300600653e+00
4.114259698049123948e+00
3.357852053859175623e+00
2.880017591897782836e+00
2.789672708076246010e+00
2.533975624254680259e+00
1.735861479198252733e+00
1.849846208642841772e+00
2.490552032163152685e+00
2.541932110737509021e+00
2.432550281538781167e+00
1.944518422895169296e+00
2.470747514627805508e+00
3.990839420705901031e+00
4.178308480772972011e+00
4.159475802811759770e+00
2.856555796922950918e+00
2.623197451976882810e+00
2.956067876036640119e+00
2.949334876969524899e+00
2.697343261663736946e+00
2.838261844559201386e+00
4.289931826509136847e+00
4.425723144031509904e+00
4.381176731914162126e+00
2.802805345615572818e+00
1.643960254920480368e+00
1.580868322216356425e+00
2.278717344110913867e+00
2.520701615108413396e+00
2.602334644754200177e+00
2.815292337024368319e+00
3.655727269142913460e+00
3.807066357976818249e+00
3.801531908004184057e+00
2.877952688318289987e+00
1.717087252935585173e+00
1.541776501680719003e+00
1.468809712503323706e+00
1.549499657141468090e+00
2.018859627333422058e+00
2.131914299124711309e+00
2.148174785689352717e+00
2.693065171210024644e+00
2.697303640438208028e+00
2.687744712156431071e+00
2.468287909083724863e+00
1.572802007880231834e+00
1.514055257974334934e+00
1.529210249619553430e+00
1.575238577680095453e+00
1.576827736577945283e+00
1.555149870955977010e+00
1.747710396596559246e+00
1.736213823964590119e+00
1.836781477751489922e+00
2.180607218873593212e+00
2.073326852833545342e+00
2.084461553724245686e+00
1.760816704505097086e+00
1.451963629114497278e+00
1.414363190430851347e+00
1.399969254902279303e+00
1.427930708084466760e+00
1.409614066639402141e+00
1.481360337829707996e+00
1.517103174903579266e+00
1.692499854147808458e+00
1.697173962057552110e+00
1.745859475728014143e+00
1.868743338848261715e+00
1.700300673749979730e+00
1.672575530513074060e+00
1.474617932759530348e+00
1.356616200961178409e+00
1.362279885198516505e+00
1.342156484327184041e+00
1.319859103777015985e+00
1.346407044560524291e+00
1.325472005207842141e+00
1.338933686916766286e+00
1.345031084352178663e+00
1.371675360356459317e+00
1.426510513401418656e+00
1.439029269577653647e+00
1.544537586899117798e+00
1.497744943228302539e+00
1.429120980012123177e+00
1.414126122564819177e+00
1.374856231420376496e+00
1.395281794282877907e+00
1.431946901904635805e+00
1.387009292633168522e+00
1.378101424957071108e+00
1.371281655691843682e+00
1.361488606646493071e+00
1.340700883229352769e+00
1.322209547474666014e+00
1.333160960672880702e+00
1.388712624528121609e+00
1.474022148913509023e+00
1.529877950967642120e+00
1.526862616528583905e+00
1.527068595625334035e+00
1.527913336462263239e+00
1.425074178270054670e+00
1.418506825547380279e+00
1.400318864516418405e+00
1.431019959075827241e+00
1.451482918535245803e+00
1.786717370312004727e+00
2.855670206884235451e+00
3.764874156907586311e+00
4.373544010966451623e+00
5.157736561034439227e+00
4.556910893954721153e+00
4.579108848165875933e+00
5.031701063313139599e+00
4.714301835798472062e+00
4.540028853863667280e+00
3.580574250232189115e+00
2.716901764704086730e+00
2.564065997986011869e+00
2.582796557887003353e+00
1.998862912964469718e+00
1.598745908143773375e+00
1.513770358285724482e+00
1.414727467138449768e+00
1.391690826982807661e+00
1.495172351617083617e+00
2.008361675581388006e+00
5.685170432882267200e+00
6.884584178274555377e+00
7.244555059001148933e+00
7.148783134433144504e+00
4.243645374753432620e+00
3.817690902409252462e+00
3.847664252894015036e+00
2.692972422814713607e+00
2.680829946260774754e+00
2.458796240644230302e+00
1.723069220267541724e+00
1.895722601552286113e+00
3.093363779834592986e+00
3.273044751478122016e+00
3.294638728876829070e+00
2.600877671776186340e+00
1.927882780106677574e+00
4.816157177734589290e+00
5.754698605243674159e+00
5.732070928584572123e+00
4.870911250506105183e+00
2.031064696999155039e+00
3.067397906597680191e+00
3.510791651701008931e+00
3.525784697076663310e+00
3.087155179584217368e+00
3.132569496062753700e+00
5.951375989020202262e+00
6.223331840398287795e+00
6.144442489971686072e+00
3.956107032157791359e+00
1.692726970338693571e+00
1.486272024868659392e+00
2.226680369152203909e+00
3.238400062188397488e+00
3.321965804134846323e+00
3.246485839702955012e+00
3.335988873329468696e+00
5.002900544305332708e+00
5.158220108820402494e+00
5.076300314540960201e+00
3.129091859917481067e+00
1.661152468409734073e+00
1.611963522437861229e+00
1.494194120959601246e+00
1.483731412711286612e+00
2.249054692746299988e+00
2.813348366611349682e+00
2.839431139155993655e+00
3.078793028070156534e+00
3.810487955874289234e+00
3.886478320175486445e+00
3.816343893279334321e+00
2.851410998374630523e+00
1.561556032148550655e+00
1.536561614389469366e+00
1.527547078775872258e+00
1.511529232218576491e+00
1.476963680569623794e+00
1.415515018842662398e+00
1.834565767938736602e+00
2.163181644634191159e+00
2.177225664133407346e+00
2.631506172862634330e+00
2.813412211478093283e+00
2.764199672240132966e+00
2.633785849904279441e+00
1.789729532778747689e+00
1.488861815607927630e+00
1.446640383714439704e+00
1.455762127351369006e+00
1.624642511220059760e+00
1.721027036274510591e+00
1.760273797339503066e+00
1.705085286724231430e+00
1.651420917283060064e+00
1.923431828591923187e+00
1.931611304645865612e+00
2.190459860831481365e+00
2.194328974092731421e+00
2.107790291195593024e+00
2.088004163236671040e+00
1.744156784982031416e+00
1.844995660897249312e+00
2.227375081538190749e+00
2.751181309551428367e+00
3.369671159082368472e+00
3.987271928153029776e+00
4.531454647384439482e+00
4.932058793686035614e+00
4.994164195531902273e+00
4.697198994015833406e+00
4.182867306763527360e+00
3.515810941392575106e+00
3.168290809788300244e+00
3.547302537660000699e+00
4.121584416925785810e+00
4.653814500027315226e+00
1.792600275993399661e+00
1.813653153784162697e+00
1.896142113863992895e+00
1.933837264955169166e+00
1.952778430590647263e+00
1.917827382644206269e+00
1.943949449391334072e+00
3.106821408877819657e+00
5.456578322346937071e+00
6.528912074085489792e+00
8.671544813367372484e+00
7.982780857834366195e+00
7.155383616478768083e+00
8.015653880386560459e+00
7.242945927992969324e+00
7.028610217137575944e+00
5.676015334726431050e+00
3.778866346486298600e+00
3.901279395987042431e+00
3.859223502874118417e+00
3.447029969128024618e+00
2.042118106169829250e+00
1.875615618769354898e+00
2.114060091644530459e+00
2.146669366133540979e+00
2.140090442968063833e+00
2.048660061942199295e+00
2.645796968156250539e+00
8.374000413970062340e+00
1.072864549629758635e+01
1.118373612308167786e+01
1.126428081045036578e+01
7.047590255933153358e+00
6.171521251328048407e+00
5.077629349833833849e+00
3.496230132394126944e+00
3.649766495535549993e+00
3.643076566190948107e+00
3.320094412700041797e+00
2.402788798186745289e+00
3.253266062825078020e+00
4.970629016168829573e+00
5.088011728566739222e+00
4.903970302091385847e+00
3.218175768104243328e+00
2.306441365101393970e+00
8.252294461837305306e+00
8.826514000188341313e+00
8.894513911158862030e+00
8.002040207775008795e+00
3.499103833316665746e+00
3.629688041950546395e+00
6.636313793196175759e+00
5.524709507133326092e+00
5.506116447590097884e+00
3.535534582321761210e+00
5.046799149696643561e+00
9.257549457466019760e+00
9.653723346953897888e+00
9.513321212651213443e+00
5.544526231074847544e+00
2.762360668322795032e+00
2.473291162575008695e+00
2.731049567663741851e+00
4.837351262512696870e+00
5.183676420231201121e+00
5.126170968754708568e+00
4.149560609413819101e+00
5.513959627059487723e+00
8.199147471634743667e+00
8.294425220603125481e+00
7.899895018064398755e+00
3.884221404552041790e+00
2.449173429656791523e+00
2.374719360109573518e+00
2.423974338558382513e+00
2.404223405813137759e+00
3.046361622849238948e+00
4.334612909413024795e+00
4.466786912910498231e+00
4.454608801108841831e+00
4.287152162685597290e+00
5.923782355926983989e+00
6.121835666743707272e+00
5.961411129106975793e+00
3.889699940043843007e+00
2.087262287568175889e+00
1.913721073599893074e+00
2.013750024588615073e+00
2.013022308120957948e+00
2.146616148443354799e+00
2.134473518737090458e+00
2.254427681410513973e+00
3.239125956539637308e+00
3.424013927417449032e+00
3.499717440292475779e+00
3.841294045766239229e+00
4.349233888845710716e+00
4.350632946279374025e+00
4.227758407232988347e+00
2.676655177872244273e+00
2.228590228667191919e+00
2.281600312385105855e+00
2.323013870613496401e+00
2.350477732229307115e+00
2.172304658311531522e+00
2.000873034733777978e+00
2.026852420016689305e+00
2.041334249360752473e+00
2.310618348215750295e+00
2.806898633486866412e+00
2.856032841261661570e+00
3.116436124037403221e+00
3.457048226335527996e+00
3.350707129726134159e+00
3.276123626287247070e+00
2.569901624389161476e+00
2.002805995633909486e+00
1.982325655524615593e+00
1.934750758524636627e+00
1.949475823038960831e+00
1.925037818042749427e+00
1.947401640433344960e+00
1.968962818683883009e+00
2.092529212163244612e+00
2.034467678736309182e+00
1.971198708847599956e+00
2.162267520449273839e+00
2.602786012335299937e+00
2.737042652282689392e+00
3.042525348445521249e+00
3.183253915516494725e+00
2.970559691550131109e+00
2.760317682517206439e+00
2.258334615076703411e+00
1.978379013805984021e+00
1.946801865507537643e+00
1.987506601053738997e+00
1.998687492509170438e+00
1.928658018192954238e+00
1.972011600454037783e+00
1.949265365474048162e+00
1.923915799831177109e+00
1.931579374373746383e+00
1.934423977059177790e+00
2.015356352250678107e+00
2.035503463874410723e+00
2.263910877442278036e+00
2.498146268345831533e+00
2.615863108702585205e+00
2.921628834219953674e+00
2.780882545764343128e+00
2.720472952387936960e+00
2.489955778458335267e+00
2.061737121309292320e+00
2.008740415453774464e+00
1.985531847601233357e+00
2.085923868002261372e+00
2.287114844935084879e+00
2.411933359386125630e+00
2.415853733163255246e+00
2.230762662815488184e+00
2.215912212564440598e+00
2.194519701228913267e+00
2.187632701934431267e+00
2.063588053363598629e+00
2.055019217254772546e+00
2.014949267552504253e+00
2.191327738566037464e+00
2.472610953340979023e+00
2.687274937769112082e+00
3.074938200096922980e+00
3.140562859638586612e+00
3.074545665022963004e+00
3.687360422128810544e+00
9.093497210373982398e+00
1.198716216847929417e+01
1.799388321044063233e+01
1.488232906795621702e+01
1.284404113100421618e+01
1.325876668348988474e+01
1.156043940887299648e+01
1.347981292164035594e+01
1.149215950822392962e+01
5.629481179761793186e+00
6.067533464645221031e+00
5.772465837580654124e+00
5.536784516873686002e+00
4.154655622334956000e+00
3.680985784026845842e+00
3.660068904320346928e+00
3.370894395248279718e+00
3.145174797673307765e+00
3.244074910104518761e+00
3.749663075076098195e+00
5.555716974898236238e+00
2.562460445460855141e+01
3.055442304955706589e+01
1.794357205727344251e+01
1.690160481236776135e+01
6.165292263148278273e+00
4.525588969735464318e+00
3.922185506297916291e+00
3.658736108746491134e+00
5.467306663962192559e+00
5.963376698326248615e+00
5.897450165154332957e+00
5.013630952312077227e+00
3.284232453989283762e+00
5.504248919318914801e+00
7.599106958836319592e+00
7.910710991081486121e+00
7.539782736847937983e+00
4.650706663885978642e+00
3.640587590560314890e+00
8.633377302424932509e+00
1.344922571609493822e+01
1.397469345564531906e+01
1.662717257205007471e+01
7.234312639172877368e+00
4.895034823043309835e+00
1.316079179722302861e+01
9.299576136870154386e+00
9.451074805289836789e+00
8.363850594490033430e+00
4.731349255390876252e+00
6.392940000515060284e+00
1.336116201396981218e+01
1.439887779689814096e+01
1.425955887501213049e+01
9.482258642265474435e+00
4.745354624801741750e+00
3.914030483210586997e+00
3.799383893035809923e+00
5.409050378608947440e+00
8.343387452272899907e+00
8.657824143011497497e+00
8.668530581877481822e+00
5.850603628148703272e+00
5.744773646544522272e+00
1.137250740012227013e+01
9.918999422109759934e+00
9.770029702535147464e+00
6.597174428627214482e+00
4.210724021186005750e+00
4.226620958333857203e+00
4.145909659377970513e+00
3.943288760253082170e+00
3.674527986092641196e+00
4.341458788711720196e+00
6.990933358494901384e+00
7.276387865060337745e+00
7.468840960537307616e+00
5.991114299268733845e+00
8.322429705746500872e+00
1.299363895645134370e+01
1.264801459547904372e+01
9.673646322939651654e+00
5.150354075698607481e+00
3.641197045343160799e+00
3.236825961942948915e+00
3.117809300645244974e+00
3.273127048113531057e+00
3.208478693802728987e+00
3.266780564368922501e+00
3.226192838459752465e+00
4.315816885611923226e+00
5.586855641808557316e+00
5.732609251713237875e+00
5.847354520685104973e+00
5.460982185111906695e+00
6.500253747551902883e+00
6.645147870326931994e+00
6.608705413920486826e+00
4.772664070071114040e+00
4.005760501720013522e+00
3.641992186383258279e+00
3.380952817267973920e+00
3.245684472777206508e+00
3.220292596835657051e+00
3.449946140166290753e+00
3.783420917438986564e+00
4.270349372858390780e+00
4.529728031957476198e+00
4.568660290669436463e+00
6.177515479340379478e+00
6.625798207045132671e+00
6.905236937961795718e+00
7.037850770236610209e+00
8.365109649963830663e+00
8.936976078616590158e+00
9.206696471271209603e+00
8.058963397043408250e+00
6.568013002278440204e+00
8.613292937043746988e+00
9.631663219095582207e+00
9.800245699389265042e+00
9.212689854050500671e+00
7.915738831371863959e+00
7.598347195319377079e+00
9.815395098109435779e+00
1.203842063936327911e+01
1.176872968706792122e+01
1.147601929161791823e+01
7.701551244799436091e+00
6.763316501043493467e+00
8.243438933719561490e+00
8.644874978383551678e+00
8.819673702092437395e+00
8.225119728327099367e+00
6.811969954998609467e+00
6.303737226625604428e+00
5.212067429187076328e+00
4.957435085380512696e+00
4.860634596205599678e+00
4.906439709887236766e+00
4.954925438523651415e+00
5.232656788971783435e+00
5.597436110028393585e+00
6.060640105822336920e+00
7.117949415448456385e+00
9.987615268271392566e+00
2.055128179027187585e+01
3.071978133024726887e+01
2.730051457517640401e+01
2.574576385088984409e+01
