6.000326067032327046e+03
6.003293593875736406e+03
6.006262081230586773e+03
6.009231389878837035e+03
6.012201226866728575e+03
6.015171692034301486e+03
6.018142784329388633e+03
6.021114522601711542e+03
6.024086990799216437e+03
6.027059425470545648e+03
6.030033403807227842e+03
6.033007616023255650e+03
6.035982407689010870e+03
6.038957514626435113e+03
6.041933973641953344e+03
6.044910691788123586e+03
6.047888211145253990e+03
6.050865639380655921e+03
6.053844427399768392e+03
6.056823589471046944e+03
6.059803452462378118e+03
6.062783714349464390e+03
6.065764699127082167e+03
6.068746293433255232e+03
6.071728496249531418e+03
6.074711341909438488e+03
6.077695040169784988e+03
6.080678615657032424e+03
6.083663372312793399e+03
6.086648638550909709e+03
6.089634772626158338e+03
6.092620869090171254e+03
6.095607937719504662e+03
6.098595857126772898e+03
6.101583769743852827e+03
6.104572599485723003e+03
6.107562025660904510e+03
6.110552047274925826e+03
6.113542663335148973e+03
6.116533903611319147e+03
6.119525962608564441e+03
6.122518068293896249e+03
6.125511052248917622e+03
6.128504625714225767e+03
6.131498787708094824e+03
6.134493537250589725e+03
6.137488873363591665e+03
6.140484795070782639e+03
6.143481301397645439e+03
6.146478423949075477e+03
6.149476303779322734e+03
6.152473710125939760e+03
6.155473153474704304e+03
6.158472568345244326e+03
6.161472562026121523e+03
6.164473133555387903e+03
6.167474281972862627e+03
6.170476006320152919e+03
6.173478305640677718e+03
6.176481170972981090e+03
6.179484586512381611e+03
6.182488981002540640e+03
6.185493267650874259e+03
6.188498712184228680e+03
6.191504122654759158e+03
6.194510420151734252e+03
6.197517285032855398e+03
6.200524716357420402e+03
6.203532713186504225e+03
6.206541274582933511e+03
6.209550399611271132e+03
6.212560087337851655e+03
6.215570336830744964e+03
6.218581147159761713e+03
6.221592517396462426e+03
6.224604446614163862e+03
6.227616933887904452e+03
6.230629978294466127e+03
6.233643578912353405e+03
6.236657734821816121e+03
6.239672468717642005e+03
6.242687929751064075e+03
6.245703525128110414e+03
6.248719893040948591e+03
6.251736811672491058e+03
6.254754280113360437e+03
6.257772297455855551e+03
6.260790854708022380e+03
6.263809899576361204e+03
6.266829633841927716e+03
6.269849837748301070e+03
6.272870586043526600e+03
6.275891877830172234e+03
6.278913712212502105e+03
6.281936088296468370e+03
6.284959005189733034e+03
6.287982462001669774e+03
6.291006457843299359e+03
6.294030991827376965e+03
6.297056063068303047e+03
6.300081670682182448e+03
6.303107813786827137e+03
6.306134491501704360e+03
6.309161702947947560e+03
6.312189447248379111e+03
6.315217723527524868e+03
6.318246530911529590e+03
6.321275868528232422e+03
6.324305735507148711e+03
6.327336130979459995e+03
6.330367054077978537e+03
6.333398503937198257e+03
6.336430479693294728e+03
6.339462980484057880e+03
6.342496005448958385e+03
6.345529553729090367e+03
6.348563624467239606e+03
6.351598216807801691e+03
6.354633329896827490e+03
6.357668962882021333e+03
6.360705114912702811e+03
6.363741785139864078e+03
6.366778972716092539e+03
6.369816676795665444e+03
6.372854896534414365e+03
6.375893659520686924e+03
6.378933069084158888e+03
6.381971786082458493e+03
6.385011472085884634e+03
6.388052257395141169e+03
6.391093692728065434e+03
6.394136802598080067e+03
6.397179117416848385e+03
6.400221940370694938e+03
6.403265286213453692e+03
6.406309253146253468e+03
6.409353449771392661e+03
6.412398333835566518e+03
6.415443992832905678e+03
6.418489502678346071e+03
6.421535859485315996e+03
6.424582717848707034e+03
6.427630076953380012e+03
6.430677935985763725e+03
6.433726294133904048e+03
6.436775187567778630e+03
6.439824850501656329e+03
6.442874355176761128e+03
6.445924701699770594e+03
6.448975543302355618e+03
6.452026879182010816e+03
6.455078708537826969e+03
6.458131030570422809e+03
6.461183844481982305e+03
6.464237149476302875e+03
6.467290880025690058e+03
6.470344623936503012e+03
6.473400003016784467e+03
6.476455264410931704e+03
6.479511012930024663e+03
6.482567247787177621e+03
6.485623990977276662e+03
6.488681386492794445e+03
6.491738862541175877e+03
6.494797034912484378e+03
6.497855640990173015e+03
6.500914370361850160e+03
6.503974443477839486e+03
6.507034540896408544e+03
6.510095117640351418e+03
6.513156198871239212e+03
6.516217948632697698e+03
6.519279716116916461e+03
6.522342202462466048e+03
6.525405164291040819e+03
6.528468600838759812e+03
6.531532511343205442e+03
6.534596895043528093e+03
6.537661751180315150e+03
6.540727078995751071e+03
6.543792893273490336e+03
6.546859292021013971e+03
6.549925922745547723e+03
6.552993445457035705e+03
6.556060766832465561e+03
6.559128908888756087e+03
6.562197536737905466e+03
6.565266723776003346e+03
6.568335657484371040e+03
6.571405997141263470e+03
6.574476543563146151e+03
6.577546997146739159e+03
6.580618921255923851e+03
6.583690837605116030e+03
6.586763683487881281e+03
6.589835859732868812e+03
6.592909128563124796e+03
6.595983127687917658e+03
6.599056887821216151e+03
6.602131144697329546e+03
6.605206594619355201e+03
6.608282110650312461e+03
6.611358092673883220e+03
6.614434631417492710e+03
6.617511565495135073e+03
6.620588714147959763e+03
6.623666496265052047e+03
6.626744758520977484e+03
6.629823684994823452e+03
6.632902546128501854e+03
6.635982128208188442e+03
6.639062158498015378e+03
6.642142636288629546e+03
6.645223590017014430e+03
6.648305241608387405e+03
6.651387097538945454e+03
6.654469008322397713e+03
6.657551713027010919e+03
6.660634861006409665e+03
6.663718451561259826e+03
6.666802483993593341e+03
6.669886957606916440e+03
6.672971898034146761e+03
6.676057471905295643e+03
6.679143018588762061e+03
6.682229249989045456e+03
6.685315919108851631e+03
6.688403025260113282e+03
6.691490567756158271e+03
6.694578545911684159e+03
6.697666959042829149e+03
6.700755806467108414e+03
6.703845087503406830e+03
6.706934801472014442e+03
6.710024986908189931e+03
6.713115892350894683e+03
6.716206534195353925e+03
6.719298020877674389e+03
6.722390288360903469e+03
6.725482117501958783e+03
6.728574700107967146e+03
6.731668358419825381e+03
6.734761597675489611e+03
6.737855591552451187e+03
6.740949861961587885e+03
6.744044249241320358e+03
6.747139164301931487e+03
6.750234906858404429e+03
6.753331203440215177e+03
6.756428554466891001e+03
6.759525525623664180e+03
6.762622954394322733e+03
6.765721073248471839e+03
6.768818962074870797e+03
6.771917613044221071e+03
6.775016682339040926e+03
6.778116201702003309e+03
6.781216372582857730e+03
6.784316358528632918e+03
6.787417129825511438e+03
6.790518281048662175e+03
6.793619846726981450e+03
6.796721826220072217e+03
6.799824234502862964e+03
6.802927170170210047e+03
6.806030241203664445e+03
6.809133869578172380e+03
6.812237908585207151e+03
6.815342357592270673e+03
6.818447215968177261e+03
6.821552483083028164e+03
6.824658158308249767e+03
6.827764241016569031e+03
6.830870730582000760e+03
6.833977666857832446e+03
6.837085239476366951e+03
6.840192023049908130e+03
6.843300891236972348e+03
6.846409282923160390e+03
6.849518396707178908e+03
6.852627497228968423e+03
6.855737219271374670e+03
6.858847342595238842e+03
6.861957866587473291e+03
6.865068754760438424e+03
6.868179778500530119e+03
6.871291836462494757e+03
6.874403957022705072e+03
6.877516475204894959e+03
6.880629390403598336e+03
6.883742741511309760e+03
6.886856778940236836e+03
6.889970512063000569e+03
6.893085009298266414e+03
6.896199900541599163e+03
6.899315185195047889e+03
6.902430882475287945e+03
6.905547117707421421e+03
6.908663393655670006e+03
6.911780245995352743e+03
6.914897488774253361e+03
6.918015121401878787e+03
6.921133143289042891e+03
6.924251553847729156e+03
6.927370352491208905e+03
6.930489487227516292e+03
6.933608630766916576e+03
6.936729071081170332e+03
6.939849416220766216e+03
6.942970146529769409e+03
6.946091261428763573e+03
6.949212796301596427e+03
6.952334979122208097e+03
6.955456878508918635e+03
6.958579280509601631e+03
6.961702524872912363e+03
6.964825436342687681e+03
6.967949785826525840e+03
6.971073946619007984e+03
6.974198412453586570e+03
6.977323436266368844e+03
6.980448743760942307e+03
6.983574412684034542e+03
6.986700338861473028e+03
6.989826930379244004e+03
6.992953745421639724e+03
6.996080935947542457e+03
6.999208432973905474e+03
7.002335801084742343e+03
7.005464754841928880e+03
7.008593441723437536e+03
7.011722532120449614e+03
7.014852221321818433e+03
7.017981772825720327e+03
7.021112251896696762e+03
7.024242455588543635e+03
7.027373370397440340e+03
7.030504654605188080e+03
7.033636307665612549e+03
7.036768329033725422e+03
7.039900718165672515e+03
7.043033474518747425e+03
7.046166597551412451e+03
7.049300086723263121e+03
7.052433941495024555e+03
7.055568161328610586e+03
7.058702745687026436e+03
7.061837694034455126e+03
7.064973005836179254e+03
7.068108680558647393e+03
7.071244717669413149e+03
7.074381116637168816e+03
7.077517876931772662e+03
7.080654998024129782e+03
7.083792479386346713e+03
7.086930320491579550e+03
7.090068520814149451e+03
7.093207079829512622e+03
7.096345997014182103e+03
7.099485271845820535e+03
7.102624903803191955e+03
7.105764892366158165e+03
7.108905237015711464e+03
7.112045937233924633e+03
7.115187034277471867e+03
7.118328793115649205e+03
7.121470166137825800e+03
7.124612266521449783e+03
7.127754595212585627e+03
7.130897576620041946e+03
7.134040751409355835e+03
7.137184277663430294e+03
7.140328154874189750e+03
7.143472382534609096e+03
7.146616960138788272e+03
7.149761918697017791e+03
7.152907457995171171e+03
7.156052787570670262e+03
7.159198759912073001e+03
7.162345079683709628e+03
7.165491746386076557e+03
7.168638759520753410e+03
7.171786118590370279e+03
7.174933847491357483e+03
7.178082100752864790e+03
7.181230266451000716e+03
7.184379004307819741e+03
7.187528085628592635e+03
7.190677509922260469e+03
7.193827265253188671e+03
7.196977278391436812e+03
7.200127835745920493e+03
7.203278627041676373e+03
7.206429758870768637e+03
7.209581230748405687e+03
7.212733042190843662e+03
7.215885192715329140e+03
7.219037681840179175e+03
7.222190509084713085e+03
7.225343714556473060e+03
7.228497555722460675e+03
7.231651014745085376e+03
7.234805189682110722e+03
7.237959700350782441e+03
7.241114546276565306e+03
7.244269726985904526e+03
7.247425242006259396e+03
7.250581090866114209e+03
7.253737273094950069e+03
7.256893788223234878e+03
7.260050635782473364e+03
7.263207761211730030e+03
7.266364820262396279e+03
7.269523168375635578e+03
7.272681340993427511e+03
7.275839843714522431e+03
7.278998676076365882e+03
7.282157837617392943e+03
7.285317360066163019e+03
7.288477384993632768e+03
7.291636713591010448e+03
7.294797822361485487e+03
7.297958566924050501e+03
7.301119693902159270e+03
7.304281146855871157e+03
7.307442900834133070e+03
7.310604768157535545e+03
7.313767161991305329e+03
7.316930209366241797e+03
7.320093285410966928e+03
7.323256684723205581e+03
7.326420406854974317e+03
7.329584451359211016e+03
7.332748817789849454e+03
7.335913505701733811e+03
7.339078553465040386e+03
7.342244207315252424e+03
7.345409493887673307e+03
7.348575463292067070e+03
7.351741751966164884e+03
7.354908359470483447e+03
7.358075285366473508e+03
7.361242529216468938e+03
7.364410090583825877e+03
7.367577969032725377e+03
7.370746164128372584e+03
7.373914675436816651e+03
7.377083502525055337e+03
7.380252644961014084e+03
7.383422102313537835e+03
7.386591910210461720e+03
7.389762297384061640e+03
7.392932359572479072e+03
7.396103072297824838e+03
7.399274097797570903e+03
7.402445435646004626e+03
7.405617085418321949e+03
7.408789046690611940e+03
7.411961348099091992e+03
7.415134173903105875e+03
7.418306795281635459e+03
7.421479998332592913e+03
7.424653510777389783e+03
7.427827313888617027e+03
7.431001285250447836e+03
7.434175847536339461e+03
7.437350646136847899e+03
7.440525699289997647e+03
7.443701059338833147e+03
7.446876662045884586e+03
7.450052045861891202e+03
7.453228457394367979e+03
7.456405560238174075e+03
7.459582448583437326e+03
7.462759641357652981e+03
7.465937138152738044e+03
7.469114938561449890e+03
7.472293042177397183e+03
7.475471448595073525e+03
7.478650157409775602e+03
7.481829168217707775e+03
7.485008432906893177e+03
7.488187647868251588e+03
7.491367935758014937e+03
7.494547542104825880e+03
7.497728738080766561e+03
7.500909552414887912e+03
7.504090665939053906e+03
7.507272078256114582e+03
7.510453777695024655e+03
7.513635692205201849e+03
7.516818104006125395e+03
7.520000707540313670e+03
7.523183607894275156e+03
7.526366804675842104e+03
7.529550224385365254e+03
7.532733402003748779e+03
7.535918169676816433e+03
7.539102548263494100e+03
7.542287221329167551e+03
7.545472188486571213e+03
7.548657449349194394e+03
7.551843003531339491e+03
7.555028850648152911e+03
7.558214990315519572e+03
7.561401422150140206e+03
7.564588145769520452e+03
7.567775160791964481e+03
7.570962433873386544e+03
7.574149755141474998e+03
7.644349963467981979e+03
7.647544141780256723e+03
7.650738527895604420e+03
7.653932651500146676e+03
7.657128365767996911e+03
7.660323668912776157e+03
7.663519252366384535e+03
7.666715103170251496e+03
7.669911140887364127e+03
7.673107727738588437e+03
7.676304819358166242e+03
7.679501361753326819e+03
7.682698619561787382e+03
7.685896155186351280e+03
7.689093968273788050e+03
7.692292058471531163e+03
7.695490425427767150e+03
7.698689068791340105e+03
7.701888013836850405e+03
7.705087423070351178e+03
7.708286703332022626e+03
7.711486862473537258e+03
7.714686419478504831e+03
7.717886713951340425e+03
7.721087282393036730e+03
7.724288124458029415e+03
7.727489239801378972e+03
7.730690628078878035e+03
7.733892288946954068e+03
7.737094421662273817e+03
7.740298553652661212e+03
7.743501714239266221e+03
7.746705703031692792e+03
7.749909298052026315e+03
7.753112425497242839e+03
7.756314919288234705e+03
7.759517265062331717e+03
7.762720382356244954e+03
7.765924148419232552e+03
7.769128451891761870e+03
7.772333357293998233e+03
7.775538530881443876e+03
7.778743972319819477e+03
7.781949681275507828e+03
7.785155657415511087e+03
7.788361900407495341e+03
7.791568409919764235e+03
7.794775185621255332e+03
7.797982227181521921e+03
7.801189534270784861e+03
7.804397106559892563e+03
7.807604943720282790e+03
7.810813045424078155e+03
7.814021411343969703e+03
7.817229975055038267e+03
7.820438316153878986e+03
7.823648091136838048e+03
7.826857504034609519e+03
7.830067130783570974e+03
7.833277137152109390e+03
7.836487343472940665e+03
7.839697811413881936e+03
7.842908540653163072e+03
7.846119496747258381e+03
7.849330462516149055e+03
7.852542292952564821e+03
7.855754064179715897e+03
7.858966088410803422e+03
7.862178322780882809e+03
7.865390934780623866e+03
7.868603742895485993e+03
7.871816809439796089e+03
7.875030134097757582e+03
7.878243716554117782e+03
7.881457556494240634e+03
7.884671653604019411e+03
7.887886007569973117e+03
7.891100618079173728e+03
7.894315526655720532e+03
7.897530998872994132e+03
7.900745985745496000e+03
7.903961619309764501e+03
7.907177507861164486e+03
7.910393651090155799e+03
7.913610048687750350e+03
7.916826730656822292e+03
7.920043889328230762e+03
7.923260764610800834e+03
7.926478175940578694e+03
7.929695835221391462e+03
7.932913758781372962e+03
7.936131962855688471e+03
7.939350672615645635e+03
7.942569022946266159e+03
7.945787947357582198e+03
7.949007122775013158e+03
7.952226548896089298e+03
7.955446225418926588e+03
7.958666152042101203e+03
7.961886376884443052e+03
7.965107207369211210e+03
7.968327429507820852e+03
7.971548353529045016e+03
7.974769526151544596e+03
7.977990947077044439e+03
7.981212616007802353e+03
7.984434532646571824e+03
7.987656696696632935e+03
7.990879149995672378e+03
7.994102160023591750e+03
7.997324670354768386e+03
8.000547821092735830e+03
8.003771217765899564e+03
8.006994860080512808e+03
8.010218747743365384e+03
8.013442880461700042e+03
8.016667257943282493e+03
8.019891879896341379e+03
8.023116746029594651e+03
8.026341856052281400e+03
8.029567209674040896e+03
8.032792806605071746e+03
8.036018646556003659e+03
8.039244729237945648e+03
8.042471054362513314e+03
8.045697621641732439e+03
8.048924430788134487e+03
8.052151481514733860e+03
8.055378763097255614e+03
8.058606198483254047e+03
8.061833983559428816e+03
8.065062102296059493e+03
8.068290348837505917e+03
8.071518843043857487e+03
8.074747576834181018e+03
8.077976549925123436e+03
8.081205762033790052e+03
8.084435212877696358e+03
8.087664902174815325e+03
8.090894829643557387e+03
8.094124995002797732e+03
8.097355397971811726e+03
8.100586038270278550e+03
8.103816915618409439e+03
8.107047987361557716e+03
8.110278983911814066e+03
8.113510967168542265e+03
8.116742747536638490e+03
8.119974451778430193e+03
8.123207142131790533e+03
8.126439692116581682e+03
8.129672632045926548e+03
8.132905433020840974e+03
8.136138665567003954e+03
8.139372132112305735e+03
8.142605832381911569e+03
8.145839766101412351e+03
8.149073932996741860e+03
8.152308332794272246e+03
8.155543017185058488e+03
8.158778316147342593e+03
8.162012961599807568e+03
8.165248580460277481e+03
8.168483815765268446e+03
8.171719564802653622e+03
8.174955232610257553e+03
8.178191872771006274e+03
8.181428271413409675e+03
8.184665117400741110e+03
8.187902388963149861e+03
8.191139423541506403e+03
8.194377076345572277e+03
8.197614634770721750e+03
8.200851825075264060e+03
8.204090087746668360e+03
8.207328530562448577e+03
8.210567288094702235e+03
8.213805421903756724e+03
8.217044866234147776e+03
8.220284478678344385e+03
8.223523502554318839e+03
8.226763175207095628e+03
8.230003093931516560e+03
8.233243228475357682e+03
8.236483588939872789e+03
8.239724175061404821e+03
8.242964986576596857e+03
8.246206023222459407e+03
8.249447284736352231e+03
8.252688770855907933e+03
8.255930533515285788e+03
8.259172956378941308e+03
8.262415062594065603e+03
8.265656960930775313e+03
8.268899606051758383e+03
8.272142389643322531e+03
8.275385440684838613e+03
8.278628714245112860e+03
8.281872210064684623e+03
8.285115927884440680e+03
8.288359867445573400e+03
8.291604028489566190e+03
8.294848410758208047e+03
8.298093013993615386e+03
8.301337837938157463e+03
8.304582882334570968e+03
8.307828146925821784e+03
8.311073683726090167e+03
8.314319824678457735e+03
8.317565259302971754e+03
8.320811402109375194e+03
8.324057763829954638e+03
8.327304344209431292e+03
8.330551142992802852e+03
8.333798159925379878e+03
8.337045394752691209e+03
8.340292847220576732e+03
8.343540517075163734e+03
8.346788404062803238e+03
8.350036507930150037e+03
8.353284828424146326e+03
8.356533365291912560e+03
8.359782118280920258e+03
8.363031087138842850e+03
8.366280205006656615e+03
8.369529048322003291e+03
8.372779286407048858e+03
8.376029116222780431e+03
8.379279102391627021e+03
8.382528874412406367e+03
8.385779892334407123e+03
8.389030631403915322e+03
8.392281968860435882e+03
8.395532593183737845e+03
8.398783940796480238e+03
8.402035654088724186e+03
8.405287212025374174e+03
8.408539176696625873e+03
8.411791353481934493e+03
8.415043742132846091e+03
8.418296372175143915e+03
8.421549432584861279e+03
8.424802176798102664e+03
8.428055410431428754e+03
8.431308854691453234e+03
8.434562509331017282e+03
8.437816374103187627e+03
8.441070448761283842e+03
8.444324733058761922e+03
8.447579279044215582e+03
8.450834418823691522e+03
8.454088841325405156e+03
8.457343961719328945e+03
8.460599290523075979e+03
8.463854827491333708e+03
8.467110572378953293e+03
8.470366524940985983e+03
8.473622684932712218e+03
8.476879052109512486e+03
8.480135626227014654e+03
8.483392393040512616e+03
8.486649263328026791e+03
8.489906587782488714e+03
8.493163987222429569e+03
8.496421592383774623e+03
8.499679403023168561e+03
8.502937418897445241e+03
8.506195639763578583e+03
8.509454065378738960e+03
8.512712695500236805e+03
8.515971529885506243e+03
8.519230568292212411e+03
8.522489810478116851e+03
8.525749242192501697e+03
8.529008774163479757e+03
8.532268757291192742e+03
8.535528812174748964e+03
8.538789069628672223e+03
8.542049529411602634e+03
8.545310191282353117e+03
8.548571054999849366e+03
8.551832120323195340e+03
8.555093387011562299e+03
8.558354854824307040e+03
8.561616523520886403e+03
8.564878350786400915e+03
8.568140068982647790e+03
8.571402732510186979e+03
8.574665202339278039e+03
8.577927871851386953e+03
8.581190740806692702e+03
8.584453808965528879e+03
8.587717076088300018e+03
8.590980541935521615e+03
8.594244206267851041e+03
8.597508068845982052e+03
8.600772129430813948e+03
8.604036387783258760e+03
8.607300843664348577e+03
8.610565496835226440e+03
8.613830289656219975e+03
8.617094857086134652e+03
8.620360637699384824e+03
8.623626077642644304e+03
8.626891713682754926e+03
8.630157545581370869e+03
8.633423573100248177e+03
8.636689796001224749e+03
8.639956214046216701e+03
8.643222826997191078e+03
8.646489659696815579e+03
8.649756871303228763e+03
8.653023832906877942e+03
8.656291223103051379e+03
8.659558807016137507e+03
8.662826584408567214e+03
8.666094555042776847e+03
8.669362752604474736e+03
8.672631392449949999e+03
8.675899624021354612e+03
8.679168365248262489e+03
8.682437298529999680e+03
8.685706423629335404e+03
8.688975740309058892e+03
8.692245248332050323e+03
8.695514976968050178e+03
8.698785113506575726e+03
8.702054904116132093e+03
8.705325031095402665e+03
8.708595394960611884e+03
8.711866301402511453e+03
8.715137142191138992e+03
8.718408172427063619e+03
8.721679391873463828e+03
8.724950800293467182e+03
8.728222397450264907e+03
8.731494183107042772e+03
8.734766157027021109e+03
8.738038318973411151e+03
8.741310668709433230e+03
8.744583205998349513e+03
8.747855930603396700e+03
8.751128842287840598e+03
8.754401940814917907e+03
8.757675225947878062e+03
8.760948697449986867e+03
8.764222355084475566e+03
8.767496198614586319e+03
8.770770219007052219e+03
8.774044360120216879e+03
8.777318842210941511e+03
8.780593426955736504e+03
8.783868196412184261e+03
8.787143150343446905e+03
8.790418288512631989e+03
8.793693610682863437e+03
8.796969116617225154e+03
8.800244785713364763e+03
8.803520488305088293e+03
8.806796734635479879e+03
8.810072973256586920e+03
8.813349374114479360e+03
8.816625807689712019e+03
8.819902783645908130e+03
8.823179751160487285e+03
8.826456900305405725e+03
8.829734230843399928e+03
8.833011742537115424e+03
8.836289435149159544e+03
8.839567308442055946e+03
8.842845362178351934e+03
8.846123596120458387e+03
8.849402010030740712e+03
8.852680603671533390e+03
8.855959376805079955e+03
8.859238329193551181e+03
8.862517419733716451e+03
8.865796388474142077e+03
8.869076218679034355e+03
8.872355592412908663e+03
8.875636192505386134e+03
8.878915543408380472e+03
8.882195995059499182e+03
8.885476409996670554e+03
8.888757274776215127e+03
8.892037659728182916e+03
8.895318568203854738e+03
8.898599653074681555e+03
8.901880914101788221e+03
8.905162351046194090e+03
8.908443963668823926e+03
8.911725751730518823e+03
8.915007714991985267e+03
8.918289853213856986e+03
8.921572166156614912e+03
8.924854653580690865e+03
8.928137315246345679e+03
8.931420150913787438e+03
8.934703160343036870e+03
8.937986343294051039e+03
8.941269699526648765e+03
8.944553228800534271e+03
8.947836930875269900e+03
8.951120805510312493e+03
8.954404852464962460e+03
8.957689071498423800e+03
8.960973462369740446e+03
8.964258024837836274e+03
8.967542758661476910e+03
8.970827663599333391e+03
8.974112739409878486e+03
8.977397985851463091e+03
8.980683402682321685e+03
8.983969039944899123e+03
8.987255216971880145e+03
8.990540671255941561e+03
8.993826751896156566e+03
8.997113034202338895e+03
