1.016200972036491024e+01
-8.369554188805055972e+00
2.431169023631851900e+01
4.416648304374721334e+00
1.620865097163848390e+01
2.133347962360217309e+01
-4.178583961790378609e-01
-1.696320550383182635e+00
1.042135644641077263e+01
2.147950496681463051e+01
6.547306963300426830e+00
8.213703977455294236e+00
1.187832968134770617e+01
5.839192638369119059e+00
3.521597015961797439e+01
1.376869688549123794e+01
7.455248392181576200e+00
1.363422960577999454e+01
1.572029113273560208e+00
4.555117265353972655e+00
1.626687220638655162e+01
1.909401145197463512e+00
-1.672248918511059301e+01
1.624578780281839485e+01
1.510045742210099462e+01
-1.273037379471569253e+01
-2.347858800320531625e+00
1.892528668762981070e+01
-6.301333850928926950e+00
-8.430592681092871743e+00
-1.164622847026929797e+01
-1.140723459757966518e+00
2.940281960676098549e+01
2.896778870121501726e+01
5.520771276800754634e+00
-1.181014742339067602e+01
1.813350557704534083e+01
2.453173428438319448e+01
-7.102025479611730141e+00
1.273142778913413053e+01
1.859397682480553016e+01
-2.651807236764138764e+00
7.557052946195968346e+00
-1.611261498669378511e+01
1.856648094058444443e+01
8.861331090248647513e+00
2.966870634721057343e+01
6.126319450276681344e+00
1.771753857393132492e+01
2.892443027011019296e+01
4.402158706357299423e+01
3.100892906500542878e+01
2.595014195178649619e+00
-2.367157353512494566e+00
2.030656639180533674e+01
3.337108940784587752e+00
2.698842023235800269e+01
-1.070363304831853313e+01
2.481737748383443076e+00
2.524007293651458639e+01
2.454822218640113007e+01
3.495393440500259175e+01
2.315792675829612079e+01
2.762529332070421617e+01
-1.306200773781569069e+01
9.452798109800211179e+00
9.491580536422004499e+00
1.251017961967504100e+01
-2.214457853899438167e+00
-6.266559444381812227e+00
1.033926728902666881e+01
2.000274908724399836e+01
-1.484162454939855458e+01
1.904383120290066245e+01
-2.400231995517162176e+01
-7.988363038619769263e+00
3.617016867761102361e+01
1.741011391731149160e+01
1.987855945480965403e+01
-8.214561319028129915e+00
6.032065177157507341e-01
2.407726909866925169e+01
2.277418538521962432e+01
6.092039967389583310e+00
-4.178161130615291263e+00
1.388991581199858949e+01
1.932663833739612969e+01
-5.821829858521415879e+00
-1.487285375009345545e+00
1.160964052440747984e+01
5.666979515132224421e-01
1.111327596415073060e+01
7.867300781046703939e+00
5.478041521586430207e+00
2.512995967473683478e+01
2.046663679017010296e+01
-4.448364641902381678e+00
1.409422855869916980e+01
6.677569264715344843e+00
3.274400514748482038e+00
-3.237616217954347775e+01
1.730067673094909608e+01
1.989344574547296673e+01
-1.528058997504150973e+01
2.562521753514281286e+01
5.682147880162306208e+00
6.748136317886794799e+00
2.533818434093298677e+01
1.153664714234824551e+01
-3.649742585031855668e+00
-2.597390674581864456e+00
6.860358994961513801e+00
3.012922826000985044e+00
2.027690579559433104e+01
1.321708059564922344e+01
1.999561189060585065e+01
5.397852011998479860e+00
6.516626679884605977e+00
1.790325469261693669e+01
-9.631301054418252017e-01
3.280993380160671080e+01
7.660840198713448679e+00
5.995469051851504361e+00
2.433945585585793836e+01
1.403615602211300484e+01
1.000689238957682647e+01
7.698528091387756511e+00
2.131232122632845716e+01
3.898373397096148274e+00
1.787738657491606276e+01
2.270576141386816360e+01
9.040648268955710165e+00
1.947104103764418426e+01
1.764478035148832546e+01
1.843928947887526348e+01
1.461924416198897880e+01
1.134486800839918175e+01
-3.716207962763507400e+00
1.738609404146032844e+01
1.404856193697047217e+01
1.437659230222516982e+01
1.084191663465484234e+00
2.055134773828511285e+01
-2.279147028980970990e+00
9.708741920008138848e+00
5.110011638184824179e+00
9.507750926289434190e+00
4.235425290983654278e+00
7.216847890196437909e+00
1.061437824169580857e+01
6.885362134381739274e+00
1.477170616144244342e+01
1.729104871604342364e+01
1.722591121619884191e+01
3.454573102711547605e+00
1.193221195674565216e+01
1.263957193824549741e+01
1.091312756804216910e+00
-1.088918189124872926e+00
1.422908012414357337e+01
7.507112337724554330e+00
1.835417748816411887e+01
5.549618244560076796e+00
1.192224296396179817e+01
1.053267941209680281e+01
2.235426113083350153e+00
6.550794154528764679e+00
7.119044972647269987e+00
5.218902005798518040e+00
2.502618697661290081e+00
-8.485200280048957877e-01
1.002831264382782095e+01
1.073572410995977577e+01
1.394190698166227271e+01
1.972450360367725253e+01
8.383275959185371162e-01
9.127803591557432483e+00
1.199932771795429254e+01
-6.134131972110017372e+00
-4.071286353640117817e+00
2.807624222545525328e+01
4.028566342730805161e+00
-1.739612647615529584e+00
2.420023162201415090e+01
2.001123125355188748e+01
-5.682685988574731617e+00
2.027221477668292415e+00
4.629720081137461918e+00
2.033033442198928498e+01
1.607453361112549217e+01
5.196865322040160606e+00
1.037594197799615792e+01
3.926471439238463201e+00
8.863311221905657789e+00
8.737881495332777249e+00
6.704355667159229704e+00
2.147150035074782792e+01
2.564843986442302182e+01
2.097052951377113317e+01
1.518048857821679753e+01
6.239072121881111599e+00
9.088349727892916619e+00
9.953905128887807763e+00
5.744724925161799334e+00
2.111834315008890783e+01
1.306206946113197453e+01
7.983458400050813530e+00
-3.548536163595173321e+00
1.369391487983040534e+01
1.040549396861349507e+01
5.754045242043414277e+00
2.460157806351222121e+01
9.370016712953805893e+00
5.625979533429286583e+00
1.438001335494741895e+01
-1.730617024036316121e+00
-2.472181998183616836e-01
5.618773898797114974e+00
1.499206999662824913e+01
1.556419931956550329e+01
9.563462327383215111e+00
1.100349699749061827e+01
1.570262126982878392e+01
2.095534207514534453e-01
6.271236640389085792e+00
3.501992879641774969e+00
2.197544773921340422e+01
1.596422018697586864e+01
1.969926783319137442e+01
2.006328352684139205e+01
5.818532989610930350e+00
3.727046640065179162e+00
9.296257905098160634e+00
1.632373652834415978e+01
3.057309311727808510e+00
1.142966322888617547e+01
1.480098751589593142e+01
-1.870505757685125836e+00
7.541009599558015530e+00
8.576138803912323638e+00
1.650355909018722977e+00
9.407505426340870613e+00
9.453149226344493172e+00
7.633546891098621501e+00
1.282180948409046906e+01
8.450844657127094095e+00
1.392905842541881434e+01
9.619730671062429295e+00
8.591338884596250836e+00
1.121075832820266704e+01
1.748919265223874575e+01
3.419918962685077890e+00
1.507132722367993694e+01
1.862709234001411929e+01
6.624647865228098453e+00
9.431948757437677244e+00
7.784724440216628238e+00
8.919052105452923485e+00
3.947761174495123981e+00
1.007617456811405532e+01
9.315834941395627344e-02
1.293828989888661951e+01
1.181184192716912129e+01
4.068472649620294312e+00
9.031535362014595947e+00
1.208430017942335333e+01
1.537687527172885638e+01
1.458026485310788267e+01
7.612441993683998653e+00
1.359969706326353034e+01
1.780110278168960747e+01
1.337351238953503518e+01
3.275044578999050771e+01
1.490508364574781730e+01
8.170000917349977243e+00
9.270851212322718027e+00
1.762933963973678075e+01
2.434299676276378666e+00
9.838600763246976300e+00
2.031142597881489209e+01
-8.768959405334756596e+00
1.085108992073924083e+00
1.364170180437814928e+01
1.106850412634728542e+01
2.224791189727974583e+01
2.353629975931321638e+01
3.330383884157989804e+00
1.203063888806647341e+01
1.251626751878329280e+01
-8.708698360869318034e-01
1.416059473827883330e+01
8.459669097811305605e+00
4.961004381211124858e+00
1.067793806139842339e+01
1.146877760151542880e+01
5.054172043264020253e+00
-1.232901660544590605e+00
2.907833088531241117e+00
-4.738333906040742782e+00
4.663714764138943814e+00
1.157676616612209131e+01
6.585476403174734372e+00
2.636453556155217726e+01
1.370107414230167819e+01
1.309017330522375744e+01
5.533537645091573864e+00
1.980442123085060757e+01
3.224829206357943345e+00
8.865950664423406735e+00
1.597925159434788434e+01
9.912390741968238217e+00
7.154974902570390149e+00
2.234182887358132064e+01
4.650263901301649128e+00
1.034597869378568902e+01
9.267760993227657451e+00
7.948249629293543173e+00
-9.952645587514665770e-01
1.640143086660826555e+01
4.930609710923628874e+00
6.524307632075189822e+00
1.310212998449896205e+01
1.617451744549973824e+01
-2.158422683699451117e+00
1.240420241143466384e+01
1.216009389172176647e+01
1.017451880213035409e+01
5.826876025939333736e+00
1.418854692883178714e+01
1.043708436049319310e+01
1.913363582415481190e+01
6.587005378513834053e+00
4.355931267555641639e+00
5.620105026131435588e-01
2.306753538312236174e+01
1.114667687052344647e+01
5.787903469990042460e+00
1.267431681132306664e+01
-5.332238328676990324e-01
9.481707816010294110e+00
1.186719606006103866e+01
3.151610540087140144e+00
7.924880143114986453e+00
1.669620420372505265e+01
5.570360035491042972e+00
1.163823563396990401e+01
1.353733030433444995e+01
2.841063174261801549e+01
1.278329805087358828e+01
1.001364310498419563e+01
1.384556915212927741e+01
9.035687739435303456e+00
1.248668416065083697e+01
1.371854778648354234e+01
6.322317957489473894e-01
2.116768234139589211e+01
3.988478203117715726e+00
-2.233308835738791132e+00
1.878738990595851277e+01
1.128670854373151755e+01
2.797556844319974978e+00
4.230559421106559803e+00
1.203516443827049542e+01
9.222320311269589510e+00
9.651201720839470255e+00
6.013723706795804702e+00
1.185761286701612960e+01
1.279060433592955093e+01
1.924999769333600597e+01
1.492850281528456691e+01
1.290146145408817802e+01
-3.425322541535812948e-01
6.414423942361911379e+00
8.416706857041088341e+00
1.279418203836796764e+01
2.128326885792979084e+01
1.516690895283253759e+01
2.672847477272485150e+01
1.273016862143961880e+01
1.771064532298671068e+01
2.592938782473354564e+01
1.972820594563502894e+01
1.200621509525625186e+01
1.388406406699873363e+00
2.977702358786713521e+00
3.164872124380218033e+00
3.089343874637751064e+00
1.161241575375862922e+01
-3.556105139964552131e-01
1.115397055279285787e+01
8.600313081870332610e+00
8.900621352398511377e+00
1.607937271376538746e+01
4.159915660690900019e+00
9.334827398064057036e+00
9.948931344061005433e+00
1.316858069985105217e+01
1.710965188899496425e+01
1.864199463578201232e+01
1.003790146262460681e+01
1.943059373340287621e+01
1.712573910539506983e+01
7.842235039626078041e+00
-3.047927260173446395e+00
2.627886911295669314e+00
9.957908638756368447e+00
5.091376688782842663e+00
1.186500806217148529e+01
1.437284579897054293e+01
2.135371978951336303e+01
3.021451698107655126e+00
7.877082299053881798e+00
-1.862019470120240605e+00
3.404053836535533950e+00
-2.028374611099474367e-01
7.432138936444397714e+00
9.469719908765197758e+00
1.207202311370683212e+01
1.168994829540385894e+01
1.387783139248525544e+01
1.154049333965006241e+01
1.876778425098152070e+01
-8.446564961307249320e+00
1.180309738269068909e+01
1.870964126089833712e+01
2.143497215371133535e+01
-4.642668622104440423e+00
5.699611980560868929e+00
-1.058268046888501956e+01
8.852014177488090496e+00
1.743835202148017238e+00
2.708968990547787392e+00
1.575241195396852234e+01
2.677093481345444559e+01
3.030851509808035615e+01
1.442256927253250076e+01
1.985143279351975565e+01
2.523147808507287948e+01
1.766984062366713459e+01
9.832873823867938512e+00
1.552911382398083617e+01
1.693058466512013993e+01
3.952135917531700127e+00
2.123781665387073048e+01
2.253184578477923239e+01
6.428448354566106637e+00
1.477667502270239730e+01
7.021700046035703302e+00
1.051961748410221986e+01
1.239725687374074248e+01
1.792676517210087184e+01
1.520559270246250883e+01
1.780193032908724504e+01
6.060422265756593596e+00
2.904284802359657913e+00
2.594012519834933084e+00
1.125053060011976491e+01
1.651780456112489404e+01
2.130785770963894876e+01
1.473483055440704881e+01
7.636240382803181959e+00
5.282333969133389928e+00
8.221887807268251080e+00
5.677971926238141620e+00
1.628265256196139177e+01
9.116643391373907335e+00
7.987439693637197635e+00
1.769499026935211461e+01
6.345197301024514402e+00
4.918402394489821639e+00
1.469712865226397014e+01
9.177754350324267563e+00
9.037871686772017910e+00
1.622327120370708187e+01
1.433791243128654536e+01
1.491771041052454017e+01
8.277445945562291740e+00
8.360324487956457773e+00
5.527532039309870360e-01
4.833788088449951559e+00
2.385310047747118034e+01
2.179946727398386486e+01
1.407477925989810430e+01
8.751521280460654140e+00
9.323656620451803434e+00
3.945709112922564099e+00
2.206860484498680997e+00
1.254022256582654293e+01
6.459763473005018852e+00
5.329317783532378172e+00
5.047828428264067746e+00
1.250856877837738068e+01
1.266077036078101870e+01
2.522502551637863633e+01
9.190711450986695397e+00
6.247617800436485735e-01
6.627724399605423145e+00
6.244090466715300991e+00
9.345294467239444458e+00
2.008162713799500310e+01
1.221983474178929541e+01
1.075012103454989365e+01
1.200392315782966257e+01
1.383857655698838762e+01
1.704942401766210835e+01
2.954428168074959782e+00
1.545313208360978052e+01
1.040526797415407323e+01
1.450377474588421478e+01
4.653525163427167932e+00
7.959433824826771975e+00
1.786543144197517696e+00
1.301814685451027032e+01
3.495849110616137345e+00
1.151814210041919573e+01
1.757023589547803155e+01
1.686300525322422317e+01
1.744023026178659341e+00
1.196056589431802841e+01
4.676219578784013287e+00
1.532476926136360085e+01
4.722119278471461179e+00
1.438870345120370331e+01
9.099344893028471049e+00
1.755696974740964578e+01
1.019485686451217177e+01
4.797605009984994950e+00
1.690477907358691567e+01
1.407985980803258741e+01
1.504206449874165763e+01
2.199545578773765087e+01
8.496326139275591771e+00
-4.149767234235592461e+00
-2.116860344895631130e+00
9.426757183337867829e+00
3.150823704657431179e+01
1.737430434243066557e+01
2.072902255683393946e+01
1.922940176774205057e+01
1.193153080799323718e+01
6.932468589649044333e+00
-1.825070715196230875e+00
1.252689860031211389e+01
1.171952480397941621e+01
2.583144731415752204e+01
1.799563596227647366e+01
3.195861164279413558e+01
-2.029420150188470551e+00
1.343841253946303205e+01
1.037800011985152615e+01
1.403552210384992094e+01
9.577203564311373540e+00
9.313776195921107615e+00
9.475135316117324180e+00
1.014160150562564056e+01
1.923382584283405805e+01
1.315128725810311927e+01
5.570079308199951562e+00
5.024220097340430513e+00
2.024172929568937462e+01
1.947958048304263912e+01
1.190027153789121783e+01
1.285168530535545450e+01
1.161142004380726966e+01
1.216663765793362018e+01
4.391119793871413712e+00
9.420241798805827571e+00
4.166812969732431426e+00
1.057433809181967810e+01
6.759178015152158991e+00
8.699440550449770271e+00
1.157163042218724947e+01
1.615961033862253160e+01
6.035912178750257873e+00
1.064336076241505680e+01
9.219861300767874468e+00
8.402304475330414135e+00
1.096205201914368876e+00
2.369397392257217572e+00
1.510789382637248757e+01
3.001276460487214237e+01
1.787672250972773824e+01
1.363026413960590233e+01
1.534187417961098632e+01
1.777652907341413879e+01
-4.385961027508265886e+00
-6.819054892381822830e-01
1.573080326664101847e+01
1.755594690265774460e+01
1.389784462534697873e+01
1.278881811602221674e+01
8.319883668284710154e+00
7.566756164648200667e-01
1.511659474704124406e+01
1.305864994988981387e+01
8.294458009636340279e+00
1.639652385423046610e+01
2.560422691123449823e+01
2.017264472776214035e+01
1.519432520620984839e+01
2.583154070329540630e+01
1.007866394384940101e+01
1.519752450741737881e+01
5.944364078868524359e+00
7.695581301708322997e+00
2.163789697430907921e+01
1.188357030924392888e+01
8.319071791174890151e+00
7.624155681662962536e+00
5.596765384747797167e-01
-3.437505593697728568e+00
7.792769398702660055e+00
1.290328166014954547e+01
2.214434117228318399e+01
2.419540770464646329e+01
6.076767940246444510e+00
2.919657178746518866e+01
1.983255613763671477e+01
2.311573280741090386e+01
-1.463394853188567879e+00
1.123618344108953337e+01
2.039062716935952224e+01
7.273020447665388133e+00
7.361459413528951501e+00
9.099068661931145385e+00
6.676940545639024727e+00
3.167253130312754905e+00
2.221183278053700860e+01
2.323252222995603589e+01
1.335941257875065169e+01
-2.423396600690974179e+00
5.279128227164776810e+00
1.207352762858143258e+01
1.012618471623351724e+00
2.280802141213263567e+01
6.674006391343232814e+00
1.403918394411341275e+01
-1.414719990365599589e+00
2.381822499108342583e+01
1.222994119827896409e+00
6.378224736709810827e+00
2.816568502885619552e+00
2.517051743665187402e+01
2.011513538502747522e+01
1.435359025792682530e+01
1.371776845382470578e+00
1.137095718153401691e+01
1.720169619889690438e+01
1.467052309202604476e+01
1.526389695622543918e+01
2.340815275871543122e+01
1.341398845732857481e+01
2.288947461652403348e+01
7.890149709277084256e+00
6.384455222893454795e+00
1.862448285555577598e+01
1.554940897278800271e+01
2.170327851366822358e+01
2.259962338122372216e+01
1.491492569419239800e+01
5.490357033659040376e+00
1.027198099780543572e+01
1.458878331540022266e+01
1.274268386253586982e+01
4.145663622017798922e+00
2.433761279197322835e+01
1.665522529700995946e+01
1.326521562053902592e+01
1.410252881929432789e+01
3.238361718682931212e+00
8.756684255420623231e+00
6.682736464063586901e+00
1.119466408462574591e+01
1.389979841576893804e+01
5.099366715581244769e+00
9.819733464907404397e+00
3.766551524797708161e+00
-3.301988732458768089e-02
1.351050039025142979e+00
1.056490673856136731e+01
2.442005261789337212e+01
2.291632624463818502e+01
1.135123043304363755e+01
7.110580733532652076e+00
1.470438234553140511e+01
1.424492852228893991e+00
2.297149203983296317e+01
2.105110849888972524e+01
1.268542837154747005e+01
1.113574544640705888e+01
1.136784381957495960e+01
1.515644974628945008e+01
9.079137859494633034e+00
1.734230655947710886e+01
4.402132963278274858e+00
1.108538744906115525e+01
9.549609373652314659e+00
8.780666464264465176e+00
5.155539336967614794e+00
1.474051822103189124e+01
7.637164650357878060e+00
6.398215174218417012e+00
1.106506573984607478e+01
1.657715939000589778e+00
2.626633148409485230e+01
1.799051170487383189e+01
5.834144111203364069e+00
3.352360198717438777e+01
1.790354460500727107e+00
-3.080745766332773972e+00
1.985164659984677726e+01
1.745472982009243879e+01
5.456965212272544719e+00
1.456656269904399359e+01
2.229496156728822243e+01
1.412667086021963847e+01
2.927186314266464962e+01
1.063159130391736795e+01
2.008774288614833026e+01
1.598277840858753152e+01
1.948900419321427080e+01
8.318331861806624872e-01
-1.737294594340477838e+00
7.622638013463414630e+00
9.385324852774514781e+00
6.007752663619033484e+00
1.437100324391310968e+00
2.725011270703785016e+01
3.403637482163382799e+00
2.918885722352059275e+01
2.087381440247776254e+01
6.754727395269105372e+00
1.494698683184862276e+01
1.121577812427909038e+01
1.746954980943193547e+01
9.321935347265242200e+00
1.312242778038850233e+01
2.209405335023443229e+01
9.349218269571981210e+00
1.395307918418891013e+01
1.252282529239815867e+00
2.328200008671091581e+01
2.255188645437690198e+01
1.914163349500662648e+01
2.492212167425532954e+01
2.812567840789073959e+00
2.281301493941059988e+01
1.247800950139721543e+01
1.307462927532351316e+01
7.655109785021245727e+00
2.207620999802902872e+01
2.255109178192748587e+01
2.176897404563830563e+01
2.529430206574044959e+01
3.341158284495814002e+01
1.138109742953044190e+01
9.448972518209515670e+00
1.489437963169699763e+01
9.321356733200532929e+00
4.349843389959776374e+00
2.019969200843036550e+00
3.592890726283181735e+00
1.957634554717432707e+01
2.009204829140835713e+01
2.745654606644369267e+01
2.144731522754512554e+01
4.487442329291690157e+01
7.051913585450769517e+01
6.150962664388267598e+01
3.094269351273887736e+01
2.024815093189169701e+01
5.881140010824243980e+00
9.920244721118795184e+00
2.785234727136349786e+00
2.665918195187401096e+01
1.978203891811688209e+01
3.217236665845558719e+01
6.791783457539205315e+00
2.930230788080373117e+01
5.672950252041058405e+00
1.759543704364299188e+01
2.965052293339980238e+01
1.043600784248619462e+01
1.099724164133539084e+01
1.912784372868296501e+01
1.852392434192573845e+01
9.639541976659973699e+00
1.055240237019159899e+01
1.949255090123416423e+01
6.842064523281281119e+00
2.141301990581830594e+01
1.270464645433860973e+01
1.121498220552685154e+01
1.379241148028269137e+01
-2.780194292764299330e-02
2.065968170537431803e+01
1.812003908830073939e+01
8.086730504309448619e+00
1.236266677929402924e+01
1.408213440876661338e+01
1.203561448336248141e+01
1.310650787633336556e+01
1.194339244599238192e+01
1.423807218766948957e+01
4.394263987003286687e+00
1.448759487035845517e+01
-8.323197656180364445e-02
1.322556366598399968e+01
1.745843988003584712e+01
1.773332014105419630e+00
7.370372177162394678e+00
1.095118415797108113e+01
1.872535554175831507e+01
1.698229749948678347e+01
7.710673939042360203e+00
8.811043906395642722e+00
1.282849472608528174e+01
1.686075957102518430e+01
2.068086591646325445e+01
1.187169722941383476e+01
2.429837805140492435e+01
1.738933703499341377e+01
-3.727309375528722324e+00
2.604631672418766541e+01
1.186533972208852106e+01
1.869471212719523834e+01
2.377883015558121116e+01
2.140567106218786364e+01
9.755214369770206062e+00
2.300188710085749833e+01
3.231132464543488680e+01
1.847737659272237210e+01
1.872854280959963802e+01
2.459475602414716988e+01
1.801752048636287284e+01
7.019250584886892241e+00
2.666642646083764134e+01
-6.088174092774285562e+00
1.070654763004865728e+01
-1.711687613035200783e+00
1.502029588733084964e+01
1.896126169502167258e+01
2.001218646608027285e+01
6.832908969603560756e+00
7.403568019826903601e+00
2.130808684591375624e+01
1.375388013410327837e+01
5.492995560694656554e+00
1.376610565494929617e+01
2.218338906207240502e+00
1.530422274341654898e+01
8.971275280825713239e+00
1.321748747395355750e+01
2.264821748289282866e+01
-1.018303720222442799e+01
2.422426257009352568e+01
-1.735044146549718747e+01
2.928790950517604408e+00
3.394980264320432184e+01
-1.402459756925007994e+01
2.138225344101386938e+01
1.737139336238501741e+01
1.023563918409111650e+01
1.836711609814739532e+01
1.880021182704836136e+01
-3.338379766938822102e-01
2.861048823540968655e+01
3.569984607500528284e+01
1.697011535892596257e+01
2.104447150851741810e+01
5.272323667600418595e+00
9.396042851562544485e+00
9.883653536127397388e+00
1.496420004651163360e+01
8.419055726004526008e+00
2.307071725716241772e+01
-1.873308252739805013e+01
-9.131419897239092975e+00
5.527153983018322947e+01
1.409950135592209719e+01
3.131245537384786815e+01
2.298775096445876898e+01
2.351522140606592615e+01
2.519169771029566363e+01
1.269972571608207090e+01
1.916144140295277865e+01
8.742091748272560192e-01
1.812816583539571980e+01
4.381880375930282234e+00
-3.575169818741398498e+00
8.033181175404129348e+00
3.493313332350499678e+01
8.401881787488811870e-01
1.898011631305111990e+01
-1.699637008557811058e+01
-1.868352493975744544e+00
1.627751075509469914e+01
1.078730488792990272e+01
6.089729420031012808e+00
8.934770232204568785e+00
3.105240685592491445e+00
2.242987501248505922e+01
1.716631438273268273e+01
-5.488961839917226193e+00
1.873143954108358145e+01
5.101821600369604681e+01
1.622893462236448769e+01
1.397227119176469579e+01
7.060289931217763382e+00
2.206682980100996261e+01
3.413583844797941858e+00
9.312587677843451317e+00
5.584966900803030931e+00
6.201135355748403910e+00
-7.265014131473675196e-02
1.122416032508043138e+01
1.123051894905706405e+01
1.148777671839054548e+01
1.060344960152016291e+01
9.069716097771214791e+00
2.566908385792284975e+01
1.458840139560626703e+01
1.187890470078284189e+01
1.928242331731850001e+01
1.800363912217435214e+01
-6.790857757389125560e+00
1.705021102528747434e+01
8.340002468946838832e+00
