4.152951485194558146e+00
3.293170867627812193e+00
2.549848667721824391e+00
2.466116712440165060e+00
8.629670573656393895e-01
1.377433371794121175e+00
3.329215377997049696e+00
5.187621931322100366e+00
3.321254186248576712e+00
1.400822480182197793e+00
2.167726648347721330e+00
3.356222913320463519e+00
2.542955998025932640e+00
3.229222386259599453e+00
5.216431468598639931e+00
8.641104693217961374e-01
2.496943685739926977e+00
4.503949747775509493e+00
2.218580230305245315e+00
4.877541173203319147e+00
3.939992188690952801e+00
3.479439904487210189e+00
4.430151939152198182e+00
3.581057377873582581e+00
8.157504106161294288e+00
1.051221906090420788e+01
6.265999690284725254e+00
1.652490786159780844e+00
2.405356185853038120e+00
2.373944784193910973e+00
2.182024657432643178e+00
-1.629855632104771357e-01
2.170961580930590884e+00
4.048388296377922302e+00
9.044806793776167808e-01
2.186975513188536890e+00
2.069628159013713109e+00
2.972756456053346152e+00
4.077717185445413617e-01
3.105633394123324287e+00
4.584819260490487380e+00
2.578063282716883453e+00
4.557851830216714362e+00
2.168846990267760511e+00
4.189235792582087226e-01
8.942272103455971566e-01
3.303912518646485719e+00
2.224520476244762790e+00
2.122998911197487182e+00
3.153837021268165230e+00
1.375968877804306656e+00
3.534237393968595153e+00
1.980660032286753802e+00
2.337947012917885647e+00
2.140625097580304725e+00
3.678645658391999973e+00
2.569157383393105398e+00
2.468159699068907198e+00
2.389012993713393929e+00
2.329926221515247864e+00
2.316689142839010618e+00
3.013681441191646826e+00
5.345650216865110771e+00
2.562586970624555871e+00
3.604414693513131596e+00
3.571042397078461494e+00
2.647506722258655021e+00
3.069343835451347591e+00
2.040858061488394881e+00
2.861768832962959586e+00
1.741807433648722592e+00
1.659683131162702718e+00
4.754177121014317997e+00
3.283842507823846457e+00
3.585011816522427619e+00
3.801181137790414777e+00
1.512181191301711580e+00
2.652068620564131507e+00
2.450252927866576336e+00
1.351562764177673737e+00
2.581340982751019197e+00
2.380270173691991786e+00
1.905986727288885962e+00
3.689311896313016259e+00
2.921516613902412018e+00
4.078342675156975794e+00
3.421474497281449700e+00
3.465794658345064949e+00
3.683326305270266943e+00
2.791554044904352772e+00
-1.276970773105001955e+00
3.836712873759683173e+00
3.863156297034141318e+00
6.408554088047435648e+00
-8.826735804307648259e-01
1.484158362195383329e+00
2.868408319967845621e+00
2.364815891429747463e+00
2.877042513683699898e+00
1.255647159190630635e+00
1.393620124152876949e+00
4.527845234406668418e+00
3.327315182315327746e+00
5.844097011153916554e+00
1.558584447525465988e+00
2.708478473946777765e+00
3.775429606749617584e+00
1.272409284778343252e+00
2.893647834083404202e+00
3.715797853493123082e+00
3.610387728671079266e+00
5.376992795017875970e+00
3.994638139445825242e+00
3.716228092938836269e+00
1.993955219277968594e+00
3.559055305053016038e+00
3.149992184643353621e+00
1.808188631802446267e+00
1.521131901609927839e+00
4.658843252173577199e+00
2.126888029632669763e+00
2.426899023108296749e+00
2.784761617816682300e+00
1.595842309714684770e+00
9.311713523226080591e-01
2.576979597853051640e+00
2.746840609348879081e+00
3.464387773969323625e+00
2.795942687646612690e+00
2.305067767997745598e+00
3.840031388661643508e+00
2.833179170967260241e+00
1.161678433747169281e+00
1.749565647459672801e+00
3.197953390443809329e+00
3.751136308557354138e+00
2.549429923658723229e+00
3.072924708699757979e+00
3.406265478577695571e+00
2.462893488297210443e+00
2.851324282228888229e+00
1.956932635596324799e+00
1.267007394526955544e+00
2.366703893249895163e+00
2.580254892594794569e+00
2.331417893619531778e+00
2.001391826064311097e+00
2.784477924320648334e+00
3.683028491164568763e+00
2.061472994612568943e+00
4.059906784596820195e+00
1.873266898767728117e+00
3.248504406676656853e+00
2.350898861244457461e+00
4.068878104737409629e+00
2.090657914786135052e+00
3.101017550114063770e+00
4.033030629085581076e+00
3.240946465158069945e+00
2.841453625496557667e+00
3.370280296528200381e+00
2.853796662624469516e+00
3.625279086669467521e+00
2.454915553324142685e+00
4.685914946151302551e+00
2.318743640686173890e+00
3.237518054146823143e+00
3.286145129270363618e+00
3.758811074022688548e+00
3.019470501902165038e-01
2.500050160709387459e+00
1.606071264592494163e+00
2.474512977640857869e+00
2.164374272886769646e+00
2.285613142270359166e+00
2.973107153797164948e+00
1.314097285460496867e+00
4.734003657130449128e+00
4.472993634130300045e+00
2.578753466935729044e+00
1.829951289067852871e+00
2.676094145671549462e+00
3.832966772871246874e+00
3.145322098308002801e+00
2.395872122954892713e+00
3.071872309384734656e+00
4.982636629812433604e+00
2.845580958758739509e+00
1.445865201968136171e+00
4.703650015945763485e+00
3.812878604384204589e-02
1.560372909796334806e+00
1.898436396893131928e+00
2.911616291879961516e+00
2.734105884633299510e+00
2.392733991812115324e+00
3.736575503235176399e+00
3.478487656468047362e+00
2.059018098200403823e+00
3.037732148501070650e+00
3.633450272092367150e+00
3.791424776102600536e+00
1.823938501043232963e+00
4.346844310361670516e+00
3.676553585091838272e+00
2.393500872697060800e+00
4.659758746377801408e+00
2.211166440045939208e+00
3.448566869361556542e+00
2.058032937660389194e+00
4.179986156626856797e+00
3.448789621432279962e+00
2.612673124264865088e+00
2.819037148186401609e+00
3.673421130903451903e+00
3.188045364201093967e+00
1.720822237140425592e+00
2.477329180873670822e+00
4.015960592537283880e+00
2.581326234718030577e+00
3.418912238449207663e+00
2.408686028143411928e+00
2.447045583543010494e+00
2.089855051116635831e+00
2.871836070441829758e+00
3.261896561321662169e+00
1.476623330931545741e+00
3.529453020793491547e+00
4.434162183074412233e+00
1.796415536106342969e+00
3.658849851678442011e+00
2.786252431764087767e+00
3.230325743910109182e+00
2.523448768842758039e+00
2.412244897061968540e+00
2.598528662430879432e+00
2.075456917287032521e+00
3.865541645868387111e+00
2.096123398006344285e+00
3.179223692165865867e+00
3.647234472975269703e+00
2.333915731490934231e+00
2.602039899088639086e+00
2.605777388887593027e+00
3.719298936390434296e+00
1.712357620323658569e+00
2.155649263270854377e+00
2.624501969662389911e+00
2.708995162285064318e+00
1.356834612802624740e+00
1.864045963465252642e+00
2.880138044212996906e+00
3.028933667008156139e+00
1.484230188142167783e+00
3.139130789316526116e+00
9.961453221774587696e-01
4.299956285962879932e+00
3.614931537964462205e+00
3.355755479283553111e+00
3.500349679308694562e+00
3.923493938656728908e+00
3.650147912492445634e+00
2.141261829763890567e+00
2.604307975235354178e+00
2.598540433237304104e+00
5.502401576636057889e+00
2.950581157526973364e+00
3.757385403098909560e+00
3.795100193682587886e+00
1.927279820653615916e+00
2.002110716075167218e+00
2.994656530296013308e+00
2.649650924979937816e+00
2.657413858755423242e+00
2.923548553142384598e+00
3.076157857855449596e+00
3.704901968173678117e+00
2.913493060174149107e+00
2.726830559172243262e+00
1.654736128771599812e+00
3.197397059579105250e+00
2.835479428900202770e+00
3.376633301894016448e+00
4.796421716490939069e+00
1.422131246065380994e+00
2.693129876832820013e+00
7.682360693901432169e-01
3.012200645383964925e+00
1.831124567734617514e+00
2.512707281499786838e+00
-1.056436691364548847e-01
3.436655516415745737e+00
1.245944965112681935e+00
3.544084105462708134e+00
3.387367936189588757e+00
2.184043520541671946e+00
2.159158416611592024e+00
2.974880974036691494e+00
2.576434589949412324e+00
2.464872107254852285e+00
2.848967388857102101e+00
3.651333445339985939e+00
3.626735753428295350e+00
2.325203079867936840e+00
2.969907152559829289e+00
3.697359922802485599e+00
3.225354133032812598e+00
3.769218034338433831e+00
2.731241369169055577e+00
2.678003236148728927e+00
3.967501703576574279e+00
2.637662340038059661e+00
2.820283298500844804e+00
2.665315120605259214e+00
3.706185161485754165e+00
4.081533911038222939e+00
2.899524245600232586e+00
2.958570892152957654e+00
2.881360513613278052e+00
4.357947225852737638e+00
1.755733146536997413e+00
3.575605323916702272e+00
4.535670738930229540e+00
4.003216647672051209e+00
3.768968214688052321e+00
5.259135360709715989e+00
2.215791091974768534e+00
4.070010892810412173e+00
2.328410150265269873e+00
1.867697796757426865e+00
3.777122371409432855e+00
2.431456000527803862e+00
3.081517095829068964e+00
4.165725806130327058e+00
2.892399165562373309e+00
2.390326157759328218e+00
3.193320263418896410e+00
1.437418438642839691e+00
2.193691080945583849e+00
3.917692601198454305e+00
4.172793503404372828e+00
4.414621767471432534e+00
3.037321422807999216e+00
2.978935265196806625e+00
2.626196683220113126e+00
2.597219673229171022e+00
3.709668083560436536e+00
2.451112643083924514e+00
3.866722967511975195e+00
2.280444531590850143e+00
2.648283632357188111e+00
2.976457759716349294e+00
2.791556801002114341e+00
3.655750505472968204e+00
3.449903860540151523e+00
1.469972618754358029e+00
2.520724007215858986e+00
3.628289721249434496e+00
2.858923491085401558e+00
3.090120191480018264e+00
2.179562905737641998e+00
2.695500142532203380e+00
2.195794322198021842e+00
1.791586562816408046e+00
3.201263547026146572e+00
2.788661207957237931e+00
2.495970956887159087e+00
1.943492391728914859e+00
1.489078422071572705e+00
2.410008710587073555e+00
2.621727297439150117e+00
1.606909066306097422e+00
6.622093807623983253e-01
2.504450550858036362e+00
3.255490875589192701e+00
5.229387110784275983e+00
4.613803884554371848e+00
1.878230419136744267e+00
2.405796244918398052e+00
4.951343578897303033e+00
-1.336753571981045274e-01
3.146418001378994411e+00
2.602207269270778944e+00
2.778996342305902534e+00
2.276699759485767860e+00
1.668693040005500450e+00
3.758847537814519413e+00
2.542934804766455947e+00
3.721354827572594282e+00
2.891251224042686196e+00
1.378095461435532965e+00
2.324083343095524778e+00
4.521451518590875907e+00
5.253517560909730655e+00
2.049432839504929493e+00
2.701959149908901292e+00
3.012125481440234953e+00
2.767017517390497172e+00
3.692172910180102630e+00
3.366556296833145723e+00
3.306078570352596113e+00
3.755210644696831412e+00
3.629079288098564948e+00
3.050667987963123551e+00
3.944035005973178798e+00
2.184709257819744455e+00
3.875836355346592210e+00
4.330765763797034928e+00
3.758647386331472440e+00
4.232816909922104465e+00
2.510388894339765642e+00
4.300114591471944969e+00
4.522311243331153641e+00
2.983580990754124862e+00
1.663617958171489164e+00
2.416772394313933869e+00
2.817527187108812559e+00
3.676963742516223821e+00
2.503182345223518457e+00
3.319987836540018833e+00
3.593566195579308786e+00
3.050786626148384251e+00
4.244452669630617514e+00
3.829150887135136294e+00
2.834085408204265910e+00
2.487366555064580265e+00
3.887786002126568885e+00
1.988828737078583542e+00
1.883155592577436810e+00
2.804371104840432505e+00
1.942051646704414436e+00
4.538437807742695007e+00
2.437371963569695321e+00
5.418009893858294568e+00
4.028628426041838573e+00
3.430723588839700078e+00
5.164426332432625166e+00
5.516190496963074175e+00
3.625571029537427048e+00
2.398420264927100920e+00
4.032476161254360036e+00
3.680935388722668566e+00
2.700253203147053860e+00
2.068149696236518675e+00
3.226663669104021803e+00
4.247786827593859726e+00
2.913120443547101424e+00
1.428619610404710416e+00
1.391103779414967656e+00
4.794443538412029859e+00
3.070909639439716621e+00
3.347784069646976057e+00
3.859959705367162819e+00
2.896594411894909626e+00
2.197309587275343201e+00
3.925594967564906668e+00
3.540253730893312412e+00
3.652632562843938224e+00
4.299528197432310961e+00
2.463562803259172984e+00
2.820828274500664090e+00
2.560884800341857392e+00
1.938240312948064981e+00
2.063821232179825937e+00
4.381878101125315617e+00
1.776925329277383891e+00
4.306962974410246225e+00
2.850941486554575022e+00
2.570194482036892047e+00
3.683817227714653253e+00
3.842410683615602007e+00
3.764102941631139121e+00
3.428540711127264551e+00
7.172947050090749954e+00
3.914316902481972615e+00
9.246025100296920707e-01
2.432629105910133926e+00
5.285142897747668655e+00
2.761816669567995319e+00
2.928948404466333422e+00
2.952329771500348254e+00
2.165521753243708769e+00
4.344155959993148741e+00
3.880756904591317280e+00
4.104217700662680990e+00
3.706822532110032320e+00
2.549162046482643884e+00
4.431168331950806838e+00
3.756926344386486427e+00
3.247546759441755082e+00
9.560796981374055648e-01
2.636125050509057655e+00
9.322009041296400733e-01
3.532193388914093735e+00
2.356308365302254959e+00
2.107948137765208507e+00
3.603736299499650908e+00
2.750291404045765997e+00
3.538786191815133986e+00
3.358593483089544751e+00
2.659309095561947611e+00
3.035753851971008555e+00
3.519070332407224555e+00
4.482646326874291987e+00
2.778254720867955996e+00
3.490354953513834957e+00
-4.821541932270382858e-01
3.581259857718775752e+00
3.432748243217773165e+00
2.414200809056780361e+00
3.951240872132491866e+00
1.294196408084605565e+00
4.317555028330787081e+00
3.878736787608019210e+00
8.169590947175048301e-01
2.753862774651338441e+00
2.259756311206993384e+00
-7.566570272358237315e-01
3.835474495670175177e+00
1.038478896870492107e+00
4.884905956479984823e+00
4.898860761610289494e+00
2.319696144235904978e+00
3.371488562940567313e+00
2.915342184185519159e+00
9.097364854363436670e-01
4.263145246196899052e+00
1.803865269503731161e+00
2.975745929628235142e+00
2.682411746570545485e+00
2.026841233624109950e+00
2.217556259027813503e+00
5.940819291456536533e+00
6.314934255225431947e+00
1.293542647085746955e+00
3.474332793523013496e+00
1.679380798694574572e+00
5.320278683202102066e+00
2.490746292739744572e+00
3.280461667165877060e+00
2.128538930945398366e+00
8.755207608542947995e+00
1.607403815772577182e+00
6.689303115928336041e+00
3.907633142483841304e+00
2.132176922816175324e+00
4.620771422770952874e+00
3.480241220650085232e+00
1.385630787260709873e-01
4.746560418503192658e+00
1.645976465743800521e+00
2.929307525309635896e+00
4.138255207040844930e+00
2.753656079120867961e+00
1.759584697110938345e+00
3.975687600479879791e+00
2.557309481394580697e+00
1.579316420390933784e+00
2.608971606150514599e+00
5.596457004060554574e+00
1.657346348850120110e+00
7.051171536865712852e+00
5.898179219482924118e+00
3.906525125191684378e+00
1.986544441681839634e+00
5.128916469181676874e+00
4.015060429501936312e+00
1.772981608029849276e+00
2.369852098527181816e+00
9.599188657369271738e+00
1.035247002487283119e+01
5.172129831228302166e+00
-2.713923877603020562e-01
9.392590544676796549e-01
4.427908017237197846e+00
4.529872760868181913e+00
5.016188175358747614e+00
4.140091980712830910e+00
3.333112139448927813e+00
4.778051703993423160e+00
4.234599216315743320e+00
6.542289389286018775e+00
3.651814509917302054e+00
2.185406730830803390e+00
2.255061501041029981e+00
3.701391805396623713e+00
1.238526767000780104e+01
1.387891676053226142e+01
1.010511084256243564e+01
4.777946635575860412e+00
1.707029248774036612e+00
1.215067636787767968e+00
1.125187918949746679e+00
1.571234169685154225e-01
9.748772243531789172e+00
3.174165489131718143e+00
4.792957878002732208e+00
2.678897873903586913e+00
3.776475256976954853e+00
4.631396622934607521e+00
1.024941693748949501e+00
2.637881285523600017e+00
4.207190254977095201e+00
7.799425090827564411e+00
4.194162333056533853e+00
3.717760816954929659e+00
1.736002631533889229e+00
2.716047583256833597e+00
2.811777274278506766e+00
4.909338242469252656e+00
2.422134854612299382e+00
3.997869065030486890e+00
4.150853363216982395e+00
3.289332516204631851e+00
4.075681933914804489e+00
1.676774619646976383e+00
3.749415145537603689e+00
3.425934072873781933e+00
4.093724097561843855e+00
3.862282651504623576e+00
2.090563003835797407e+00
2.417022010134066257e+00
2.825067667795120752e+00
2.509480293581909827e+00
4.609292578246870775e+00
3.149260139193275521e+00
4.016141092598624951e+00
3.947467857708557126e+00
4.747247209278064872e+00
2.703088383688730278e+00
2.466235228211730579e+00
3.547885440958275183e+00
2.513147511449653315e+00
3.046308818668053142e+00
2.516780441919133082e+00
1.730195704803891399e+00
2.359581755198563613e+00
2.117122697693420097e+00
3.622080041415928875e+00
3.500390369069785290e+00
3.351190955269383043e+00
4.503347310841101958e+00
3.980601026990369995e+00
6.060506418967753994e+00
6.977085873297352414e+00
7.781912122170647095e+00
3.333650105466671398e+00
2.003554314574139017e+00
3.662079117433526765e+00
5.007126698056755920e+00
6.207321404248292041e+00
3.460909110495530960e+00
3.015389226965068392e+00
2.787981119316331746e+00
1.472391044728093679e+00
2.711655783374955497e+00
3.225384215924071984e+00
2.823750535938187589e+00
3.724670466095442833e+00
3.156753563763178505e+00
3.738020069397000711e+00
2.117981553405881456e+00
3.121122837237789494e+00
4.889564879149582488e+00
2.763138316601815969e+00
2.070677708455594512e+00
6.490921289404301575e+00
5.200163041116512730e+00
5.553187942134703015e+00
4.308056740940649831e+00
3.775052209196457120e+00
1.807472905195174784e+00
3.500761112367188677e+00
2.083646815287427234e+00
3.540695739686119392e+00
2.340979921442651879e+00
4.036485409846473082e+00
1.729761487624781768e+00
1.746054180676781531e+00
1.146629037604947721e+00
5.058681714533975082e+00
1.292640214063955462e+00
3.827866681421743245e+00
4.742366760006738957e+00
2.289221197121120710e+00
4.634128634755543708e+00
-1.109251733782336213e+00
2.768864409658022385e+00
3.482309742622092141e+00
3.160117041850674546e+00
2.505179775386098040e+00
2.684490826286594078e+00
5.368057531840814356e+00
4.279764397514560947e+00
2.422742866408934326e+00
3.199033492990953409e+00
3.863954160899248258e+00
2.557010521543166881e+00
3.883068478839897697e+00
1.873071370654120438e+00
-1.081193263440884733e+00
-9.931591945970366098e-01
5.644487282345239443e+00
-1.049236609333671078e-01
7.730987286524313440e+00
4.062950952937859128e+00
3.475983241326566109e+00
1.786525088019532470e+00
4.985780300190046255e+00
1.592452544803991454e+00
3.281817171812736245e+00
2.233090652017033939e+00
1.915578387495212809e+00
1.305182048131463768e+00
5.286627282540967698e+00
2.728395093032771168e+00
1.447436274496570752e+00
1.586613157864052104e+00
4.252604811407704410e+00
7.136153954146462475e+00
5.553126539819241536e+00
2.687933244303565061e+00
1.661494571155765376e+00
5.083275678437535916e+00
3.858578414891188135e+00
5.216983003041938183e+00
8.645129799263492343e-01
4.944350496919137861e+00
7.037466407749626285e+00
6.204031756184816615e+00
5.617217560962342482e+00
2.838234378171013983e+00
1.330633770763819390e+00
1.452277724240116141e+00
1.298196750109044562e+00
2.734061549740588681e+00
2.340494661861483472e+00
3.804257355220969639e-01
4.175075321036195497e+00
3.734898333327608899e+00
6.566148330979634018e+00
2.854709014806720457e+00
3.711177850144147694e+00
2.296455806188264059e+00
4.397916691652706156e+00
2.031027839771331944e+00
1.622812630358279495e+00
3.726386582412769766e+00
2.769973309933811301e+00
2.150266926757204988e+00
3.917849247875944130e+00
7.970706524787046554e+00
4.258797140919729607e+00
2.878907628490933401e+00
4.497535894051210903e+00
3.826071991847001641e+00
5.276035262717622132e+00
3.666079118941668824e+00
3.928337385964484341e+00
1.243098447303848886e+00
5.116208314996888440e+00
4.358300898950831836e+00
2.364679386779442449e+00
3.087363655810551943e+00
5.058786940656519349e+00
2.004371514420641542e+00
5.828614070010191384e+00
2.207768683638168472e+00
5.209051862408399458e+00
4.049148488926353373e+00
2.257650770151050423e+00
3.312117166418540037e+00
3.910587932484831608e+00
3.626910876947798013e+00
3.653340634759988159e+00
1.994377128546923617e+00
4.586675938107480199e+00
3.490045252457538716e+00
2.358046419205167332e+00
3.243076779033419843e+00
3.981769017850578685e+00
2.178189416325491568e+00
1.754231067346937456e+00
2.629239363234082472e+00
2.282651214456171473e+00
5.117966670797295947e+00
1.362193061530329485e+00
3.353550393710456601e-01
3.780567659224835508e-01
6.654270689302247410e-01
4.416497205398736803e+00
2.545650805158328644e+00
1.901634359248457029e+00
2.999831574840923665e+00
2.152563937521303927e+00
4.561150433330592335e+00
3.059809062147252234e+00
3.419165787036009707e+00
-6.791238897672027264e-01
2.636593459451880506e+00
2.707400363908776697e+00
5.420586674864818377e+00
2.687078147662835370e+00
4.162914329093172938e+00
5.543140320064058990e+00
4.165423253997847297e+00
4.254703508867699213e+00
4.135015384112826098e+00
3.990115278214877659e+00
3.118821304223654334e+00
4.979643819765932733e+00
2.709641549059046639e+00
3.484064928977605557e+00
3.717621959159675527e+00
2.908159304404504653e+00
1.914702498596898339e+00
2.777820775421975696e+00
3.042907988552681964e+00
2.297491132858940244e+00
5.556487453584994185e+00
1.822373275346057753e+00
5.652465266820543732e+00
2.436805005678686076e+00
4.682645927368646710e+00
2.101822397703965617e+00
3.658045401228110283e+00
