1.079598723541389234e+02
9.744578632778821259e+01
9.764734399997185221e+01
1.109474707178204511e+02
1.228314406768861033e+02
1.120591775489944126e+02
9.070235500079172652e+01
9.321120299791968478e+01
1.099002155189691337e+02
7.961654516721598895e+01
1.264191754038107121e+02
9.307563517989704849e+01
8.998830594416935469e+01
1.047083536215906747e+02
9.582710931528504261e+01
9.521380710699983752e+01
9.375297205346589635e+01
1.084383420646694702e+02
1.060110839735982893e+02
7.541769465900874536e+01
1.249090171276535699e+02
8.162490577364663125e+01
8.126429278909847653e+01
9.086855109400472941e+01
7.489959019074133550e+01
6.383437168962409913e+01
8.389329763328485967e+01
9.289478520696883379e+01
8.574348689701356818e+01
1.085414427642810438e+02
1.015317550702118012e+02
1.166400707445297513e+02
1.103454579585691420e+02
1.055744933138052915e+02
1.008784272692662967e+02
8.723451684006960249e+01
1.145226318498607299e+02
8.538848586219799586e+01
8.397417465573433049e+01
1.011127272578510770e+02
1.139831996111944363e+02
1.034286932276071127e+02
9.917119553662789144e+01
1.081326317976754154e+02
1.051042902710804441e+02
1.023454201346562229e+02
1.022645246530235283e+02
1.063707313488331465e+02
1.272500734941356484e+02
1.044852537650315156e+02
1.100863890699482113e+02
1.057596104275358044e+02
1.211612014526639598e+02
1.027274593522795385e+02
1.164905751648143024e+02
1.162519587985711524e+02
1.217919103102440772e+02
1.088237062709329450e+02
1.014364964984022635e+02
1.093705076238425420e+02
1.115135810115288848e+02
1.308670575707101307e+02
1.231740123060541237e+02
1.193713912373168284e+02
1.146990134300118456e+02
1.425106817160358901e+02
1.271458396061212142e+02
1.100252944623739353e+02
1.145869313287042388e+02
1.224149083460223864e+02
1.089451809031470191e+02
1.198627374194588526e+02
1.142898589968901746e+02
1.346399365293763424e+02
9.720114186032816406e+01
1.190798333861495593e+02
1.049303634224542492e+02
1.350837695393299214e+02
8.837083196721020784e+01
1.129888004420967036e+02
1.127837722624638843e+02
1.182662922666033012e+02
1.326339574279925557e+02
1.199979053496421812e+02
1.237405693092315460e+02
1.387346254593272761e+02
1.425598780597277084e+02
1.363685393579515619e+02
1.106739232460817561e+02
1.199404723347799830e+02
1.043574243579916896e+02
1.243196081384410689e+02
1.215830733706298048e+02
1.363744019525908300e+02
1.339923046690853141e+02
1.384373020709836055e+02
1.141235047691082087e+02
1.199552330299423204e+02
1.395184480923880699e+02
1.445079721019014016e+02
1.809399445831663229e+02
2.106202167025265908e+02
1.906000187218044459e+02
1.730377820648703562e+02
1.355119239808432212e+02
1.115216433133869742e+02
8.556277901406737385e+01
9.279931865852486794e+01
1.207446273965862815e+02
1.339482427615846518e+02
1.186029034224321492e+02
1.090750952417000263e+02
9.143348857242001770e+01
7.839075197738783629e+01
1.115311397394892623e+02
1.118837346968671937e+02
1.385069992329735555e+02
1.276008983234504370e+02
1.279169505375918874e+02
1.163816924978247442e+02
1.298373655884474545e+02
1.129916833405196144e+02
1.167335004644220930e+02
1.135901787067033979e+02
1.117092439180866421e+02
1.049178442009545904e+02
1.311863500522070183e+02
1.413037648898527436e+02
1.574561079444025609e+02
1.436214636944469589e+02
1.499948491920771119e+02
1.709528348062785597e+02
1.442187803261856232e+02
1.492797345883722357e+02
1.229612451962003092e+02
1.339264403311351259e+02
1.439448656136827083e+02
1.168791162710928830e+02
1.013087101760798134e+02
8.494927261748567560e+01
1.157240435582936442e+02
1.289620095818485765e+02
1.436031395311555627e+02
1.364984905998909142e+02
1.564550853324235788e+02
1.371961483058390741e+02
1.555462460441309531e+02
1.484288070516404900e+02
1.323055791548202933e+02
1.198255151980496294e+02
1.380506023777509199e+02
1.168352983536733092e+02
1.307501710684304612e+02
1.090914959407603249e+02
1.246101033978170420e+02
9.949466414853765173e+01
9.809367036209482649e+01
1.112930856579760217e+02
8.647148249930242514e+01
9.212573597554020921e+01
1.068190211746545373e+02
9.343357017657477570e+01
9.225762014664061894e+01
1.078796746208895030e+02
1.265014467773863345e+02
1.331681770858082814e+02
1.435171309376993065e+02
1.346905325913800766e+02
1.475565978282938602e+02
1.479141428779289242e+02
1.459574067841134308e+02
1.339756591934750531e+02
1.154849971281794581e+02
1.322909303056834744e+02
1.046391141745372977e+02
1.450155564888378308e+02
1.597314630877368984e+02
1.552196241038359119e+02
1.650704113943695006e+02
1.674647927093383259e+02
1.430852134811741223e+02
1.529440642697873045e+02
1.447932063548894064e+02
1.312156352199391449e+02
1.335761319401816820e+02
1.385689303754376454e+02
1.237260984570515632e+02
1.223999340635106705e+02
1.320217970818665378e+02
1.384840673593598979e+02
1.228402989866604713e+02
1.384922924435637981e+02
1.392418006012306648e+02
1.599966479854190595e+02
1.672109100342258898e+02
1.514599044191943165e+02
1.446785470395844300e+02
1.681439478362276532e+02
1.272042203969884326e+02
1.632338866276027147e+02
1.607947669136782451e+02
1.585299382076801749e+02
1.715578229304385331e+02
1.573562160682766375e+02
1.550650553565872656e+02
1.401550357494506045e+02
1.278829577569308071e+02
1.430940013180865265e+02
1.342335510750897640e+02
1.174389298866680065e+02
9.845030419270365485e+01
8.698136177041106976e+01
5.238626559329085808e+01
6.269910035093743517e+01
6.863682979037885445e+01
8.590943059007953764e+01
9.714498116073023937e+01
1.016090488460142041e+02
1.381888940864729136e+02
1.248529017296515775e+02
1.498584340517193993e+02
1.610301987125177163e+02
1.545394417993576610e+02
1.690196986345837900e+02
1.692777977933442344e+02
1.613225773125855937e+02
1.711942864759961935e+02
1.452589971146628329e+02
1.344796477055906507e+02
1.168743100359012885e+02
9.145654794219420580e+01
9.600284643465168699e+01
9.526325041019271112e+01
9.028773373349017106e+01
9.900689317990315885e+01
1.358086213299548319e+02
1.320457857497569591e+02
1.583721684334452107e+02
1.634981654995460474e+02
1.821732148006917669e+02
1.851834367100485110e+02
1.842728753976308269e+02
1.797704115303789081e+02
1.921040626415938846e+02
2.080443833842935817e+02
2.001538540234127765e+02
2.095940024290443660e+02
2.139726897765435183e+02
2.009654423213081316e+02
2.048786371430758777e+02
2.108786707273114587e+02
2.122497166192813154e+02
2.136859932853523958e+02
2.157466356520965860e+02
2.090032451973451373e+02
2.279213692049534643e+02
2.305062847797908887e+02
2.321460620672452251e+02
2.683000811179314269e+02
2.340135587048076218e+02
2.321952001651822570e+02
2.295544538846538387e+02
2.373405974820153972e+02
2.336800726121930154e+02
2.248355492648350662e+02
1.984229334149725332e+02
2.359134422856562594e+02
2.177083398756753922e+02
2.091550021650932365e+02
2.278327395470426211e+02
2.316238951514073392e+02
2.506684351103469908e+02
2.257454172486089874e+02
2.055801863525772717e+02
2.175505228926903953e+02
2.362410147177978956e+02
2.382550103945342812e+02
2.323645323982477180e+02
2.442192253188051154e+02
2.202541209619385825e+02
2.302945553010631272e+02
2.345202999050133599e+02
1.951407480454189454e+02
2.033969736859958175e+02
2.269427588340718103e+02
2.255418782733295586e+02
2.192385490364334544e+02
2.267076163337418961e+02
2.163807237159389274e+02
2.129946700286664338e+02
2.081906819004777560e+02
2.280646955318593712e+02
2.241579376925689644e+02
2.423705941617654958e+02
2.427629470620619827e+02
2.730550699021066521e+02
2.410313939554170872e+02
2.403931267040045157e+02
2.267618933946157824e+02
2.514259607988570338e+02
2.308704668899450496e+02
2.108942040532992905e+02
2.026461929401470456e+02
2.012285952441548318e+02
2.011596621175219184e+02
1.981008134498901256e+02
2.062038428487208819e+02
2.256046224282392529e+02
2.248260103716620506e+02
2.378198583787129792e+02
2.246724542544650944e+02
2.502016987096955916e+02
2.254795977588034361e+02
2.501215895821792117e+02
2.246100713739436401e+02
2.314402920780074169e+02
2.472258842818199867e+02
2.371846795619049431e+02
2.330839697755118891e+02
2.299565358941473505e+02
2.268590548975372201e+02
2.313889734956710811e+02
2.293020420801213106e+02
2.527780537828193417e+02
2.406831650115581169e+02
2.478242036591457804e+02
2.339573098785880632e+02
2.374897755333469718e+02
2.392203968323280776e+02
2.140085644943800389e+02
2.345117573298975913e+02
2.380510675265693408e+02
2.404128350289640537e+02
2.245410293621367259e+02
2.390303501929746233e+02
2.471082548505250998e+02
2.523045251925159675e+02
2.539662846115818695e+02
2.367714341814146337e+02
2.586635069458128555e+02
2.390967069417376649e+02
2.439420766577445647e+02
2.400803869336355376e+02
2.182015652927189535e+02
2.247810599400200147e+02
2.396794902167175394e+02
2.347370008113734343e+02
2.303406482197365790e+02
2.315493302346350504e+02
2.343387292030491267e+02
2.286193611470582425e+02
2.413086774452530960e+02
2.592634089608584418e+02
2.436437758668050435e+02
2.483777109868604782e+02
2.367118125463875629e+02
2.098988518787070063e+02
2.345261625881267094e+02
2.398953572794677598e+02
2.468562327045644622e+02
2.372621443028657779e+02
2.457187551577176237e+02
2.573050117625789426e+02
2.656507049772437767e+02
2.495224275952628261e+02
2.613116413623274639e+02
2.510435778770022921e+02
2.467796694295497844e+02
2.629659264891157022e+02
2.597870650432965931e+02
2.407152721654636878e+02
2.203059473714794763e+02
2.183872649058629349e+02
2.307447113310808504e+02
2.209546115655093388e+02
2.659026599663273487e+02
2.516666841112589736e+02
2.465978836376209244e+02
2.394779185323081663e+02
2.424310456707540027e+02
2.775042515171087985e+02
2.809542805961535805e+02
2.717271980278556498e+02
2.662306064873977220e+02
2.429591177042474328e+02
2.326498877941459682e+02
2.335670125860958422e+02
2.391899378423256053e+02
2.488662839809433365e+02
2.395725925176895714e+02
2.488727438989895120e+02
2.461303816939264948e+02
2.600728080976268188e+02
2.641489031479603682e+02
2.600978983482063427e+02
2.457337800861372443e+02
2.292810161905067048e+02
2.079043660707388881e+02
2.238357416041257011e+02
2.501228756519739136e+02
2.478316932061897546e+02
2.428804924927771083e+02
2.591933149444603828e+02
2.682100661383462352e+02
2.336512540736409562e+02
2.120723026088274139e+02
2.261258538534497688e+02
2.173433259487522378e+02
2.365870897918400431e+02
2.297853245382152636e+02
2.265945170189186513e+02
2.066883934163531649e+02
1.840720686162772211e+02
1.766485640359697697e+02
1.897807896326945070e+02
1.971011715058536709e+02
1.785484949373278027e+02
1.876742260115534577e+02
1.854674940393159375e+02
2.312549428093663266e+02
2.519261703028445822e+02
2.685465609936503029e+02
2.793316420383914647e+02
2.785598295070018935e+02
2.553660957104344789e+02
2.374525891668491226e+02
2.343543214600796034e+02
2.377948370317944295e+02
2.514956895649037278e+02
2.894943330066137150e+02
2.791208660108600270e+02
2.685017544085258123e+02
2.651158044113793153e+02
2.484140057395078145e+02
2.365601631942369067e+02
2.442727533856196658e+02
2.519330474056934577e+02
2.682558401422250540e+02
2.786845605000979162e+02
2.675503255780312202e+02
2.414766620893998095e+02
2.472728937219199565e+02
2.571393755990716272e+02
2.919522089405074894e+02
2.935529094372089958e+02
3.015593853077890003e+02
3.035172835054815437e+02
2.968483760000146958e+02
2.908778007506622885e+02
2.987208059588622859e+02
2.787685423932996400e+02
2.693573678798817923e+02
2.759504197399575673e+02
2.686568635974704762e+02
2.569925414523282825e+02
2.668087246480685621e+02
2.557829418364645733e+02
2.457179667091782278e+02
2.300911137011773633e+02
2.365017051456672448e+02
2.360398953701193818e+02
2.345636635042977218e+02
2.700267910736263843e+02
2.778408715977142833e+02
2.724240950490024034e+02
2.757649445097848115e+02
2.842707742494168315e+02
2.676947334467812425e+02
2.921453148688357260e+02
2.830347970753065852e+02
2.545805322314426178e+02
2.668703160915844705e+02
2.774551275044732961e+02
2.814131026505922364e+02
2.777063052057785626e+02
2.933905925034650863e+02
2.919690616139663462e+02
2.891801755918390882e+02
2.827905251524397272e+02
2.914331927651081173e+02
2.832616770484662538e+02
2.999838095092923140e+02
3.027536868884793648e+02
2.915802939540768079e+02
2.894862780742951713e+02
2.703260705845576126e+02
3.201583842809353087e+02
2.904008540015793756e+02
3.089372086822893948e+02
2.981184269268424032e+02
2.914945812492971413e+02
2.949361397680981440e+02
3.104532061392042124e+02
3.217968703523904992e+02
3.170622233524022135e+02
3.132277726840688388e+02
2.641244548693842944e+02
2.713199082621675871e+02
2.839947488447797355e+02
2.674280058356905556e+02
2.831065915294122419e+02
3.027328912948423749e+02
3.096415078367563751e+02
3.069649013000025093e+02
3.162029530786467717e+02
3.042485871977094689e+02
3.135394869393408612e+02
3.190305550510944954e+02
3.328353955319661281e+02
3.036238493095004856e+02
3.039919727600959050e+02
3.256595067010285902e+02
3.208822632557363477e+02
3.341161519730200098e+02
3.163549289546530190e+02
3.210037897756761254e+02
3.120001845847924073e+02
3.214076767861807866e+02
3.234556101436585891e+02
3.349641667772402229e+02
3.386127576722552703e+02
3.340621400714450147e+02
3.526806319356215909e+02
3.372955498993279662e+02
3.452552425563865199e+02
3.546380896680728938e+02
3.674909820027075966e+02
3.601581570455583687e+02
3.313445931962094164e+02
3.518159155008873995e+02
3.391235930725068783e+02
3.498730013843097026e+02
3.417969689475746122e+02
3.398881478247194536e+02
3.125575899828299953e+02
3.196201604520044270e+02
3.135313472999623627e+02
3.351936296878024564e+02
3.139392660011133103e+02
3.045278919398507469e+02
3.374772909226501838e+02
3.516889024182262347e+02
3.568445608160490679e+02
3.384583834102975288e+02
3.233051409976934565e+02
3.391619695834100412e+02
3.174850232174879920e+02
3.476046072717896891e+02
3.324926841765380914e+02
3.274207837547349413e+02
3.382285712350846438e+02
3.485430318938725804e+02
3.654509892467450527e+02
3.699341636293211195e+02
3.570596053293408545e+02
3.493125724237891063e+02
3.721671889471141412e+02
3.487303604451807928e+02
3.517872907209815025e+02
3.707314927485035128e+02
3.630168709741819839e+02
3.839335848972542635e+02
3.531290745937782845e+02
3.542861906419063871e+02
3.740289880631449932e+02
3.486233137902106591e+02
3.665258686244025057e+02
3.616519935021599395e+02
3.576851531862811839e+02
3.706304295124601822e+02
3.562932501585179352e+02
3.623150553117131949e+02
3.638341422948115564e+02
3.547208362340842314e+02
3.667752915006935268e+02
3.872808934997863730e+02
3.394107651317672207e+02
3.782390018277608874e+02
3.765386230220148036e+02
3.727954364161623744e+02
3.943985090344825153e+02
3.858633466072278111e+02
3.754526896758555381e+02
3.827616669516663706e+02
3.977799494078772113e+02
3.884239719113746219e+02
3.856568411838818520e+02
3.654306630802499285e+02
3.944175310021744281e+02
3.867292341660831312e+02
3.802057422820294050e+02
3.670949990932591049e+02
3.906353728628674844e+02
3.829140145434190003e+02
3.810933868134039813e+02
3.784795818511945527e+02
3.746895780471649005e+02
3.678881987242955915e+02
3.684464466726057594e+02
3.524880967921029082e+02
3.913057803401541719e+02
3.524389965024918183e+02
3.892865215057793193e+02
3.620954104176720989e+02
3.762454923338827939e+02
3.926848576855700230e+02
3.904521649711915643e+02
3.856952176257007636e+02
3.701637530840399108e+02
3.678805875664399423e+02
3.772275265595695259e+02
3.336905412721363859e+02
3.627939161065406211e+02
3.687786325636392917e+02
3.860386794321522643e+02
3.515353876571174965e+02
3.705982475823689128e+02
3.922450895301417972e+02
3.909384126472389767e+02
3.772110541238189398e+02
4.011685116127179072e+02
3.816740931132345622e+02
3.604309384514718317e+02
3.841475628291018438e+02
4.065678486365073923e+02
3.929420574984611108e+02
3.750437926403096753e+02
3.942364296400113517e+02
3.980431740653169186e+02
3.532761443176230500e+02
3.682862211241917976e+02
3.601652704426054470e+02
3.626302654738403248e+02
3.820982708900818352e+02
3.826696114914981308e+02
3.794588399657184254e+02
3.957784693933909921e+02
3.857576344629902110e+02
4.084843331115735054e+02
3.867824519770767324e+02
3.886728234435171885e+02
4.103144509307084036e+02
4.045700865215289355e+02
3.993503125319051605e+02
3.814874936312834279e+02
3.687991792881697961e+02
4.012523600768649317e+02
4.043565333262198465e+02
3.943954102312599730e+02
3.963843208565061218e+02
3.914950855518944195e+02
4.011653716196554456e+02
4.051962461016278780e+02
4.158218848923618225e+02
4.027487165342288336e+02
4.075924382159840320e+02
4.053239949962483024e+02
3.880891793609636125e+02
3.820641249315405616e+02
3.893528374765049875e+02
4.141363281384492439e+02
3.863737980453262821e+02
3.702261645903385556e+02
3.763619197444908764e+02
3.857915679824606627e+02
3.619815518682472657e+02
4.076600829659075771e+02
4.090586409814337117e+02
4.117074433470202166e+02
3.796963050262230581e+02
4.024862142645549170e+02
3.659080705635570325e+02
3.918966523504316797e+02
3.512687009563939000e+02
3.613133034623745630e+02
3.632605820061542659e+02
3.764092219826966925e+02
3.690295733879736417e+02
3.706071451017408549e+02
3.722285760360617246e+02
3.742858288579008672e+02
4.195747225201848210e+02
4.123181504063604166e+02
4.136847204533821127e+02
4.280404148537214724e+02
4.007891219881020675e+02
4.044604114801406922e+02
4.086696050732715548e+02
3.846082969633840207e+02
4.029696991025630268e+02
4.066932589501805069e+02
4.246578252306373997e+02
3.990255293030960502e+02
3.989697841359746917e+02
3.962432477607853798e+02
4.151991152834043532e+02
4.089377706148820835e+02
4.187318997656010424e+02
3.998041045869351251e+02
3.738774912076733585e+02
3.771626182953943953e+02
4.129971903605384114e+02
4.155299161392316591e+02
3.882096548290190299e+02
3.984198657860682715e+02
3.959601099122514256e+02
4.034060988828620111e+02
3.822570489450455966e+02
4.026607561454282518e+02
3.836122174393267983e+02
3.891550062259692595e+02
3.839764050430492262e+02
3.922670725080278089e+02
3.655172878155091212e+02
3.807352522978235356e+02
3.939989798234734621e+02
3.796564985007998985e+02
3.631512342440510110e+02
3.436016641708435486e+02
3.484224596399428719e+02
3.550970717389340052e+02
3.398705059702328413e+02
3.361961299716158464e+02
3.608283810541261118e+02
3.954848706544932497e+02
4.109595196782095172e+02
4.040162929251243895e+02
4.111789285313452069e+02
3.818427528257745962e+02
3.657996534613848780e+02
3.631416701017063815e+02
3.574806506444870706e+02
3.634022050562612094e+02
4.018686523371027306e+02
3.992687976507459098e+02
4.370579577990671964e+02
4.055768451892374173e+02
4.133979875260204153e+02
3.902290877098031956e+02
4.019561251008824456e+02
3.960042444228605518e+02
4.265076706499994543e+02
3.825536109707460355e+02
4.016722970347248634e+02
3.971738391985261387e+02
4.017776203099327290e+02
3.306423002120437218e+02
3.797060675130180698e+02
3.658462658169723341e+02
3.775897836546710096e+02
3.752385388575169145e+02
3.481523571863134521e+02
3.998910052970657034e+02
3.643150390287623850e+02
4.084617656192203299e+02
4.192828931814567568e+02
4.542507794360571438e+02
2.491050083494896512e+02
5.982811765266026214e+02
3.019700045447978027e+02
4.432938725333143566e+02
3.839301573619045485e+02
4.470586140927391625e+02
3.915070858356388612e+02
4.342379813720751258e+02
4.300496761361482640e+02
4.418547372258428254e+02
4.443893901217186340e+02
4.701057476582671484e+02
4.880070682440112932e+02
4.570371156284274434e+02
4.878911177806437536e+02
4.014045704384886903e+02
3.849617245327150385e+02
4.015691248139288518e+02
3.915094296644510337e+02
3.843007432847476252e+02
4.097248638717171048e+02
4.240620862663924981e+02
4.214603886393174434e+02
3.770434288519554684e+02
3.590831557972403516e+02
3.605482887165531452e+02
3.446283397061317828e+02
3.631908398518061745e+02
3.870608675028593666e+02
4.089203025341690818e+02
4.096788760080025895e+02
3.669292801194246749e+02
4.323849191089125839e+02
3.805243903862303796e+02
4.289851075024546958e+02
4.869988974240500283e+02
5.348245216298411151e+02
5.585190826114114770e+02
6.114286796412353624e+02
5.621972941042243974e+02
5.130933400753370961e+02
4.618592336019449931e+02
4.413541579421013807e+02
3.305948534653161914e+02
3.717233569493321284e+02
3.667918773905108196e+02
3.706447257370995771e+02
3.802310371069424946e+02
3.917112813836948817e+02
3.078033261434674159e+02
3.349505325232892687e+02
3.752926587395805882e+02
4.006314709663462850e+02
3.938423338178961330e+02
3.766163846191555535e+02
3.327511042070751159e+02
3.350102139151152301e+02
3.447162637740461832e+02
3.713002585805033391e+02
4.374283683893717694e+02
4.555505948978031938e+02
5.030609516385246138e+02
4.698455952194829592e+02
4.687439951302287682e+02
4.546035882667413262e+02
4.659066458456366036e+02
4.343836320259645163e+02
4.645512976526107423e+02
4.563930962517534908e+02
4.545781265797497213e+02
3.964503376955054819e+02
4.474895209057094121e+02
4.332516879319061900e+02
4.295720423606044847e+02
4.510379410169002767e+02
4.400546702387068763e+02
4.068195873749481848e+02
4.087946851413971103e+02
4.135935437636676397e+02
4.076276449171506329e+02
4.267113307577643582e+02
4.233757579352052289e+02
4.071741969297792707e+02
4.571070353621587401e+02
4.287389738354212341e+02
4.611034240587730437e+02
4.182483380388241585e+02
4.072893441481636501e+02
4.306144146558006014e+02
3.918540222940044373e+02
4.441279288793954265e+02
4.202698355234199994e+02
4.005955533405322058e+02
4.501276866868306570e+02
4.024698541603587501e+02
4.149979075399131148e+02
4.142864521962654294e+02
4.118630846097556741e+02
4.140794842606804878e+02
4.228948536616126148e+02
4.164969915587186051e+02
3.838433803984212318e+02
4.229916733155657198e+02
4.082576267262409715e+02
3.991665702201682393e+02
4.333939576570888335e+02
4.338475989606938015e+02
4.204552406069448125e+02
4.213683804215890518e+02
4.450121491987463855e+02
4.155425563561110494e+02
4.244425902670798791e+02
4.177891774600625467e+02
4.072015100613025993e+02
4.443968168807699044e+02
4.295273094663527900e+02
4.434910631484576129e+02
4.351184002575243426e+02
4.140679261778378759e+02
4.206250062907631104e+02
4.296357891903231234e+02
4.024140124740339957e+02
4.320886124068538834e+02
4.363480598269856046e+02
4.061032345843247526e+02
4.224096756508700992e+02
4.263971142083794348e+02
4.158796974861356261e+02
4.472379586786648247e+02
5.041872791671891605e+02
4.625389414077798733e+02
4.471082823569424818e+02
4.734279856631156349e+02
4.372765888862957127e+02
4.256276576884902170e+02
3.998216554311256914e+02
3.993117669827622080e+02
3.562374424945484748e+02
3.728442588328711622e+02
3.619199083365924139e+02
3.176483948998976530e+02
3.425959256427903483e+02
3.172279012025100542e+02
3.227670086157843343e+02
3.599185078292836693e+02
3.267977890098800913e+02
3.677572780879687571e+02
3.620035908420185251e+02
3.779203251369432905e+02
4.263384737709241676e+02
4.064805372048263052e+02
4.263252709276560495e+02
3.959409772092676576e+02
3.770576025040294894e+02
3.659515150476582903e+02
3.598011043286002746e+02
3.584674924297183338e+02
3.909318363559729050e+02
3.810753865556026767e+02
4.294975549414533020e+02
4.071099831081706384e+02
4.360313603836968355e+02
4.086042199395282069e+02
4.136089242840325824e+02
4.385349079588715995e+02
4.280749218023887579e+02
4.782447902809034304e+02
4.728454527017278792e+02
4.313793592615547254e+02
4.500453090678061017e+02
4.844041594339957442e+02
4.057945149153159150e+02
4.769745377978618421e+02
4.323745875809480594e+02
4.579042301291515855e+02
4.623286433877606783e+02
4.106821477663773408e+02
4.072105897372800882e+02
4.082374362169338156e+02
3.773942681504579468e+02
3.857013300112666911e+02
4.066802419588415205e+02
4.139613784247628701e+02
3.995571929002665570e+02
4.446329679273724196e+02
3.816368514937603322e+02
4.313672341711479703e+02
4.158087574381682998e+02
4.055026915502938323e+02
3.974940514265214802e+02
3.887708799229905026e+02
4.162918979497647456e+02
4.662585098771456842e+02
4.068141328743507756e+02
4.057009603362944290e+02
4.572996177420157551e+02
3.927770952405328444e+02
3.965442578886552383e+02
4.616930099035826061e+02
4.463372720192639349e+02
4.047631155762856565e+02
4.174094851107461750e+02
4.042169027771205378e+02
4.565541037301550205e+02
4.210423102712892387e+02
4.648213059509118352e+02
4.419703109422306966e+02
4.582084159379274411e+02
4.545632411469057388e+02
4.365318041594283045e+02
4.801561797987056366e+02
4.870113884815780239e+02
4.695666874095865637e+02
5.049437361662178319e+02
5.090918833715942355e+02
5.174741760601692704e+02
4.967721316579924178e+02
5.133334511025955180e+02
5.082487240647071758e+02
4.621115726506562282e+02
4.870250964326444887e+02
4.577464004337134043e+02
4.454606884104157416e+02
4.842405846300151211e+02
4.667983342130714846e+02
4.884209150073542105e+02
4.521915498706700305e+02
4.907567013538186416e+02
4.956905071220983814e+02
4.571061758224164464e+02
4.990064245022525711e+02
4.872994371830327509e+02
4.908663313711144269e+02
4.558364446398711607e+02
4.689242028675290612e+02
4.461347946074499760e+02
4.322602645275037503e+02
4.253961823312106958e+02
4.175997856247267919e+02
4.235325028504435636e+02
3.978841493600987747e+02
4.292978417253513044e+02
4.924033188618075769e+02
4.583771141273472836e+02
4.870971701861624297e+02
5.258936023290108324e+02
5.191224146715039751e+02
5.170524017238224133e+02
5.485644908805027171e+02
4.912158400698326091e+02
5.157237178145963981e+02
4.725985410062049823e+02
4.870155154648954294e+02
5.349343149857677417e+02
4.950796999912744241e+02
4.966904361875581912e+02
4.364830875722477685e+02
5.061792377674519798e+02
5.051518010578801068e+02
5.145801215308666769e+02
5.409799799449162947e+02
5.402476907864355553e+02
5.243284480701137227e+02
5.448565084807056564e+02
5.128015546993432281e+02
5.076326039043522655e+02
5.041354193731161786e+02
5.249474020828691891e+02
5.029236254828181814e+02
4.774006367692869617e+02
4.708855865983194349e+02
4.406707801399450091e+02
4.936406581841274601e+02
4.871905949092642913e+02
5.154897785854697077e+02
4.851826946078699052e+02
5.298878932017178158e+02
5.032889624209764747e+02
4.838979134181537347e+02
4.837718997196685109e+02
4.966079599478075579e+02
5.504859077702885770e+02
5.154389324153281677e+02
5.605383061235065725e+02
5.458387008710116106e+02
5.597073864578294433e+02
5.404859315544752008e+02
4.956634047316900364e+02
4.868834760541747073e+02
5.004575862909275656e+02
4.875420235648659286e+02
4.825390688159144474e+02
5.039177390978488802e+02
4.663518067316357474e+02
4.839729735919420364e+02
4.749497359428951313e+02
4.690445593824958337e+02
4.875078704316618428e+02
4.308250478604745695e+02
4.599332016772401062e+02
4.606392603595598416e+02
4.418117352271106597e+02
4.743993757593216287e+02
4.474325022604731998e+02
4.827910195003861418e+02
4.729873282565401382e+02
5.152399660356583126e+02
4.799614917955424858e+02
5.093940211477108733e+02
5.072762429375955548e+02
4.767214071529323292e+02
4.648054187862937852e+02
4.773027033231451810e+02
5.012312977616733747e+02
4.687455210053153678e+02
4.594791687006289180e+02
5.008574343495638459e+02
4.857167867930049852e+02
4.669027065298803905e+02
4.757783658866663359e+02
4.983217607340920949e+02
4.782476881542171441e+02
5.029032746208663980e+02
4.787159984950251328e+02
4.848505458761849809e+02
5.091569116300833571e+02
5.077136196116728115e+02
5.056396808514509758e+02
5.343434606006520653e+02
5.036680899891779291e+02
5.044751399776480980e+02
4.890873548787533878e+02
5.066283973457823890e+02
4.914148030808667613e+02
4.659742643948403611e+02
4.678837908172186530e+02
5.056168397539271950e+02
5.046187529315523079e+02
4.357314137699855223e+02
4.640942902335829103e+02
4.547997032260015544e+02
4.491495057363837304e+02
4.754905934220244035e+02
4.756594956909922871e+02
4.868657785677015681e+02
4.688670524393483561e+02
5.112838776754091441e+02
5.500815062420842878e+02
5.315868969068103524e+02
6.430364048079296708e+02
7.346680046293172381e+02
6.070521805393099157e+02
5.121234452700301745e+02
5.081577325548454951e+02
4.729236745251309344e+02
5.028815724496105872e+02
4.774018151401649561e+02
4.896800039360075516e+02
4.762424246103157657e+02
4.779337949610803093e+02
4.728185552049693001e+02
4.433374402995594323e+02
4.705096401905130961e+02
4.627287394055381355e+02
4.725512582383493623e+02
4.566540264805582297e+02
4.915257591944375122e+02
4.773318351872580365e+02
4.508121713944753424e+02
4.657868708353985880e+02
4.572051976984379280e+02
4.666119648986446009e+02
4.414349298976076170e+02
4.490124562345800427e+02
4.607952318407911889e+02
4.312341292820843250e+02
4.447102500419334206e+02
4.532257242783949209e+02
4.622305353374808874e+02
4.370783737028847895e+02
4.428780726748384495e+02
4.856514667509668470e+02
4.828979023335747343e+02
5.034418515159245544e+02
4.510696958984441380e+02
4.678238137155784102e+02
4.913790318645156390e+02
5.037636505798359394e+02
4.869732862218450009e+02
5.028818416158970876e+02
4.978260645666050550e+02
5.137903422792079482e+02
5.269906709691846345e+02
4.942870667726326701e+02
4.972446259401608017e+02
5.074823832235642271e+02
5.016639001384023118e+02
4.805828701305169943e+02
4.526479836100670582e+02
4.584192859353057656e+02
4.928806674518702948e+02
4.895032586086155675e+02
4.986562404402020547e+02
5.128004825274093719e+02
4.720291778683494499e+02
4.674249552085357209e+02
5.050921692053930769e+02
4.833790029554294847e+02
5.339894692202746000e+02
5.183180607587597706e+02
5.705728364292723427e+02
5.367256768081274458e+02
4.975829371376209451e+02
5.483110102564340878e+02
5.005463570115661014e+02
5.092462587638816558e+02
5.110233278400460222e+02
5.069927405229737474e+02
5.002195071413852929e+02
4.990614644890911222e+02
4.872667267838407952e+02
5.128539412227053162e+02
4.815495982747118546e+02
4.834733395325680476e+02
4.649038838934253022e+02
4.686658744856674730e+02
4.572666252817354007e+02
4.859138924093193168e+02
4.796134875008980885e+02
4.948610579552308195e+02
4.797773340158705082e+02
4.854822474298547377e+02
4.764814787967006282e+02
5.181988993884197043e+02
4.620447774796538170e+02
4.698776285367949299e+02
5.000242644807838133e+02
4.778230849084871465e+02
4.841224119695637569e+02
4.812355591869869045e+02
4.868410311271445039e+02
4.937654000527409153e+02
5.335793950049276191e+02
4.675677482766397475e+02
4.920782246819940156e+02
4.571016179633163574e+02
4.580262723449130817e+02
4.569154655871589625e+02
4.655172987829161002e+02
4.928556011275453557e+02
4.611855509957572394e+02
4.660719607221109300e+02
5.251690203841994844e+02
4.782927263176045471e+02
4.951361364345262359e+02
5.016632729304783993e+02
5.193747740816610303e+02
5.206634442709409996e+02
5.211992474893177132e+02
4.889918689981950592e+02
5.014634117134237385e+02
5.144055308735182734e+02
5.133462462992087012e+02
5.053874569940225001e+02
4.990271287902735367e+02
5.254088005713525718e+02
4.859238095419984234e+02
4.989004004081975268e+02
4.843135991949619665e+02
4.848776120563533709e+02
4.954237830065006847e+02
4.860992242349318531e+02
4.755512853981842341e+02
4.724073927336860379e+02
5.091900414447508751e+02
4.717433195439555220e+02
4.858268502210319753e+02
4.885937121510760335e+02
4.735140799560759888e+02
4.863387639333353718e+02
4.601137146223538821e+02
4.847919318016589045e+02
4.869402083173442293e+02
5.380262995731596902e+02
4.729947714872668598e+02
4.982526496466377353e+02
5.146180574701105570e+02
5.216816647544600301e+02
5.003835679184845731e+02
4.787765356899151357e+02
5.366826861534096906e+02
5.083829331933960702e+02
4.911942983204579036e+02
5.061500968317703268e+02
5.107203132988530001e+02
5.242190356838844991e+02
4.779895622955029921e+02
4.820647538002123724e+02
5.081256586044488586e+02
5.136495745789928833e+02
5.168856154507768679e+02
5.052785196423872662e+02
5.264190467248238292e+02
4.887140009854471714e+02
4.944390770853736967e+02
5.051534037685790963e+02
5.082038954927855343e+02
4.768057607458271718e+02
5.281815076275893261e+02
5.270391554434728505e+02
5.078894252041677078e+02
5.056702130738916594e+02
5.069465843320562044e+02
5.247767439191660515e+02
5.112051102645079368e+02
5.180460351295399732e+02
5.401960757936857362e+02
5.029166009517521161e+02
5.151139645024072706e+02
5.313394297419240502e+02
5.071500067674277830e+02
5.178638111610541728e+02
4.929250967853389511e+02
5.022345074890885712e+02
5.180896763971232986e+02
4.745211407399037284e+02
4.956136750228321830e+02
4.984084045909728502e+02
4.712961020310659137e+02
4.712348460469438010e+02
4.489333994313156495e+02
4.699529260580284813e+02
4.668057920227539626e+02
5.394702615232627068e+02
5.188844259888510351e+02
5.088597026363561895e+02
5.297774060013670123e+02
5.312989603026176155e+02
5.455351449738119527e+02
5.618915671325001995e+02
6.128607419840211605e+02
5.261482926503632598e+02
4.822813181259464841e+02
5.280832556599253849e+02
5.208557254918703165e+02
3.882929907184058607e+02
5.050853571183704958e+02
4.934337992963438069e+02
5.038539118545749602e+02
5.227115579202780964e+02
4.975905702851734986e+02
5.144529419976895497e+02
4.798362819342023613e+02
4.927588337913621785e+02
5.177497060553757819e+02
5.024086415565085417e+02
4.847723509945450928e+02
4.999361808948718249e+02
5.075467760748997534e+02
4.977500534323800707e+02
5.009205121847356850e+02
4.760198881644530502e+02
4.986702272204356063e+02
5.150351323108938004e+02
5.020894971983127562e+02
5.128774604560405805e+02
5.047849303210550715e+02
5.389840298950332453e+02
5.248037375992283842e+02
5.319463838621333025e+02
5.287635751304036376e+02
5.315542505227882657e+02
5.641435974767796324e+02
5.685772348066017230e+02
5.450261457336678177e+02
5.272126178337479132e+02
5.375693121644471830e+02
5.093678253536037346e+02
5.375853685802832160e+02
5.174408654227806892e+02
5.358446271936765015e+02
5.325051211774010653e+02
5.454528972675450404e+02
5.456374010246422586e+02
5.098862490209092471e+02
5.205489173698308605e+02
5.414592104601343863e+02
5.557466946987563006e+02
5.429341539290519449e+02
5.632768637487320120e+02
5.851709583072633905e+02
5.488014827224368446e+02
5.730551749404440898e+02
5.477803038909022462e+02
5.557415828474590853e+02
5.200581593091474133e+02
4.421755473855947116e+02
5.449769759078316156e+02
5.570134211098629748e+02
5.300715171148295894e+02
5.929674488076764192e+02
5.646863718381416675e+02
5.457880513547103192e+02
5.590803399433814320e+02
5.589704547082696990e+02
5.629724237063032888e+02
5.149501976146468678e+02
5.775770146077095433e+02
5.293938378934101365e+02
5.619331730694059388e+02
5.834031875479274731e+02
5.341010049757235265e+02
5.684479685112738707e+02
5.457624059247518744e+02
5.632412343116056945e+02
5.621029076429404086e+02
5.399688734893710489e+02
5.109188707352016650e+02
4.994705216217632824e+02
5.071270607857235291e+02
5.466434850231897826e+02
4.974199024023637321e+02
5.255539493631649748e+02
5.297994674084771987e+02
5.525577327785450734e+02
5.381199847166365089e+02
5.500359634155117874e+02
5.361511808081330628e+02
5.414298074446670626e+02
5.333804347014439600e+02
5.612280697716621489e+02
5.660364056864465283e+02
5.487101886950096059e+02
5.675519576976055305e+02
5.764721715968139506e+02
5.614795011556931286e+02
5.614003847015022757e+02
5.712751267676637781e+02
5.765588712455682980e+02
5.761621369609607655e+02
5.558966116146751801e+02
5.565136400149611973e+02
5.783586110257095925e+02
5.581268371923804352e+02
5.457925443461942905e+02
5.416125165066757745e+02
5.420992998706301478e+02
5.573659520654231301e+02
6.073428969381072875e+02
5.464755759582525343e+02
5.373665581308074479e+02
5.676845870975932939e+02
5.751307287545583904e+02
5.753553228408852647e+02
5.617715703829409222e+02
5.806063919385741201e+02
5.435502428641930237e+02
5.686082996694055964e+02
5.732862084192577186e+02
5.502305213375104813e+02
5.783927026430109208e+02
5.287432316188996992e+02
5.390179334421457042e+02
5.505554010934046119e+02
5.247705568771201570e+02
5.319000071742506179e+02
5.448195390602570569e+02
5.378991928850905424e+02
5.362117592538405688e+02
5.296538207247199352e+02
4.875227861284313349e+02
5.412493465421455312e+02
5.330846338240278328e+02
5.194533064016389972e+02
5.687856995838810690e+02
5.295522747946433810e+02
5.595292937148552710e+02
5.771512908336248984e+02
5.681550352334297713e+02
5.660073413425910758e+02
5.616607396581850935e+02
5.854867202538330275e+02
5.935765157307350819e+02
6.007482167070623973e+02
5.756854197543832470e+02
6.149115078443766151e+02
5.560892728483534029e+02
5.804583003655053517e+02
5.831020915346992979e+02
5.774462718596882951e+02
5.816564036511935001e+02
5.531821099661797234e+02
5.919519445019277555e+02
6.045635876121009460e+02
6.076935271236576455e+02
6.090686256730186869e+02
5.832947271857646001e+02
6.278597938584239273e+02
6.045195293553829288e+02
5.874590243323799541e+02
6.128931726575358425e+02
6.382724154757871702e+02
6.284553323672670331e+02
6.207646304743570909e+02
6.031686663536402193e+02
6.039572537245331887e+02
6.184076262273688371e+02
5.749484372808982471e+02
5.881032821870105636e+02
5.873681819740864967e+02
5.913926365911652283e+02
5.973018888908345616e+02
5.537138541208605602e+02
5.452118548326874361e+02
5.540420680383256240e+02
5.838405654662075221e+02
6.059686916478873400e+02
5.860277656077890924e+02
5.651434468491250982e+02
5.960309607020597014e+02
5.729584842791847450e+02
5.570881336433594697e+02
5.497756367065625227e+02
5.601305322140533463e+02
5.610435548456385959e+02
5.775846849341068037e+02
5.745382786109219069e+02
5.707479742244073577e+02
5.613475121154710905e+02
5.610455841543791848e+02
5.572240231297105311e+02
5.706721785828684688e+02
5.718786247481315286e+02
5.879107870986790658e+02
5.774745506459396438e+02
5.981555137915481737e+02
6.177624859706237430e+02
6.016053309463610503e+02
5.772944676192754514e+02
5.683357195990547552e+02
5.123695987907442486e+02
5.315583056824625601e+02
5.242455879427106993e+02
5.478180849027373824e+02
5.166859870560037962e+02
5.398411647736638770e+02
5.090424034643762639e+02
5.572150638324293368e+02
5.608354885175460822e+02
5.803770832637344483e+02
5.876291158538402897e+02
5.613385834217666570e+02
5.735087429732695909e+02
5.385849679595399948e+02
5.708369372405040849e+02
5.795033515563360424e+02
5.642415788180378513e+02
5.687244861371700608e+02
5.838301516443938226e+02
5.941907594557364973e+02
6.114805943907468873e+02
6.133742391844899657e+02
5.920501707103987883e+02
6.352160555681754204e+02
5.566507623193363088e+02
5.964279885156648788e+02
6.115657643179322349e+02
5.858621290176795355e+02
5.574091696662142112e+02
5.656121222739013774e+02
5.709987653453451912e+02
6.292348361706940523e+02
5.724345190892295250e+02
5.793584580416380732e+02
5.769355205391475465e+02
5.650302842667929326e+02
5.973175578857545815e+02
5.798454258667067052e+02
5.567937718128547431e+02
6.228052606557216677e+02
5.813924492148319132e+02
5.987847359411915704e+02
6.116057948087239993e+02
6.027640874921122531e+02
6.153304322394785686e+02
5.823567114703231482e+02
5.988461452560136422e+02
5.995563064262360058e+02
6.017357686577452114e+02
5.908194343121108432e+02
6.010405916724057533e+02
5.660548969467589586e+02
5.780333587424464667e+02
5.914191889382816498e+02
5.959782257776876122e+02
6.073368140126168555e+02
5.526184442245595392e+02
6.043698801756549983e+02
5.727126028105407158e+02
5.709532652781381330e+02
5.776677745371204082e+02
5.643077914676337059e+02
5.722430281944657509e+02
5.973417336266114717e+02
5.723596471191681303e+02
6.018093460821974077e+02
6.020606990421165392e+02
5.703386533509694800e+02
5.626653123020985277e+02
5.314591468915425594e+02
5.538995980871542315e+02
5.529533881899490098e+02
5.592402232400413595e+02
5.465530390864570336e+02
5.486785451585882356e+02
5.580760013192723363e+02
5.295235872699504398e+02
5.606765305660292142e+02
5.640310180542370517e+02
5.664901066862173593e+02
5.685412425765044873e+02
5.713338776590115913e+02
5.482874996017776539e+02
5.622947202630533639e+02
5.875693505296362673e+02
5.638551565566161798e+02
5.824886553340837736e+02
5.845954910794174566e+02
5.990260984732475436e+02
5.767527226568889773e+02
5.891162533431242991e+02
5.805489559492488070e+02
5.809738573498078722e+02
5.807292424740385286e+02
5.832812135561032392e+02
5.438596273086725432e+02
5.743778183499233592e+02
5.703240266952046795e+02
5.555476545386320595e+02
5.794404170441666793e+02
6.088252296237105838e+02
5.870943885233421042e+02
6.095293747380596869e+02
6.063269456590996924e+02
6.078490936617215539e+02
5.963995609920806373e+02
5.967454787229718249e+02
5.877172238627994147e+02
5.922523748964339347e+02
6.076393006549109259e+02
5.853741110356827448e+02
6.095930109547939537e+02
6.000043815978003749e+02
6.040479438248312363e+02
5.825006434143996330e+02
6.009852541184518486e+02
5.722377284779340698e+02
5.645631203412418699e+02
5.926913841085305421e+02
5.853493518332996928e+02
5.852138872288503535e+02
5.929654882513782468e+02
5.771609860957348701e+02
5.814945267445170884e+02
5.973304629018457490e+02
6.094289531311785595e+02
5.931212522970620284e+02
5.936794500195350111e+02
5.926913194868375285e+02
5.847170466231608543e+02
5.770634386316475002e+02
5.839826974068861318e+02
5.944066548267351209e+02
6.024169607992896545e+02
6.126558871809379525e+02
6.135669002201419744e+02
6.225999814206778638e+02
5.713932376766126708e+02
6.035015542525153478e+02
5.951062621816737419e+02
6.082524491613472719e+02
5.885968552532624471e+02
5.833134085699122124e+02
6.084110518007288420e+02
5.983055827459752436e+02
6.168646775900399462e+02
5.836415548500194745e+02
6.038831761142608912e+02
5.979286139126345461e+02
5.660686724325040586e+02
5.900340298861106021e+02
5.867551521445084290e+02
5.980092711708731485e+02
6.011740013545899046e+02
6.117268726832647872e+02
6.486400324558136390e+02
6.189895206100761698e+02
6.325860102698590026e+02
6.144903865689354916e+02
6.052842879673321477e+02
6.074351777343351841e+02
6.013250316595983804e+02
5.993863650088349004e+02
6.191839996223804974e+02
6.101857465806228902e+02
6.198762938427931886e+02
5.954291403057262642e+02
6.142355606820350431e+02
5.831489365074336320e+02
5.899328369911156642e+02
6.066602727339464991e+02
6.030433524237904521e+02
5.919929362064260658e+02
5.932174763554411356e+02
6.082377412451519376e+02
5.917160284650419726e+02
6.223072917518626355e+02
6.077168183901613929e+02
5.941401577809467653e+02
6.067710926404719203e+02
5.809503698331691339e+02
5.725707284847312621e+02
5.854404425108334635e+02
6.163827728237185966e+02
6.001937570280610998e+02
5.914820506456985640e+02
5.917558511567597179e+02
6.459185352433920571e+02
6.350844217249418762e+02
6.195329509963866030e+02
6.104502536328170663e+02
6.202347348919805654e+02
6.227151014800633675e+02
6.178185270911907310e+02
6.346288958172091270e+02
6.152548935076065391e+02
6.524385145657689691e+02
6.203216308847437404e+02
6.421325078910460888e+02
6.747767125074426531e+02
6.258651071508616042e+02
6.462586205287393568e+02
6.527453141706325823e+02
6.398298140880596065e+02
6.240154742921104116e+02
6.264189218769807894e+02
7.217677002783740363e+02
6.546213148858183786e+02
6.171420881908696856e+02
6.157996756531830442e+02
6.295936598322863347e+02
6.267141814546757814e+02
6.278993817291170672e+02
6.098381812855806174e+02
6.127849598644883145e+02
6.175425101998702075e+02
6.022014673033348799e+02
6.101846321942251734e+02
6.027457621572829112e+02
6.254018910238074795e+02
5.888704968715028372e+02
6.181054094791937814e+02
6.211027107537905749e+02
6.159999541996759262e+02
6.028578199395142292e+02
6.442632140893761061e+02
6.570423709789549775e+02
6.165276532523541846e+02
6.413029647126193140e+02
6.502308466654119457e+02
6.178774257835526669e+02
6.641753282735685389e+02
6.376982310166390562e+02
6.169434823198624827e+02
6.538024426745207620e+02
6.319827849697230704e+02
6.420398699589134139e+02
5.883855543446750289e+02
5.667198550448605374e+02
5.237271816158516913e+02
5.240274761017566334e+02
5.543926295764833867e+02
6.828432615144675992e+02
7.453493161091372485e+02
7.433570442804784761e+02
7.168173048530337610e+02
7.049609419707481948e+02
7.091937601659168422e+02
7.265520782826223467e+02
6.945430055834217455e+02
6.804882167054634010e+02
6.800796939337069489e+02
6.481148464444077035e+02
6.041531547321208109e+02
6.052671064056454497e+02
6.064331448620932861e+02
6.256397581100832213e+02
6.366005186966777956e+02
6.431922156261024384e+02
6.056091358324615612e+02
6.422374984981381658e+02
6.357209689857850208e+02
6.130450794953048899e+02
6.038131482304638666e+02
6.536560268143148278e+02
6.556248142935091892e+02
6.529066248032370368e+02
6.516535216154459249e+02
6.252644189016747305e+02
6.657318902696894156e+02
6.574317493375264121e+02
6.005846050876582467e+02
6.874503744705854160e+02
6.626204909147202216e+02
6.350104721532960639e+02
6.123958922178168223e+02
6.549453129212472504e+02
6.321074324342815771e+02
5.964003093228644730e+02
6.031596593515511131e+02
6.262693169436079188e+02
6.107117164677740675e+02
5.910384609331416641e+02
6.064413762653505273e+02
6.462897609353643702e+02
6.700296199844441389e+02
6.321411133716654831e+02
6.499422146545407486e+02
6.561662504406373273e+02
6.297761518048503149e+02
6.296793479481066242e+02
6.085921659809713447e+02
6.259346619797016729e+02
6.763801745829923675e+02
6.537692986985869084e+02
6.380886949758813671e+02
6.424718328212799179e+02
6.597210457483095070e+02
6.560608133887412805e+02
6.564027840888684295e+02
6.579399194484253712e+02
6.914699027131511002e+02
7.083916081419883994e+02
7.350628934693145311e+02
6.711367216226161645e+02
6.583762944463700251e+02
6.178388352293827666e+02
6.127942134406272316e+02
6.872778068068483890e+02
6.791370399412411416e+02
6.362878588302718299e+02
6.312574403959331448e+02
5.921936621281508906e+02
6.051484359766851640e+02
6.355193452448694416e+02
6.571580677057054345e+02
6.264986310244212291e+02
6.131311869755415955e+02
6.101419090310299680e+02
6.184986874043050875e+02
6.292889791187133142e+02
5.925455970169020929e+02
5.864713001633997465e+02
5.815029212941955166e+02
6.171911415839377923e+02
5.513063540440261932e+02
6.028637959648496008e+02
6.162613208223654055e+02
6.409893388079491388e+02
6.052855014449858118e+02
6.135676596908141391e+02
6.218138018169801171e+02
5.869969594752213879e+02
6.031961239207995504e+02
6.520244803745806621e+02
6.624575682483472292e+02
6.473224579606310272e+02
6.052897091542392900e+02
6.116293539800092276e+02
6.298834870688064029e+02
6.608321963092133728e+02
6.347045627679200379e+02
6.635976246967378529e+02
6.557897232231382532e+02
6.044385298957138275e+02
6.027828647534676065e+02
6.673426953022764110e+02
6.352176859047265225e+02
6.178614040720457297e+02
6.233730458947974284e+02
6.366661526165003124e+02
6.350103891161303409e+02
6.053170842886643186e+02
6.732285689030570666e+02
5.914783438773705484e+02
6.582321318173505915e+02
6.751913647502678941e+02
6.401122320508940220e+02
6.289213486530160253e+02
6.506969352261273798e+02
6.407636938608533228e+02
6.404013710104641177e+02
6.214559799880935316e+02
5.901652347509195806e+02
6.443906704834462289e+02
6.583486322209657828e+02
6.343332061964650848e+02
5.864433104953313887e+02
6.232324507373723463e+02
6.123954972506535341e+02
5.939306475958500187e+02
6.002405320839458227e+02
6.076006056957289729e+02
6.011442719800793384e+02
6.302814949778398841e+02
6.497893711222038746e+02
6.396082489604466446e+02
5.893733110515478302e+02
5.947180231157462913e+02
5.770636537221263325e+02
5.832282908185495671e+02
5.731001548244482819e+02
6.087551264455150886e+02
5.988120600903730519e+02
6.221548541908725838e+02
6.114724310813874126e+02
6.182365787782447342e+02
6.017428441340946392e+02
5.866953930846202638e+02
5.910703150903044616e+02
5.724418950283989034e+02
5.590715291498635224e+02
5.775373083975189274e+02
6.121567289919354380e+02
5.717972883343031754e+02
6.114275833789266699e+02
6.033253864520519301e+02
5.907700264169710636e+02
5.752060502798847210e+02
6.019281163619857580e+02
5.961375839264743490e+02
6.182934137941414292e+02
5.837838396609517986e+02
5.935423518308756456e+02
6.019364762805412283e+02
5.803733329273159143e+02
5.883883054161451582e+02
5.746324356274601541e+02
5.809584424536554934e+02
5.868805540825511571e+02
5.640975713671963376e+02
5.957031646414272927e+02
6.020631753469143632e+02
5.936937723623592547e+02
5.839258710415831501e+02
6.020939322972916443e+02
6.063794106002842454e+02
6.114918192087086481e+02
6.266494392792435519e+02
6.278567515651450321e+02
6.204557743819162852e+02
5.863846103173492565e+02
5.966957718161550019e+02
6.143197791536798604e+02
6.067486278095376520e+02
6.302543554026975698e+02
5.782745775994795849e+02
6.029083425996674350e+02
6.183422008557170102e+02
5.863959860391640859e+02
5.913551290933063456e+02
5.996886476972350692e+02
6.377929349464045572e+02
6.032494536294038880e+02
6.199570736161723516e+02
6.112237106024882678e+02
6.283581727876405694e+02
6.380272335526353800e+02
6.318826766314480210e+02
6.270599681064298920e+02
6.309120191496455163e+02
6.324612605036377317e+02
6.484892218192447899e+02
6.258102116616221338e+02
6.138601592214107541e+02
6.519439321566801482e+02
6.126914256351067252e+02
6.411820754753252913e+02
6.407740594921128832e+02
6.529442512208026983e+02
6.479475074714150651e+02
6.110591238967298295e+02
6.474711162901170383e+02
6.193209339458934437e+02
6.544145196437275445e+02
6.755004629793362483e+02
6.345404945816920872e+02
6.377345994145055101e+02
6.115887466917007487e+02
6.237348511854522712e+02
6.464218980751911658e+02
6.071787306436615381e+02
6.200913350956017212e+02
5.981573302007664097e+02
5.894686239400409704e+02
5.878781805299769303e+02
5.819306919553521311e+02
6.177338882711485439e+02
5.951476483050035995e+02
6.164225530334305176e+02
6.209568348960792719e+02
6.120567999254860752e+02
6.183830394174170806e+02
6.056051175094047494e+02
6.248350580202475157e+02
6.430693458601698467e+02
6.435113302698174493e+02
6.510284229129844107e+02
6.152670741346615841e+02
6.150126648532515219e+02
6.300633558020401779e+02
6.103422296286272513e+02
6.099243242790164459e+02
6.169219648715940139e+02
6.284345057568343691e+02
6.119936065349970704e+02
6.276845650068295299e+02
6.429733782262602517e+02
6.651847537832695707e+02
6.796137035871402077e+02
6.715464959510486551e+02
7.050969428081945125e+02
7.489498574093606749e+02
7.400250689907215929e+02
7.640038593222433292e+02
7.826609585832668472e+02
8.109035594921081156e+02
8.198674015711816310e+02
7.769206845469205973e+02
7.667823686845380280e+02
8.078073720656748264e+02
7.490223426772629409e+02
6.699827422705044455e+02
6.913913868995795156e+02
7.160461405311475573e+02
7.364166804120135339e+02
7.999250557288947903e+02
8.918603386100264743e+02
8.912310752163382404e+02
7.384201079580321903e+02
6.877285742891752989e+02
7.221095868783939977e+02
8.254893076305769455e+02
8.724459772668496953e+02
8.111581582812416400e+02
7.392995090942558818e+02
7.808744553458913060e+02
7.709800180189183720e+02
8.139702116521699509e+02
8.389580755005664514e+02
8.505785203633897709e+02
7.967277309536779057e+02
7.578428942027327366e+02
7.691545779430946368e+02
7.655773037893179662e+02
7.117701952987282539e+02
6.816565058239507380e+02
6.873584236057889711e+02
6.842804478884509081e+02
6.608547409507958719e+02
6.432276530029262176e+02
6.358360893038504855e+02
6.680310514848165440e+02
6.668614522877529680e+02
6.772788594745242108e+02
6.531000362004833732e+02
6.159280335359140963e+02
6.289005252758377083e+02
6.731299269538884573e+02
6.845414874469856841e+02
6.641623870353995471e+02
6.476576147074897563e+02
6.446052650003889539e+02
6.550604256853936249e+02
6.521627678296366639e+02
7.096165188770117993e+02
8.346194956537300413e+02
8.561073341329017694e+02
8.233347674253788000e+02
7.250872204121153572e+02
6.868766395436879293e+02
7.079842133281453016e+02
8.365225780073940314e+02
7.263573556910195066e+02
6.694905780517742642e+02
7.830525322519546307e+02
6.874003300078791199e+02
7.349833603294093791e+02
7.009498271552854476e+02
6.883236659738018943e+02
6.508101023817749820e+02
6.854238193204897698e+02
7.916374761562063895e+02
8.475818091871843762e+02
7.260817402056289893e+02
6.751459257852310429e+02
6.807562465840135246e+02
7.292646983384183841e+02
6.980356029616201567e+02
7.141318034111258157e+02
7.309717171552766786e+02
7.506582657678336545e+02
7.866068381028410386e+02
7.781867339996687178e+02
7.071349958237761939e+02
6.731458461471842156e+02
6.600583104550611324e+02
6.963405860567202126e+02
6.801796084686866379e+02
7.126532388354528393e+02
7.481421063904161883e+02
8.214867040115541386e+02
8.573624846856708928e+02
8.927909306477930613e+02
8.333851448158641233e+02
6.720606521078833566e+02
6.741338635151234939e+02
6.478052739249308161e+02
6.653369039201079431e+02
6.443797463282797935e+02
6.125192030471076805e+02
6.615787292370174555e+02
6.782158456884949373e+02
7.499588379837535967e+02
7.811214729295359120e+02
8.031307614033148639e+02
7.529719462661196303e+02
7.422194778737695060e+02
7.117672792685220884e+02
6.850238733807234439e+02
6.834542552685477403e+02
6.772316720005227353e+02
7.354310178331228371e+02
6.961209303318108823e+02
7.212218784562086284e+02
8.238213193378034020e+02
7.412962803216217935e+02
7.188149050008166796e+02
6.480485335334294632e+02
6.826146963740712863e+02
7.555256280480890609e+02
7.694896006326008546e+02
7.176725581933767444e+02
6.553049311884126382e+02
6.702411647204536393e+02
6.957707462253134736e+02
7.217274871333765986e+02
7.498087989436979797e+02
7.345626903499805849e+02
7.025886282990393283e+02
6.477788739893663887e+02
6.485644141788327488e+02
6.538883219849383295e+02
6.629605768134025539e+02
6.338039685343135261e+02
6.362527205440161424e+02
6.731281621306147827e+02
6.175867856151537580e+02
6.710707848055523073e+02
6.553988086183110227e+02
6.421794192512010113e+02
6.480631447236057738e+02
5.986334802871575675e+02
5.603107200288849299e+02
5.281923949780069734e+02
5.710562654652385390e+02
6.159321286803998419e+02
5.777858667088761422e+02
6.176981544012282939e+02
6.184593067799019082e+02
6.267120715865097509e+02
6.454741579447352251e+02
6.720484598025718697e+02
7.017767466847633386e+02
7.067432030336809703e+02
6.616523527648683967e+02
6.437332041611301747e+02
6.592250089225203737e+02
6.454503962756887177e+02
6.424195719098795507e+02
6.707683232965043771e+02
7.036395175251525416e+02
6.318865281452860927e+02
6.938205501945666356e+02
6.405006668711610018e+02
6.365329357706448263e+02
6.604449997771390599e+02
6.662954011185623813e+02
6.467794931906381635e+02
6.839359330447832690e+02
7.319324578423676257e+02
6.662110668196997949e+02
6.814432111687316365e+02
6.439435986194185944e+02
6.641202582186327845e+02
6.661562333542838132e+02
6.571591401498325240e+02
6.755075980028836966e+02
6.810455495731356450e+02
6.694484265457123229e+02
6.813294252971667220e+02
6.787856729417941324e+02
6.943757152043035603e+02
6.834384849185411213e+02
6.731843523111565446e+02
6.856334554318683558e+02
6.650452052287685092e+02
7.373267014679132672e+02
7.061382730847871017e+02
7.605972752588626236e+02
7.513128970059841549e+02
7.659450918685743090e+02
8.035160047477941134e+02
8.051088278723442500e+02
8.076118274515058602e+02
7.818635718484939616e+02
7.227262342713263479e+02
7.498835198592043980e+02
6.712837894203582891e+02
7.059867071798693132e+02
6.741040730353049639e+02
7.120571403641274628e+02
7.333816898539286058e+02
8.163544137327030512e+02
8.687806924040270360e+02
9.697922407512468226e+02
1.047443138627559620e+03
1.023761454722588496e+03
1.039214859375950937e+03
9.355043864194368552e+02
8.608858474367984854e+02
7.855596554173865798e+02
7.352662065684754680e+02
7.233786098723514897e+02
7.222066673032637709e+02
6.990085803126379460e+02
6.846175618546785699e+02
7.023326472499360307e+02
6.961122932696098360e+02
6.921454295216674382e+02
7.272367257712976425e+02
7.553925286705100461e+02
8.109368882455177072e+02
9.310914818474306003e+02
9.891047420827043197e+02
1.082853692625865733e+03
1.090184612702513732e+03
1.027763371402919574e+03
1.003488549782020073e+03
9.457775463478163829e+02
8.038308071757747939e+02
7.587354326586989828e+02
6.925101361401825670e+02
6.940060750250331694e+02
6.565529050214386189e+02
6.288038461411937305e+02
6.284376234722507206e+02
6.401974232608148441e+02
6.476164372736390078e+02
6.499665777358299010e+02
6.464402408771205728e+02
6.619607843569573333e+02
6.712810950338923703e+02
6.567768347909017166e+02
6.479956579857853285e+02
6.557268508110279299e+02
6.660861493368367974e+02
6.523278778545341083e+02
6.768559520986311782e+02
6.438117635922145610e+02
6.378014873753305665e+02
6.594724390034958788e+02
6.644266872432185664e+02
6.578249642886942183e+02
6.687442035867589993e+02
6.376418988423350811e+02
6.770362600942549989e+02
6.647401252406533558e+02
6.547267544961283647e+02
6.454666395720864784e+02
6.721728712751483954e+02
6.694174123923537536e+02
6.641531766529716378e+02
6.770985379184467092e+02
6.485482111416334874e+02
6.912802234019480920e+02
6.629921713324044958e+02
6.821917190119077077e+02
6.627570188239931213e+02
6.470011719870919933e+02
6.569049730327924408e+02
6.676981056065208122e+02
6.763818163481226975e+02
6.635533417358561792e+02
6.893212575377292524e+02
6.629096417100946610e+02
6.516215882765327478e+02
7.054980292819565193e+02
6.913711041921310425e+02
6.738461844334650550e+02
6.611697862361802436e+02
6.761184297866843735e+02
6.455316020125131899e+02
6.778156448496896473e+02
6.704016950395898675e+02
6.570642472974179782e+02
6.512397280260065600e+02
6.705196856693935388e+02
6.905091750755058229e+02
6.799899301119232859e+02
6.780178979854624686e+02
6.712182838780282736e+02
6.827148769289347001e+02
7.095461249674135615e+02
6.622377186895496379e+02
6.798836371380646142e+02
6.916154288491634361e+02
6.762344035170565348e+02
6.293641477325927553e+02
6.578260860094991358e+02
6.670257584870985283e+02
6.507265557172038370e+02
6.892313514596306732e+02
6.517498536352499059e+02
6.353291661398461656e+02
6.600867113775478856e+02
6.428639540446089313e+02
6.719589037167063452e+02
6.571845512654537060e+02
6.940817089393324295e+02
6.897680623753808504e+02
6.785148893612148413e+02
6.741291270715441897e+02
6.767651095010389781e+02
6.672727395242378634e+02
6.737673828027024001e+02
6.573279289642683807e+02
6.608417758972138927e+02
6.664393371142654132e+02
6.942671376558392922e+02
6.654009353715979387e+02
6.870302102913693716e+02
6.921606460087780306e+02
6.676357739658506034e+02
6.882688169751131682e+02
6.714221566369782295e+02
6.879321888167487486e+02
7.076724624334131022e+02
6.765204619721548625e+02
6.981157726587060779e+02
6.803715579214428999e+02
7.066898419066109227e+02
6.769341614930250444e+02
6.964812899979347094e+02
6.702715606293352266e+02
6.833515894939878308e+02
6.704509411180358711e+02
6.731988051379022409e+02
6.617016979026222998e+02
6.796541535119314403e+02
7.343751677113639289e+02
7.034652683791885011e+02
7.320470708991354059e+02
7.123992388510661158e+02
7.267689001293815636e+02
7.172064155473784695e+02
7.118399693362624703e+02
7.320719974602554885e+02
7.389709717585411681e+02
7.710773101193213961e+02
8.217126026642672514e+02
8.116106461017393485e+02
8.007085548945731261e+02
7.650372407718605245e+02
7.410728224860961291e+02
7.444097529288000032e+02
8.246715025383902002e+02
9.884667006596608871e+02
1.245986040097460318e+03
1.392278392866971672e+03
1.348462471741184117e+03
1.229855769124950029e+03
1.261930430487622289e+03
1.510496045343991455e+03
1.489835530495817693e+03
1.572685015215705562e+03
1.440973862670749213e+03
1.298731153368816649e+03
1.190901010923613285e+03
1.047403687361267885e+03
8.950169301187447672e+02
7.893363051903351106e+02
7.387259825513258420e+02
6.678212620776131416e+02
6.686456892178650833e+02
6.159872908843250343e+02
5.721816831066115583e+02
5.429863105401653911e+02
5.809315553171496731e+02
6.910038888481653885e+02
8.432652831069117383e+02
9.422143663714310833e+02
1.000924523875885143e+03
9.014542439098331670e+02
8.360852649621867840e+02
8.935658288790227743e+02
8.253849101774762858e+02
7.286494272728872375e+02
8.832230174349969047e+02
8.002428151399104763e+02
7.038220036965249164e+02
7.196675892978204274e+02
8.759985114589843533e+02
7.856579945919392003e+02
7.106702816129223947e+02
7.675064316096867287e+02
8.366953761225817061e+02
7.432070619685073325e+02
6.870921696978498403e+02
7.821541170718269314e+02
8.225935821270750239e+02
7.297761231810034133e+02
6.830805350144332806e+02
7.432059969157745627e+02
8.110850634730851425e+02
7.417479152903596287e+02
6.580982876787089708e+02
7.583696546026696979e+02
7.966217427609138895e+02
7.282479068314745518e+02
6.722625731912435185e+02
7.431509614828710255e+02
8.430566249064712565e+02
7.958452356317552585e+02
7.596581516491544335e+02
7.202942764396333359e+02
6.763183756756820912e+02
6.634555395387806129e+02
7.411578633757535499e+02
7.346570866140727958e+02
7.146627577141348411e+02
6.759638158735087927e+02
7.052121481858031302e+02
7.100832696139300424e+02
7.168586935851966473e+02
7.126292079075493575e+02
6.879634465813428505e+02
6.924952930250227610e+02
7.204303192393459767e+02
7.193025072695032804e+02
7.023796783653609737e+02
6.672982959588503036e+02
6.879876093895605891e+02
7.084340570983205225e+02
7.005224674808836198e+02
6.870131324666344881e+02
7.076435793093497750e+02
7.078293026374416286e+02
6.904750780202219858e+02
7.274786699154057033e+02
7.181811433731504621e+02
6.945410727633530996e+02
6.968100723448416147e+02
6.759628124708902988e+02
7.006679723519172285e+02
7.196687413602099923e+02
6.904495082662119785e+02
7.057973561468957087e+02
7.046618618860131846e+02
7.096179365911314108e+02
7.180156120356190286e+02
7.488865564690180463e+02
7.962068368797097264e+02
7.542384664108808465e+02
7.730814020103799749e+02
7.640186052736494275e+02
8.050868700765929589e+02
7.050234956151551842e+02
6.986492088680940924e+02
6.846024134436963777e+02
6.977137905248247307e+02
6.541725387232111188e+02
6.718383781835608488e+02
7.188959706168352568e+02
6.726431115263803804e+02
7.000094034742994609e+02
6.755219320371807044e+02
6.977644918270686958e+02
6.478432018415023776e+02
6.788567190426388152e+02
7.109805453464617813e+02
7.135495860083696016e+02
7.222602274932943374e+02
7.130880642678393997e+02
7.226262417065548789e+02
6.905186645124022107e+02
7.195544340178349785e+02
7.272119354505473439e+02
7.077601438706782346e+02
7.152183721181617102e+02
6.791419973813362958e+02
7.045429004406366857e+02
7.285662028823966239e+02
6.969478491316492637e+02
7.749311277409198055e+02
7.076638345150853411e+02
7.434130747118912268e+02
7.368650890783646901e+02
7.403789272704407267e+02
6.821489654672125198e+02
6.223696173022524363e+02
6.824693333041514052e+02
7.154756824245987445e+02
7.180208687530277984e+02
7.461153299712099169e+02
7.257920774868931630e+02
6.855346786169457118e+02
7.022611437102509626e+02
6.976059817161088858e+02
7.241675801452646510e+02
7.122301624520794121e+02
7.131370379095217231e+02
7.148954252232678073e+02
6.995023937565315464e+02
7.234171645986119756e+02
7.313283435565381296e+02
7.551724973815303201e+02
6.963652273938405415e+02
7.071865449081295765e+02
7.178430452225242107e+02
7.005627473704440717e+02
7.339872020159061776e+02
7.577943569519193261e+02
7.343028952038102943e+02
7.214811162693117694e+02
7.140177389501824337e+02
7.620454332974215959e+02
7.291563533065861975e+02
7.233441510529581819e+02
7.115192834063846021e+02
7.157632572385748517e+02
7.622602372557690842e+02
7.547944708160923710e+02
7.210355303802534763e+02
7.632639657721157391e+02
6.998087780444518557e+02
7.023507047220183495e+02
7.168524544421878772e+02
7.227138646361210021e+02
7.603751093510715009e+02
7.450541144634462398e+02
7.356020738205066891e+02
7.524942883507404758e+02
7.078545410302581331e+02
7.150182661857908215e+02
7.384372064884444171e+02
7.256770580409034892e+02
7.183080325758605795e+02
7.096096733486949688e+02
7.007920698898308274e+02
7.116964024674409757e+02
7.141575875712317156e+02
7.069841402743240906e+02
7.343607460644134335e+02
7.542278472799599740e+02
7.169792985477598677e+02
7.545078933736451745e+02
7.310596151878178262e+02
6.438589629978015410e+02
6.526271609974559169e+02
7.003505414890805696e+02
7.291982529226864926e+02
7.396347974756009762e+02
7.413939508884936913e+02
7.189679825221470537e+02
7.379290096388112943e+02
7.306422492983527945e+02
6.926938043426005152e+02
7.377744774094477407e+02
7.267000488492284376e+02
7.257677536817471946e+02
7.507526717331046484e+02
7.183199342140080716e+02
7.238665133024518354e+02
7.175356913855877110e+02
7.261998719917428389e+02
7.084336432945780189e+02
6.819863640456081839e+02
7.586670456331526111e+02
7.432927235251696629e+02
7.847959715497290745e+02
7.470590229375404761e+02
7.960291557775165074e+02
7.216140466821667587e+02
6.494402260350115057e+02
6.996580975445386912e+02
7.038448808820642171e+02
7.388798642714124298e+02
7.155856870923181532e+02
7.259284057226573168e+02
7.751830850021736978e+02
7.404729790958458580e+02
7.288572647209174420e+02
7.330442884595645410e+02
7.468021228587339237e+02
7.486861177168411814e+02
7.144855738238323966e+02
7.795099968011787723e+02
7.844798991556129977e+02
7.400145627578801850e+02
7.250759040385211165e+02
7.306373352988924808e+02
7.148051069999925176e+02
7.730232779516559276e+02
7.555881142818986973e+02
7.696633833801386118e+02
6.852050433269971563e+02
7.346433677901441115e+02
7.260016240738419810e+02
7.186561247127917795e+02
7.664611367840736875e+02
7.860728469854432205e+02
8.181242113945057781e+02
7.941709931372347455e+02
7.906665115421773180e+02
7.655448026410274451e+02
7.322266065357964635e+02
7.150874782093446811e+02
7.351997588576919043e+02
7.247881863884286986e+02
7.693603219421308950e+02
7.809607382761082590e+02
7.737720450728651258e+02
7.195202369566600282e+02
7.161752858904969798e+02
7.281431735258804565e+02
7.513112980028080301e+02
7.365099304730654239e+02
7.276917578789963272e+02
7.575011761712247562e+02
7.252145997056769602e+02
6.473307473034996065e+02
8.444979057203587445e+02
7.597787623113161999e+02
8.082810988352642880e+02
7.138682967322920376e+02
7.041728275226040523e+02
7.313012990044452408e+02
7.390103971760008790e+02
7.626970401244064988e+02
7.377173971606617897e+02
6.934664720611509665e+02
7.185203904624589768e+02
7.657265786527162845e+02
7.451770066143118356e+02
7.314161069803258215e+02
7.162510574889405461e+02
6.973659460514430748e+02
7.097132700341929876e+02
7.150413783707052744e+02
7.207451231407469550e+02
7.041455415668549449e+02
7.286242747885667086e+02
7.442909202513723130e+02
7.537322094486852393e+02
7.458920279901905133e+02
7.105171825745430851e+02
7.319141067890132035e+02
7.428541519377865825e+02
7.430497536389934794e+02
7.709608817739531332e+02
7.468073154433371883e+02
7.580664046496625588e+02
7.602768965924232134e+02
7.919243814302723194e+02
7.396126867696295903e+02
7.503059010138872509e+02
7.887317780839763373e+02
8.225049079737648299e+02
8.537341029721526411e+02
8.718449643050355462e+02
8.675171167855301064e+02
8.606312977709220604e+02
7.914012415042767543e+02
7.712246256844894106e+02
7.420408492960689273e+02
7.490690901694006243e+02
6.881636603502101934e+02
6.861190680316294674e+02
7.174966969081360730e+02
7.571608471114145686e+02
7.480287765954045653e+02
7.577673018629583339e+02
7.417386556831485223e+02
7.190412487423700441e+02
7.488810146472012548e+02
7.526899294054044276e+02
7.279846888102055118e+02
7.402270744705240304e+02
7.230750740035590525e+02
7.465869844115483147e+02
7.501883858473778446e+02
7.625789868628174872e+02
7.949861764744654238e+02
7.644778212008574201e+02
8.381382562661135580e+02
8.509465592053655882e+02
8.550556262947648065e+02
7.634204951448410839e+02
7.366493864003699628e+02
7.446266121128160194e+02
7.704740595787817483e+02
7.466250298852520473e+02
