6.065545919984081102e+00
6.107416019298533172e+00
6.134492373945816368e+00
6.367791392489587032e+00
6.607697475951585631e+00
6.743164914750435557e+00
6.748017601449460834e+00
6.655493463400449450e+00
6.544479912892079199e+00
6.479507259368914696e+00
6.571179737395187459e+00
6.344341980551414295e+00
6.303662601013352074e+00
6.392755597185756145e+00
8.873019555803812963e+00
6.301585221432244310e+00
6.181922018534661944e+00
6.275896315939370140e+00
6.377023906065207193e+00
6.480516083087510815e+00
9.472405324421879769e+00
6.766696464026414226e+00
6.736564798434926615e+00
6.701009793530081637e+00
6.660055825902046145e+00
6.567176263723643714e+00
6.461779698416600048e+00
6.380035982643550874e+00
6.371886949552381552e+00
6.514529451690778572e+00
7.007442187434453906e+00
7.229471027945479911e+00
7.208202491227342357e+00
7.031517099647807356e+00
6.777988616872422156e+00
6.694351932463299626e+00
6.765083340724836525e+00
6.680679310054146391e+00
6.686705848307989086e+00
6.610569468321177311e+00
6.605433094187223020e+00
6.502861229870673831e+00
6.395465023165383123e+00
6.303187078899343376e+00
6.272080377416799024e+00
8.763669121363207637e+00
6.127529510491532605e+00
6.065506578890026645e+00
6.024412675808672901e+00
5.949270524761447909e+00
8.336963140393711669e+00
5.910758285750089769e+00
6.049568214699107216e+00
6.062887921620460752e+00
6.134749696725021018e+00
6.165073802960292504e+00
6.216610976511716125e+00
6.162754296993246506e+00
6.188618033726458023e+00
6.331318219436585792e+00
6.445379303847368568e+00
6.599646277377344106e+00
6.505473818368945338e+00
6.452800519386279632e+00
6.436776363184746330e+00
6.527153702760360332e+00
6.541567343012385294e+00
6.407539916482678954e+00
6.276537860360055454e+00
6.163160798198929591e+00
6.127742517825109481e+00
6.127326573204619820e+00
6.028031587704821170e+00
8.684765932577384717e+00
6.171842684167021531e+00
6.365286873248125588e+00
6.449755228211585312e+00
9.318499261723252047e+00
6.543580596071878475e+00
6.689389188035265832e+00
6.771218296387239377e+00
6.812952855603145785e+00
6.812348281237583514e+00
6.693171672507945758e+00
6.554517406102718269e+00
6.467035317324262067e+00
6.431906184251640290e+00
6.310095041884949296e+00
6.116201047325899864e+00
6.103824324739846041e+00
6.002124532753846609e+00
6.008557583334072305e+00
6.016687131514641962e+00
6.049735038410973154e+00
5.944997624538859604e+00
5.799684443695549696e+00
5.775629008303731382e+00
5.662473184322145414e+00
5.794059469378733951e+00
8.546077194696700019e+00
6.252616024199308065e+00
6.319213265385226208e+00
6.176025855517306873e+00
8.681456523608444442e+00
5.828910422960575488e+00
5.678258915869069057e+00
5.570024658335370304e+00
5.563432791704496339e+00
5.538708003213367093e+00
5.531493421854992043e+00
5.465288563878667460e+00
5.422790540007021320e+00
5.412686386180642018e+00
5.423135369448346843e+00
5.445115566593906387e+00
5.456043656229298655e+00
5.488295993979966703e+00
5.567859226196784306e+00
5.624308781704834281e+00
5.681965811289527934e+00
5.717324595269500875e+00
5.622958485696176290e+00
5.699068924232800981e+00
5.663669874831606776e+00
7.911456792123773951e+00
5.562972899354605261e+00
5.563461697254509453e+00
7.881196583975406789e+00
5.755810306142939758e+00
5.783368573569139137e+00
5.722083282136694038e+00
5.711324119637808394e+00
5.584299893136667414e+00
5.593414640288020045e+00
5.547395071919066112e+00
5.562939725769044941e+00
5.530764847360209124e+00
5.405682610489681572e+00
5.343825452423900835e+00
5.198355292350926860e+00
5.347359871872981785e+00
5.485280867502702939e+00
5.533978502289664370e+00
5.412581701976780124e+00
5.392613234576294268e+00
5.301467462088841565e+00
5.329369763475005684e+00
7.687052156247251133e+00
5.361763136705237187e+00
5.360704402583377437e+00
5.510472853995483256e+00
7.683065662327369871e+00
5.726055760684715779e+00
5.775198469950773017e+00
5.777918744930775397e+00
5.649621807045368094e+00
5.552275669055399376e+00
5.588295248192728160e+00
5.505210030601085158e+00
5.430372603521933961e+00
5.468391974701749980e+00
5.431614452627782974e+00
5.311585791971751291e+00
5.314910646130103444e+00
5.364456933313866749e+00
5.494388873796655304e+00
5.655910786139727087e+00
5.598893617912628962e+00
5.669264750840378397e+00
5.615926361340530804e+00
7.995655230441787609e+00
5.589683455613872809e+00
5.615462228371392861e+00
5.701222368881183833e+00
7.806440472118996610e+00
5.909485624621630073e+00
5.973443191177294942e+00
5.917901495271816081e+00
5.835850522761377057e+00
5.660165620867798175e+00
5.647011873822788353e+00
5.798520059326986775e+00
5.820120755109728705e+00
5.780201277827922368e+00
5.660563921792902242e+00
5.608171953700887613e+00
5.603835657860748221e+00
5.581740525411410303e+00
5.631309673520719095e+00
5.666525074591740818e+00
5.682258343929364131e+00
5.758802911766138344e+00
8.424930510460038491e+00
6.023759103260871051e+00
6.191167758090259987e+00
9.080765283110849850e+00
6.449447565434116569e+00
6.594188593301145040e+00
6.407316606170256001e+00
6.459529776638517795e+00
6.372371502300968160e+00
6.470400467950349288e+00
6.451010339605709021e+00
6.425169051205120496e+00
6.425069069749313577e+00
6.232524522742783901e+00
6.169832143248116019e+00
6.141292052601809104e+00
6.034969421897416808e+00
6.005210400416066463e+00
5.937518859306672780e+00
6.014534965144372691e+00
5.801738916075093400e+00
8.426532875377434451e+00
5.836679473442868193e+00
5.933101146655156199e+00
5.929870093838833789e+00
8.217007108792371284e+00
5.970855607170447499e+00
5.915996560653010938e+00
5.859621669608036321e+00
5.942944304233938269e+00
5.966928366713354137e+00
5.988058575461158384e+00
6.005811375612250202e+00
5.976229400526873015e+00
6.039993560757006108e+00
5.986920105254952773e+00
5.963764061218665979e+00
5.944148375722249078e+00
5.763800723247285873e+00
5.737777670108759054e+00
5.764473215734242650e+00
5.824116698225143551e+00
8.523685801148008778e+00
6.029796215694045003e+00
6.044028088741561611e+00
6.182347890886730646e+00
8.680777583967909550e+00
6.265478537286632843e+00
6.459903586758514393e+00
6.520719969791881176e+00
6.480688045322246182e+00
6.474683487093793488e+00
6.424853697355983329e+00
6.556246540014669222e+00
6.575375429283479178e+00
6.584556708116796386e+00
6.382931918727124732e+00
6.431871142047893564e+00
6.504117181663305658e+00
6.556910922681448817e+00
6.512941924870548682e+00
6.597377425735361456e+00
6.679051954090109433e+00
9.767644568127847648e+00
6.837623323157600908e+00
6.891785491301581246e+00
9.828724873416508245e+00
6.934199030536903230e+00
7.014715758359351128e+00
6.921420812303023418e+00
6.938747453921227937e+00
6.850498134901359393e+00
6.788147121801343609e+00
6.719090937270522979e+00
6.906764161547470415e+00
6.776294966549781584e+00
6.739937481072630909e+00
6.798205032958107630e+00
6.713868119785765032e+00
6.740729772800501785e+00
6.628344749553411575e+00
6.561960996987762584e+00
6.592026185958200557e+00
9.462905090588320078e+00
6.706496740512923438e+00
6.714489216961514906e+00
9.487808274532957498e+00
6.711725890373852366e+00
6.711485784918212794e+00
6.683963267020389232e+00
6.731648327771681650e+00
6.622457653482941353e+00
6.682554293711155502e+00
6.670448147536751193e+00
6.586865454296288114e+00
6.589311282379213708e+00
6.558732902344793558e+00
6.530008963274751999e+00
6.481631030539166893e+00
6.586375668211581491e+00
6.650838343036630462e+00
6.745063239008759481e+00
6.742099515775166196e+00
9.850020490192983758e+00
6.754675430068671993e+00
6.792471942367535043e+00
9.426240380043793721e+00
6.810106700561873616e+00
6.728494165092688384e+00
6.683831757755587688e+00
6.673165528407720259e+00
6.630673910338213517e+00
6.585759371952515373e+00
6.526008557966419765e+00
6.602860571534243661e+00
6.648919064424992698e+00
6.663615785100714284e+00
6.707450991979680310e+00
6.659166515037648004e+00
6.712549029518720012e+00
6.638537124876862094e+00
6.844663670795114285e+00
9.624850395378402368e+00
6.822137415750053613e+00
6.976382803691627110e+00
9.849670388069370119e+00
7.103431502237255835e+00
7.011918498481333195e+00
6.866561041835677059e+00
6.818687503750568979e+00
6.814359670915854927e+00
7.032518089507885151e+00
7.017378080561951670e+00
7.103045851553101642e+00
6.997761894121382831e+00
6.975976565503403393e+00
7.011239884509395281e+00
6.980358262804052139e+00
7.017393416657629501e+00
7.053445455526356156e+00
7.003028727195053982e+00
9.932469693368172869e+00
6.973846916150166386e+00
7.004394344895340296e+00
9.847061314612473026e+00
6.971452702174661731e+00
6.981933831476466956e+00
7.003479565552546582e+00
6.955838610251066534e+00
7.030735979588389029e+00
7.031025613618059111e+00
6.939760015887060263e+00
6.935530752295965051e+00
7.013994485149373403e+00
6.997648715884410286e+00
6.994345096036747478e+00
6.948216443249743079e+00
6.975135511017431789e+00
6.865967854191169728e+00
6.839153656742464449e+00
6.924345968534436402e+00
9.829012959322749765e+00
6.962588447433005534e+00
6.984438579750784193e+00
9.545526155323432960e+00
7.037298298311148947e+00
6.927376568900621479e+00
6.966575648730492176e+00
6.920990832651695790e+00
6.995678250164783840e+00
7.009746808929597783e+00
7.065624164291120834e+00
6.948364617346916461e+00
7.060537354426249301e+00
7.017858988936871434e+00
6.987433004147031390e+00
7.038233083315229344e+00
7.016466283912082602e+00
6.998047877361790015e+00
9.829711896238105595e+00
6.978034741222998605e+00
7.001478566575812579e+00
9.985742002216900559e+00
7.165203213693402517e+00
7.111934711818279631e+00
7.205198385000278982e+00
7.044613743020332386e+00
7.162450029194553203e+00
7.240825068824738864e+00
7.286871408303065678e+00
7.309452555551940733e+00
7.291810356691473594e+00
7.204075768502076649e+00
7.117873994423271178e+00
7.148233874825922207e+00
7.191513151510656954e+00
7.198420006926428805e+00
7.190113044008932697e+00
1.029461604025565435e+01
7.269791886692900995e+00
7.388706246448387915e+00
1.067392793852341804e+01
7.620867738309077488e+00
7.566889924047092819e+00
7.497314159579245185e+00
7.413965887901760254e+00
7.457292392642376200e+00
7.566936734535250508e+00
7.553511394514030641e+00
7.537992652406849459e+00
7.567703906620111276e+00
7.626588965807197695e+00
7.448249747782336172e+00
7.337305320972657086e+00
7.494720520181317625e+00
7.302510167366055072e+00
7.293738285170362268e+00
1.019135939096981680e+01
7.133631215286690974e+00
7.288705184882276811e+00
1.045514015075383085e+01
7.078818973421290295e+00
6.889988667066511141e+00
6.884720031323551481e+00
6.798249209845888430e+00
6.900348345786109228e+00
6.904923661336020757e+00
7.007212685556270415e+00
7.133591127617869176e+00
7.276539290392904924e+00
7.498043593063278500e+00
7.477950280044729503e+00
7.516525758769565080e+00
7.330329247110341839e+00
7.381080182976084814e+00
7.353757362314719437e+00
1.050221452252731780e+01
7.553028187676118499e+00
7.498899891272955642e+00
1.044469174396434852e+01
7.425405952024670242e+00
7.291851915325374023e+00
7.404263782982689612e+00
7.442643338695593691e+00
7.490923039616804502e+00
7.462730906104823703e+00
7.458229551429763404e+00
7.416125829148062287e+00
7.347797300069482063e+00
7.283902280870623969e+00
7.280070797194378329e+00
7.454106808741858714e+00
7.545150425344547607e+00
7.596384760482437493e+00
1.079580586558898858e+01
7.567400287362505473e+00
7.526745570956013154e+00
1.048092491940833071e+01
7.463396521703873354e+00
7.381231209712186825e+00
7.470821490784925523e+00
7.328362060133168043e+00
7.264189401374176569e+00
7.373092772648870863e+00
7.339168932870220985e+00
7.330476582686094034e+00
7.288211770801154898e+00
7.305546127160824632e+00
7.175082430948222623e+00
7.145466633152356195e+00
7.390148068072259768e+00
7.485618199024104413e+00
7.521081680000810010e+00
1.078641168067022704e+01
7.591413856869928978e+00
7.537594819393893530e+00
1.060640060779051375e+01
7.580696240006541409e+00
7.407402164579488968e+00
7.394638873656036004e+00
7.347780193241747249e+00
7.376510447716321472e+00
7.472228601140116666e+00
7.690784764086386893e+00
7.638047870346523105e+00
7.647599742906067810e+00
7.636979367984856104e+00
7.636344139664871022e+00
7.567601366318635669e+00
7.585988095392916186e+00
7.617626787992093362e+00
1.094105110968370376e+01
7.657310698044110353e+00
7.569139633669544232e+00
1.102884491778948117e+01
7.527104038769247829e+00
7.566206499187919654e+00
7.568527966303205901e+00
7.511323353505597211e+00
7.475596381563243575e+00
7.579189212032630074e+00
7.596119948450209769e+00
7.552933257551718071e+00
7.599127632975008595e+00
7.405707496725589145e+00
7.425356947090437920e+00
7.510306938079503780e+00
7.284915709401177608e+00
7.358033484775931221e+00
1.076249413808338495e+01
7.611317620939838768e+00
7.676992465716838687e+00
1.075193037000439666e+01
7.512009623868631358e+00
7.629066313699398805e+00
7.731204378989688486e+00
7.673689670529133977e+00
7.675450007873887870e+00
7.605589869001835091e+00
7.677150990700721600e+00
7.675245173158449674e+00
7.726235911882338492e+00
7.606980304639270329e+00
7.681292359031171912e+00
7.642519349254319749e+00
7.646039531204224637e+00
7.620445086190765771e+00
7.680127117493783295e+00
1.099633142730632329e+01
7.621668650636446607e+00
7.874999943186604234e+00
1.091026381072893336e+01
7.880473319875414440e+00
7.891194635083665254e+00
8.011962172071388721e+00
7.881694972445018266e+00
7.680650684695814689e+00
7.958661165349790956e+00
7.794530192133457547e+00
7.876895447896997915e+00
7.794684688943507744e+00
7.859870026679594446e+00
7.636860281190017474e+00
7.701466976135294296e+00
7.749185109561532059e+00
7.845017307796617878e+00
1.115759485912829341e+01
7.718512159230004777e+00
7.841008902261624947e+00
1.091799613573598471e+01
7.948492464362391985e+00
7.872398228664641451e+00
7.963244142458716368e+00
8.160928239676950469e+00
8.051584574672693506e+00
8.234053121566372369e+00
8.167054922985204968e+00
8.111023312337087177e+00
8.108773861915071990e+00
8.118195628590633817e+00
8.366245404401336572e+00
8.259595476485344534e+00
8.157061107659718147e+00
8.219854922470632985e+00
8.311312091354098541e+00
1.174655594613161114e+01
8.228905872362419771e+00
8.221188831956450116e+00
1.140021783470431060e+01
8.146441722399561769e+00
7.940138663965655041e+00
7.947669063384429577e+00
8.091158553656260466e+00
8.056537165728126837e+00
8.188852397081875623e+00
8.118613972206544460e+00
8.042282165731263532e+00
8.168327296149811900e+00
8.262875325175944141e+00
8.507460120137112725e+00
8.489213421821311556e+00
8.445567366812527510e+00
8.737940663345806769e+00
1.323870332152442053e+01
9.145824059913344684e+00
9.293812926797118124e+00
1.272159911953029798e+01
8.869551197126156694e+00
8.644460444006007549e+00
8.472448845605233814e+00
8.406091324649022312e+00
8.441663461285589420e+00
8.512650057964830097e+00
8.504550362403870523e+00
8.677539628161781593e+00
8.647222347209956084e+00
8.780347465588015154e+00
8.611169200424516390e+00
8.526933218343717868e+00
8.429507137462849187e+00
8.571164873852561428e+00
8.666675546130358398e+00
1.273764099074253409e+01
8.873434659463494967e+00
8.807246216967628882e+00
1.195452775835097725e+01
8.511853088475577422e+00
8.452789331566043174e+00
8.652259993432743101e+00
8.540120373019609801e+00
8.812446987875922844e+00
8.894585905456002806e+00
9.002872983594205181e+00
8.911707445717915732e+00
8.630067843646100911e+00
8.506342425092112691e+00
8.439109262004018674e+00
8.328798727829727966e+00
8.523167453944447303e+00
8.504907874512216637e+00
8.794570278135324770e+00
1.279640648885851739e+01
8.931228314789841249e+00
8.708447247109788236e+00
1.205346385374809692e+01
8.695569702135445667e+00
8.827843139904709702e+00
8.679901197104495481e+00
8.862556619604497143e+00
8.813435129816562963e+00
8.841582802035599542e+00
8.978662664920449288e+00
9.008117598605901222e+00
9.022839361730962793e+00
8.935692122358327438e+00
9.017099195051562432e+00
9.021796474114911035e+00
8.966107272731729694e+00
8.996699546939547432e+00
1.300392121892340036e+01
9.008327002629332725e+00
9.127794989340197063e+00
1.239992503645808064e+01
9.036403149960044345e+00
9.131937771126857228e+00
9.096729669726695278e+00
9.209933001083221882e+00
9.111709457145774849e+00
9.217973528671922878e+00
9.222154322313246055e+00
9.189850341213430696e+00
9.031736600234724577e+00
8.974755033450323438e+00
9.007507902581110670e+00
9.116669509111156700e+00
9.247839215859574580e+00
9.158175367948080847e+00
9.219885136359554423e+00
1.319296884900835565e+01
9.189105904896265997e+00
9.148526514421437383e+00
1.270362871297809981e+01
9.117913831563791760e+00
9.125588623206430938e+00
9.157442639622749070e+00
9.063690025989320276e+00
9.015185896999851067e+00
9.183764985387293578e+00
9.428703361158332186e+00
9.192230464119321098e+00
9.072848895684863635e+00
9.070339687474472612e+00
9.070843702933958141e+00
9.126144033839949543e+00
9.223529956224934878e+00
9.224652442059952051e+00
9.259128226979386866e+00
1.329877421100894352e+01
8.981572181771818819e+00
8.479843088895036018e+00
1.182438138183942122e+01
8.199924066956537416e+00
8.268416783464846986e+00
8.272166535881694927e+00
8.546532514402020553e+00
8.505770364693756136e+00
8.561346440465563035e+00
8.532780612236690487e+00
8.994736187983743747e+00
9.400601865042093053e+00
9.364328678685303942e+00
9.460608772254131438e+00
9.507622946697972921e+00
9.356163373130835126e+00
9.389179789998458148e+00
9.336681127681467629e+00
1.341440039238887394e+01
9.332712263054537161e+00
9.465040114482485833e+00
1.329374805602662946e+01
9.372758818872959807e+00
9.525788258273973241e+00
9.442624112911408574e+00
9.611108253887358899e+00
9.588659011543830601e+00
9.602825615219069633e+00
9.502253925434228421e+00
9.417409799589668395e+00
9.447709856953562024e+00
9.711639589423752383e+00
9.637660220701354419e+00
9.637644285217648488e+00
9.529018591847263409e+00
9.657621903637185312e+00
9.744998934749693476e+00
1.375509714721217946e+01
9.612345125487680164e+00
9.501199115039389298e+00
1.330424348292835113e+01
9.516554667626641262e+00
9.547609788549667797e+00
9.690405248358954893e+00
9.553821893118067621e+00
9.657466751225118884e+00
9.726236771749796617e+00
9.583915522398278597e+00
9.592307686298438441e+00
9.626623901048263932e+00
9.817380217545673915e+00
9.597126677956847374e+00
9.598334283106117581e+00
9.754450763804600300e+00
1.011480122012003058e+01
1.003621775251254178e+01
1.036432246174575234e+01
1.536296847514533148e+01
1.030247421976126176e+01
1.009184737662170406e+01
1.389424072617634565e+01
9.912727082681227486e+00
1.004346202200077798e+01
1.019999952689918032e+01
1.016456717371604945e+01
1.072874319883462846e+01
1.041884053801773646e+01
1.034363155630436104e+01
1.035893385200224515e+01
1.058915523761887911e+01
1.085789683516067150e+01
1.110733540406363851e+01
1.109323481260240207e+01
1.096899539577427873e+01
1.106968454989899620e+01
1.083070882488548037e+01
1.527760422681826391e+01
1.094010690622200421e+01
1.081582409419618962e+01
1.533674323836959452e+01
1.126463906655047609e+01
1.156485797524761772e+01
1.179411731866446367e+01
1.180524742749079081e+01
1.213055720937290261e+01
1.875871824298685553e+01
3.415053579615710788e+01
4.510119592465913740e+01
4.753382039452316121e+01
3.666731920596319583e+01
2.260886948034209709e+01
1.397895839042255872e+01
1.290862335775171310e+01
1.269664649409311785e+01
1.265482217695913647e+01
1.246486150806522453e+01
1.765070398891773351e+01
1.244893884936182893e+01
1.264184083065279651e+01
1.775303095536963127e+01
1.299012072787811611e+01
1.324839600483931790e+01
1.291418091766729326e+01
1.258813573615043602e+01
1.249544409546901136e+01
1.254048506090851056e+01
1.264207431032917661e+01
1.313788305492526831e+01
1.328023017263260996e+01
1.358483250326407976e+01
1.340570246503867224e+01
1.327347672626912178e+01
1.312148666666020880e+01
1.312356836769543555e+01
1.333711626063288769e+01
1.944246385742285455e+01
1.438199411078949908e+01
1.406305167375902165e+01
1.407204947040346710e+01
2.018933388892345349e+01
1.457833781768424153e+01
1.495973139535943375e+01
1.549700027132918834e+01
1.607954567010953895e+01
1.687905432897793290e+01
1.712193362790671358e+01
1.717750535876625406e+01
1.642038176696528851e+01
1.644272114966905107e+01
1.668889504548688407e+01
1.639690313284808454e+01
1.696088580797280798e+01
1.714983123503780860e+01
1.757959485505620023e+01
1.797668157629703956e+01
2.571143606520866953e+01
1.774362263267129336e+01
1.829394743261908829e+01
1.898102893368091060e+01
2.715404689298163632e+01
1.995258364242972249e+01
2.005806427550057691e+01
2.011108466774570047e+01
2.067727023989310808e+01
2.127705235872769762e+01
2.186588530000000929e+01
2.304242163643777275e+01
1.554509161378380178e+01
1.578070743237886298e+01
1.556881434368972705e+01
1.545658822305782643e+01
2.031370665510878482e+01
1.545618994468360441e+01
1.514443865315737803e+01
1.527056355820951516e+01
1.532089271430083066e+01
1.530643317663394676e+01
1.498693899234314308e+01
1.505533322306869159e+01
1.508474803351276172e+01
1.502135905149868123e+01
1.515003128538495503e+01
1.507661511882320404e+01
1.482618918845714617e+01
1.479096345188580308e+01
1.492479714623956433e+01
1.484048177666580592e+01
1.497779418054595446e+01
1.506638341381672674e+01
1.504631587012644545e+01
1.559492640603667901e+01
1.545577227216635841e+01
1.568583933229612093e+01
1.524524431232921451e+01
1.523618505635510090e+01
1.511948509862802403e+01
1.472489574495375209e+01
2.236260620152409118e+01
1.460086089223183237e+01
1.425785594067559181e+01
1.446840612819671712e+01
1.421888972354954284e+01
1.428900024427935023e+01
1.423050273868067350e+01
1.441349528167629579e+01
1.447505675359701804e+01
1.429531314525353913e+01
1.892878517426798268e+01
1.405665836567423632e+01
1.429036684474201913e+01
1.417730650661242642e+01
1.410151964393631729e+01
1.429609631888435928e+01
1.425132511379170808e+01
1.419128950881801643e+01
1.423011932587495743e+01
1.425094154158291637e+01
1.402831289180648255e+01
1.419807817416261031e+01
1.404543206487739049e+01
1.397976254492365555e+01
1.419446023771886800e+01
1.416748170624835801e+01
1.422268292930336564e+01
1.422580586358281707e+01
1.400093267358569982e+01
1.407023773247001408e+01
1.427870346442368366e+01
1.412239689384140107e+01
1.428791068120660412e+01
1.432545638747145489e+01
1.416508625751139760e+01
1.413116411430549313e+01
1.407106443675107421e+01
1.399099505144325484e+01
1.411296545180180750e+01
2.213956929494830561e+01
1.416568313963302650e+01
1.400229571196556044e+01
1.428398309541795719e+01
1.406623945069634374e+01
1.394271486228961976e+01
1.374969328513130229e+01
1.379118886189766080e+01
1.347157879779219769e+01
1.358786754916550521e+01
1.349485966169040374e+01
1.728965020776826833e+01
1.334120990886041902e+01
1.306017819672038804e+01
1.306905255675965272e+01
1.320812910112473126e+01
1.322916326163882772e+01
1.332774907264110986e+01
1.326599369547436780e+01
1.359982794251329175e+01
1.364537224651175507e+01
1.347240975851781464e+01
1.351352044909583405e+01
1.333054065543115740e+01
1.317303318097919984e+01
1.328179310413240799e+01
1.309460628193049203e+01
1.338678201200856854e+01
1.355401005112933355e+01
1.363687878246528662e+01
1.407251520798708810e+01
1.407769811479876942e+01
1.439397329271996107e+01
1.472814245527028731e+01
1.521949059724416209e+01
1.667169995656030679e+01
1.735128261347531975e+01
1.788271102879724950e+01
1.774135361910462905e+01
1.733344608206996540e+01
1.645960873186013629e+01
1.597515209102164846e+01
2.303943539190298395e+01
1.517084944849272787e+01
1.467730136724831702e+01
1.469076365289589248e+01
1.444852886405332448e+01
1.393227133465317813e+01
1.398896680459629849e+01
1.388088924980285555e+01
1.372456353698052567e+01
1.371424538997274034e+01
1.416075620185535833e+01
1.507082333569825749e+01
2.091715495409488312e+01
1.896049013598039679e+01
2.221508893656227457e+01
2.521137990389633998e+01
2.633876519671645511e+01
2.663225247397582152e+01
2.637175969147140364e+01
2.564086809746873641e+01
2.430926813486503946e+01
2.323517565371805915e+01
2.227701465834181604e+01
2.145274234811333969e+01
2.017528442015135326e+01
1.757674427767666714e+01
1.581710757646404630e+01
1.528231420141875141e+01
1.493834751271264416e+01
1.488300168141233826e+01
1.497606726294882762e+01
1.496347197598559831e+01
1.512254408576497688e+01
1.476891769989318703e+01
1.497867614257697433e+01
1.521463568009837530e+01
1.558595121720697207e+01
1.619759534170951554e+01
1.639397425156796473e+01
1.685822537171409508e+01
1.670627954612328736e+01
1.600104620882337159e+01
1.561097569637117921e+01
1.563540687180813826e+01
1.579561751607267084e+01
1.579007755196416696e+01
2.469103573557772791e+01
1.612223612483258961e+01
1.602597276312176078e+01
1.582263578004482873e+01
1.536329451732934004e+01
1.566931576139714188e+01
1.651220703813729429e+01
1.734070331525813913e+01
1.770867976662857046e+01
1.776481059434738441e+01
1.756093518793063168e+01
1.648094309917302169e+01
1.534833942331801460e+01
1.988711125850301897e+01
1.459820515601800750e+01
1.454168619671063212e+01
1.460071020397709241e+01
1.486045437569252847e+01
1.503799724342425748e+01
1.496666917614043157e+01
1.501652420396117016e+01
1.511021767447153508e+01
1.511430101367654188e+01
1.541277276766773063e+01
1.641247479118763763e+01
1.772639885885153177e+01
1.829226818758003503e+01
1.851735302396531679e+01
1.912472751261871196e+01
1.883253384107927531e+01
1.714907567499648877e+01
1.598078561828122446e+01
1.545208251987142667e+01
1.517000271409385626e+01
1.453783869341034318e+01
1.470727066256196203e+01
1.512819695429729627e+01
1.503443578553044802e+01
1.508388394564203772e+01
1.493770191493061716e+01
1.539963686059049408e+01
1.543144427782834072e+01
1.585462166541596929e+01
1.655193933655263194e+01
1.682553041305078168e+01
1.656645767763076549e+01
1.673191056183624781e+01
1.688735171545583924e+01
1.661582974275380664e+01
1.612188830270254769e+01
1.577954270695739325e+01
1.503827206655335758e+01
1.434630227356923449e+01
2.146996882691609443e+01
1.393999658275208731e+01
1.427543230289573550e+01
1.428721556407567839e+01
1.474123444314071563e+01
1.458003328826160327e+01
1.450937351010335163e+01
1.436418827873074378e+01
1.420228336544821701e+01
1.443148124645945884e+01
1.475991538250437429e+01
1.549167555776917382e+01
1.588331779949182376e+01
1.614087820837390552e+01
2.093214338481704573e+01
1.576596885870004172e+01
1.563720693575531051e+01
1.518423356085145315e+01
1.508563428366881709e+01
1.514047863549482642e+01
1.497929870238532146e+01
1.468660845683938199e+01
1.427195556113438357e+01
1.380243362024085130e+01
1.382200230470375502e+01
1.370369617293560260e+01
1.361625054112937150e+01
1.367265395172077191e+01
1.347908455336427203e+01
1.361972490289288196e+01
1.358800876837433513e+01
1.352623289853343813e+01
1.370699914964232669e+01
1.350989594783670533e+01
1.364002295023579592e+01
1.365435887573289797e+01
1.390781838326247133e+01
1.384665850820977617e+01
1.407819572002864739e+01
1.409335523009868218e+01
1.383106318126453793e+01
1.388787261062794087e+01
1.396521972510545950e+01
1.395903245007214188e+01
1.383436484539447164e+01
1.366923749446788960e+01
1.383192018559683412e+01
1.364870938872060435e+01
1.349740605588403319e+01
1.337969839590698662e+01
1.338056752875135835e+01
1.323279686299853175e+01
1.344897136700088858e+01
1.330747335506428719e+01
1.321170246324506437e+01
1.353209168668199247e+01
1.333096083671286181e+01
1.337534183600670090e+01
1.360669564097853979e+01
1.342190346831609915e+01
2.044797984066266494e+01
1.321473337527795877e+01
1.319779275460754775e+01
1.312799840237320304e+01
1.289763973909479411e+01
1.298551808150424769e+01
1.309714481546032872e+01
1.333767128240422650e+01
1.299000890729532465e+01
1.317905900243259154e+01
1.312870387362484159e+01
1.315057903314593446e+01
1.326887525335943607e+01
1.326869082373646158e+01
1.336875861674236354e+01
1.334703183236257118e+01
1.366732900584024257e+01
1.911843884307228336e+01
1.509938496116045314e+01
1.712576662293664853e+01
2.818786169711571077e+01
1.692623459108176931e+01
1.400501204319183657e+01
1.338278948170809279e+01
1.302850112555823436e+01
1.316399883769520507e+01
1.306800080445398926e+01
1.299586912400813077e+01
1.296887270630586642e+01
1.288596745893617346e+01
1.300121453974894514e+01
1.269865392589574959e+01
1.291153440297721566e+01
1.286892600506078921e+01
1.281450680735622782e+01
1.286265829042961606e+01
1.313196770503214061e+01
1.319874745590914067e+01
1.304566058760997649e+01
1.318114595556617097e+01
1.328221047233694563e+01
1.334976507763804143e+01
1.327585348121179187e+01
1.330487431868680659e+01
1.327903152677009402e+01
1.310677532099895792e+01
1.309549249117943681e+01
1.314135383668519808e+01
1.314422514199247516e+01
1.311304216487526375e+01
1.313760966244990946e+01
1.327824665080894739e+01
1.328817223233998313e+01
1.327310545319686952e+01
1.296331520423185957e+01
1.280846513934010034e+01
1.284377542673322559e+01
1.288248456743469639e+01
1.271729103339294475e+01
1.286190498247552405e+01
1.286108563694731544e+01
1.351375317748861526e+01
1.394693943541636827e+01
1.365626611044431371e+01
1.343582781445739016e+01
1.361596212338364431e+01
1.330612397634749122e+01
1.304975575367140017e+01
1.305555549584131469e+01
1.311864478513510335e+01
1.348088085858841367e+01
2.013682900416490895e+01
1.403068876016446431e+01
1.438370663645368985e+01
1.441678698307510587e+01
1.418101897443632176e+01
1.428296477340640180e+01
1.434639693229514812e+01
1.455587584943603474e+01
1.433969792685314459e+01
1.516834284739159422e+01
1.514698788214749925e+01
1.778759468294148505e+01
1.507951432756392762e+01
1.406436798156889800e+01
1.462430998364379064e+01
1.327025612763397255e+01
1.343467471358154519e+01
1.319365302163356191e+01
1.282151704282571458e+01
1.272774974787778568e+01
1.273624464866252914e+01
1.259263603096868067e+01
1.254361086158671590e+01
1.645544696341985969e+01
1.241915845609822533e+01
1.217683844040575103e+01
1.241911713205507262e+01
1.228827954403899980e+01
1.251825068278482966e+01
1.292038150381490347e+01
1.326041236725207817e+01
1.354332445156897791e+01
1.379524162317814628e+01
1.367109662613077425e+01
1.370938176695443644e+01
1.372854382902095161e+01
1.339142759012799111e+01
1.372161672762483775e+01
1.326751331974184289e+01
1.329611565247297023e+01
1.346689913038161990e+01
1.363371033660415499e+01
1.311744081021339170e+01
1.322605211125298297e+01
1.308420380727232413e+01
1.277969474295509578e+01
1.284245097113472234e+01
1.274204643477140664e+01
1.288935941009164843e+01
1.277014188032082487e+01
1.279697667045344112e+01
1.331795442968717147e+01
1.312434553623879907e+01
1.318331805316690719e+01
1.314570319096909223e+01
1.333821139990441118e+01
1.358695376783703601e+01
1.394529342031963814e+01
1.334777788865264370e+01
1.314161988907405565e+01
1.305596400628949638e+01
1.279396246409400462e+01
1.284845603422369287e+01
1.285250078338627411e+01
1.312430812357851373e+01
1.301988063928112282e+01
1.295214183738632485e+01
1.290032285092371644e+01
1.283288871846441559e+01
1.290314312341420155e+01
1.303249710685955520e+01
1.332490081065167686e+01
1.351597817093765919e+01
1.375515921302954681e+01
1.365964568883645036e+01
1.349040989164275395e+01
1.329662614729747716e+01
1.283427292380716622e+01
1.272291500807889442e+01
1.258291653831087054e+01
1.288894510798160553e+01
1.365755540761906772e+01
1.508562587534278343e+01
1.631700071982042033e+01
1.761485468277162880e+01
1.826506593102921627e+01
1.847468388488821489e+01
1.805373696452740973e+01
1.724158667634720743e+01
1.646223189948580412e+01
1.563863655371553030e+01
1.512003195707811898e+01
2.265004838708226842e+01
1.464215423345986267e+01
1.431748735461972721e+01
1.371221522064442411e+01
1.341850659079837627e+01
1.322996955085301174e+01
1.316424026581375450e+01
1.294589741110637249e+01
1.288117361971917596e+01
1.372454297670106271e+01
1.476317133302985596e+01
1.592596231016222319e+01
1.680057727462932604e+01
1.719873795408319239e+01
1.700537645245614016e+01
1.653651167395564769e+01
1.582237596549716763e+01
1.507818257419032193e+01
1.482167140877803035e+01
1.473222498869739283e+01
1.492304786283546036e+01
1.457992467369763290e+01
1.431497540300426508e+01
1.402121185793611069e+01
1.332982453136989420e+01
1.340031510147989380e+01
1.356348799932698057e+01
1.358989552740261431e+01
1.389918255152256243e+01
1.381315244295852018e+01
1.391121145241883461e+01
1.831062425395997195e+01
1.346286505630346930e+01
1.346580345766247788e+01
1.328237774713366548e+01
1.360391806695878003e+01
1.448844586746544039e+01
1.550965808886551578e+01
1.610345002566107198e+01
1.634333956127770904e+01
1.659815444436824805e+01
1.558949440032449196e+01
1.464813553744461316e+01
1.426846151676050134e+01
1.482344214179421371e+01
1.667310401250043128e+01
2.185661869778652999e+01
3.023565185250592791e+01
3.637722745549702097e+01
3.948589992498146017e+01
4.013379276910399085e+01
3.881002580172563654e+01
3.412077524040249443e+01
2.778994636655637507e+01
2.235912393771044648e+01
1.910984463312314219e+01
1.805814788849378161e+01
1.718084127871179234e+01
1.596231642497588155e+01
1.452225597112047950e+01
1.356239197595399482e+01
1.322981443663146273e+01
1.283497428883169178e+01
1.270596707499176503e+01
1.301957553517035926e+01
1.360007155823519653e+01
1.393208437318811832e+01
1.442516177241949471e+01
1.440009803665130583e+01
1.436615592401048502e+01
1.422049846200885348e+01
1.414013866728720181e+01
1.481489789111420130e+01
1.578305834205897717e+01
1.654168657626809136e+01
1.679551759323995341e+01
1.666358659500495065e+01
1.608160974581982927e+01
1.485636927892826264e+01
1.402651487614472359e+01
1.329099536173190366e+01
1.274451516987945254e+01
1.262837382792251262e+01
1.281825707301421424e+01
1.265528672167918955e+01
1.279487049648871277e+01
1.274923195785060770e+01
1.284001099771007937e+01
1.315612869548642294e+01
1.359513161753235977e+01
1.384115383668873633e+01
1.375879142090666285e+01
1.372119114905587800e+01
1.386437976831708596e+01
1.407732266784968012e+01
1.454780327580387578e+01
1.535760025377853744e+01
1.605539638755174181e+01
1.579250279882366215e+01
1.576723912510775527e+01
1.594539611912951749e+01
1.809170798874414743e+01
2.060303311953225247e+01
2.221097317605450883e+01
2.335576440194978431e+01
2.333709879407560450e+01
2.197994855690392768e+01
1.919618542922734150e+01
1.635546912593766322e+01
1.400262245811331496e+01
1.343477983928698372e+01
1.351113307063619473e+01
1.358588329609478151e+01
1.314895713525788956e+01
1.351821265884799139e+01
1.372524013552894573e+01
1.387739154993366952e+01
1.386987385020753116e+01
1.349305368723278242e+01
1.356444838016460963e+01
1.340538000973798738e+01
1.367096829893156418e+01
1.379344884608832977e+01
1.388342590768542983e+01
1.369412976358779588e+01
1.350563152033602776e+01
1.313052477697742759e+01
1.289633429996314895e+01
1.247423454384322916e+01
1.235134617812751401e+01
1.233961684419815441e+01
1.247458071726571127e+01
1.234139537603441994e+01
1.233038282842535693e+01
1.230445562307509277e+01
1.233717836980343918e+01
1.234115763270213506e+01
1.238375803656961516e+01
1.228272700478059498e+01
1.231363977478629934e+01
1.246471317506775378e+01
1.248995484726773952e+01
1.232705827491545492e+01
1.233522376821444944e+01
1.259222814477056929e+01
1.267978149613768046e+01
1.268727098529816644e+01
1.273386202602920569e+01
1.269419399489514610e+01
1.288266879721323477e+01
1.286982011495577893e+01
1.287177358944473227e+01
1.296465466808193234e+01
1.296038487252076443e+01
1.300860809748864355e+01
1.948812915887709707e+01
1.260403927886023112e+01
1.241269512646269391e+01
1.236472918525855391e+01
1.239100948431729599e+01
1.232776474902800778e+01
1.224367686130814548e+01
1.218658604381599631e+01
1.208058769534703281e+01
1.210581962203695383e+01
1.215549422311170602e+01
1.211447908543924967e+01
1.225203802508555029e+01
1.200951548210604614e+01
1.205472910323950764e+01
1.232966902409422083e+01
1.211555223710405294e+01
1.218425761527834261e+01
1.226099787433175159e+01
1.216659024126126276e+01
1.215435636797379004e+01
1.210208847357855966e+01
1.190450415525308792e+01
1.229329695653425958e+01
1.230385871071293558e+01
1.214084006456129039e+01
1.253244422075553466e+01
1.230233000202428428e+01
1.247996948260959371e+01
1.252632704841441225e+01
1.250591231202014164e+01
1.262606060514048067e+01
1.303221452830794824e+01
1.368724374959378309e+01
1.446446636476269809e+01
1.530770524694676915e+01
1.589051175732260113e+01
1.611220489152018587e+01
1.577985886754125922e+01
1.594812733068703636e+01
1.591135521882955572e+01
1.565586035250509767e+01
1.520095813243628591e+01
1.493010640873122341e+01
1.433355127967986320e+01
1.410417585942215979e+01
1.381197369492853433e+01
1.375471855933140475e+01
1.365252355609726465e+01
1.368851753886054290e+01
1.340833678939647733e+01
1.302380732517455542e+01
1.282634986571412838e+01
1.341403321324048115e+01
1.294640167997447300e+01
1.274302981527476675e+01
1.251725944795781764e+01
1.234609773056678783e+01
1.245452741167995292e+01
1.187757800389735152e+01
1.245212890338314793e+01
1.307164858670797969e+01
1.416335238028877974e+01
1.548588870945289919e+01
1.602571290359203715e+01
1.659042427632941852e+01
1.663566573846385310e+01
1.641361313644591746e+01
1.562279348532851309e+01
1.483279961064996577e+01
1.422016087021445330e+01
1.399775485884229198e+01
1.341395495310197994e+01
1.289158269377438693e+01
1.230013316936152279e+01
1.218701493596248930e+01
1.207758177010049927e+01
1.239540691910982773e+01
1.230672536067296896e+01
1.220075359112416180e+01
1.212509887710166723e+01
1.206140958713891287e+01
1.599678947303551801e+01
1.244632793980133201e+01
1.272201195814639796e+01
1.325526472083368468e+01
1.345900937090740790e+01
1.384874348182002279e+01
1.400365054308381119e+01
1.333077902801583825e+01
1.282905009763967996e+01
1.277568736222937673e+01
1.335526792807931429e+01
1.442602753397693149e+01
1.506850936283674258e+01
1.543373263567881537e+01
1.500602532646611920e+01
1.443207908219043212e+01
1.328899841789393399e+01
1.267885944465860248e+01
1.246766824227965031e+01
1.297532603559628228e+01
1.366062543577495525e+01
1.395294302263311437e+01
1.405564838218247203e+01
1.399862936290295501e+01
1.393736461253410042e+01
1.396586234528564496e+01
1.441803146720258866e+01
1.559598429758196048e+01
1.745510739561189339e+01
1.912908053816012099e+01
2.033986642401968226e+01
2.090738905250397650e+01
2.079719481685075877e+01
1.988599754489768046e+01
1.783040634074901831e+01
1.633368151696697268e+01
1.535812115336460160e+01
1.388833871153021882e+01
1.272826498595980915e+01
1.265641291269587576e+01
1.289236405365174853e+01
1.382328757459100999e+01
1.361334711621136861e+01
1.348075003027371999e+01
1.355205461081570562e+01
1.333910558215173126e+01
1.329960743165070980e+01
1.323376428224674051e+01
1.395344317000877155e+01
1.486248891225822355e+01
1.527794902805489308e+01
1.536080651514096473e+01
1.557317806565601792e+01
1.460605174118905580e+01
1.395796815008984737e+01
1.307973595941457923e+01
1.271399669975076030e+01
1.250535284033291461e+01
1.239223850518799175e+01
1.224335424245741955e+01
1.204519108107230529e+01
1.182403762549868986e+01
1.186560633991908631e+01
1.198653756167963635e+01
1.230283288034320677e+01
1.264553179429883123e+01
1.261473784022803812e+01
1.273570032040401401e+01
1.276395338631906107e+01
1.256801769661454493e+01
1.266231474029705950e+01
1.304238016892535690e+01
1.315510297646545013e+01
1.462120920985912242e+01
1.456005862151226182e+01
1.461720543445127696e+01
1.354052529290972195e+01
1.244361883097083776e+01
1.178083464117118950e+01
1.132026801956557982e+01
1.139586326512568881e+01
1.149505785609340691e+01
1.148831477841228299e+01
1.132194097532895327e+01
1.133815084403803652e+01
1.149619855266445079e+01
1.124329994516925879e+01
1.154322631690120637e+01
1.135523203047103458e+01
1.148415609728450981e+01
1.164615394682098959e+01
1.180891935240768831e+01
1.204502641677174779e+01
1.203353949725790173e+01
1.229709774398853739e+01
1.219246269215015310e+01
1.224604160939556685e+01
1.239269505559075135e+01
1.169163510350766977e+01
1.162887652252068449e+01
1.158320419026956394e+01
1.152127986147438676e+01
1.163848695136863398e+01
1.176248370642587737e+01
1.214508788289852603e+01
1.235420130342754419e+01
1.281021475956332267e+01
1.329965826946057739e+01
1.363430205460876898e+01
1.421639755803150251e+01
1.407307406970090824e+01
1.381014772919604461e+01
1.335997264058120848e+01
1.302397943067397179e+01
1.254251529586101377e+01
1.204067029615662854e+01
1.174875995382248384e+01
1.157883403811996992e+01
1.175044500974200901e+01
1.191947968349253983e+01
1.179808465939708029e+01
1.211048899248784494e+01
1.197862202440997059e+01
1.207219818790930077e+01
1.186271261669675070e+01
1.183126697088056112e+01
1.158039137479871528e+01
1.141267438774798038e+01
1.144068172274155337e+01
1.138669707941256348e+01
1.136230233489322927e+01
1.155970986029310943e+01
1.154996714353128162e+01
1.165515822649642175e+01
1.177378605173987758e+01
1.186125051051610235e+01
1.159068380939668863e+01
1.172830332964410083e+01
1.155698984689308695e+01
1.144457030087218996e+01
1.142620683120217961e+01
1.148256755778611726e+01
1.156091051979518447e+01
1.163236425072254043e+01
1.174292956331146520e+01
1.175280036519368920e+01
1.200641328289868781e+01
1.156030610841105677e+01
1.163801873357138206e+01
1.157100349224713298e+01
1.152428561272826357e+01
1.134807071668083189e+01
1.136357173310114987e+01
1.134531359597035483e+01
1.139321332945461762e+01
1.146925121014933246e+01
1.113500326123927842e+01
1.135570691911907382e+01
1.110783427691728420e+01
1.107632782450827769e+01
1.122860754800376171e+01
1.111770590452536034e+01
1.110986383507280806e+01
1.129523071530879719e+01
1.141558806306247575e+01
1.235525387068276615e+01
1.190525818909897637e+01
1.207748810729991895e+01
1.141251487068702986e+01
1.129577343254221589e+01
1.119613075985230211e+01
1.120491803244806484e+01
1.122039598098553803e+01
1.150616992854200760e+01
1.138663207461969407e+01
1.134052565649657041e+01
1.116667557858804294e+01
1.157621724381974460e+01
1.129043714943938603e+01
1.137186542570002956e+01
1.160049910728617917e+01
1.148644235883835485e+01
1.148541708286284369e+01
9.526811037227920664e+00
1.137348832030777501e+01
1.127317788248969421e+01
1.140411914147671979e+01
1.134823086331553910e+01
1.107031315059957599e+01
1.125234060820787541e+01
1.098257606176542112e+01
1.105437779822264588e+01
1.107407570811037800e+01
1.137104090730258577e+01
1.121663887716443320e+01
1.108570595746859411e+01
1.105962445029294550e+01
1.140786409182579675e+01
1.136862135516112460e+01
1.128837953871654598e+01
1.118605710088098526e+01
1.135884579720804588e+01
1.128939351893462018e+01
1.134836274312290705e+01
1.139644056258477889e+01
1.139379907912207202e+01
1.161694300376149513e+01
1.162751697161817788e+01
1.211712710260234083e+01
1.212016019315590043e+01
1.191269908582368409e+01
1.197073628714431237e+01
1.230014886386366335e+01
1.350259990327910664e+01
1.524289433890633561e+01
1.707503393186484786e+01
1.901688819740072134e+01
1.951210879392933961e+01
2.008770770116418447e+01
2.030564321269145367e+01
1.996766824735825807e+01
1.903549246911297033e+01
1.822219538245558113e+01
1.710221440153873118e+01
1.570541679678340863e+01
1.460534453835293078e+01
1.378323715471879929e+01
1.349664459489471113e+01
1.333150000769471077e+01
1.313658476440870437e+01
1.265949148875429131e+01
1.212688365795515288e+01
1.182388385531528741e+01
1.151697577103706216e+01
1.152253646946250321e+01
1.174683443746894973e+01
1.168218754409143756e+01
1.149751389180797112e+01
1.150745161805996553e+01
1.156364035420351222e+01
1.140577786485764200e+01
1.170236406492539771e+01
1.238213844676075759e+01
1.440289745898382634e+01
1.725436645379279099e+01
1.927484095821037258e+01
2.055189354831351523e+01
2.065252529344845556e+01
1.985794838118533789e+01
1.797063012931629444e+01
1.627230784881718506e+01
1.620554596004174286e+01
1.844132269547307246e+01
1.934770508771488551e+01
1.810584273503804553e+01
1.671343173474216570e+01
1.577372237900445917e+01
1.507322573166615953e+01
1.511890167496754600e+01
1.500208678300922394e+01
1.496457215225104598e+01
1.459669749386977600e+01
1.377418619631564312e+01
1.293996236931498167e+01
1.258149357834036408e+01
1.328760825765253273e+01
1.428497151976774227e+01
1.515390146532489801e+01
1.563030385944975009e+01
1.569464512677027912e+01
1.558973345356438323e+01
1.452093325551517644e+01
1.362708608271787192e+01
1.350249495926076904e+01
1.330903526823302130e+01
1.417369214037144687e+01
1.509821849364729118e+01
1.503812390750104910e+01
1.497440716451929887e+01
1.544079588140144033e+01
1.449818735132381597e+01
1.305394440634098530e+01
1.300116541268568326e+01
1.278539639056530319e+01
1.262627680281984333e+01
1.340124873701507369e+01
1.507040641708457152e+01
1.551650861183434316e+01
1.498999987047203852e+01
1.498302604019439954e+01
1.161397287143535628e+01
1.270995716079534077e+01
1.262820857079173109e+01
1.400133890857526886e+01
1.609178821709918239e+01
1.744656275549641578e+01
1.746641108998322522e+01
1.816946473629824510e+01
1.778132009500993505e+01
1.597505204034827209e+01
1.370405323614742343e+01
1.242734298861244824e+01
1.229307552180008933e+01
1.246469596727724571e+01
1.211149376065300309e+01
1.190727550246145583e+01
1.238553983467086894e+01
1.349783381400126814e+01
1.433500872672999726e+01
1.508101753918426802e+01
1.592140486350188766e+01
1.641506557950672018e+01
1.623893270350465912e+01
1.527856688700014054e+01
1.465619606626138705e+01
1.560502984823204464e+01
1.663778204251527626e+01
1.824677617014288700e+01
1.993763745435121848e+01
2.001530645227691707e+01
1.838274782164505083e+01
1.610084117026557848e+01
1.393537229388057597e+01
1.288349033217613382e+01
1.235991170622170543e+01
1.253259397530244357e+01
1.237365993106516804e+01
1.208922720571286114e+01
1.215324860839616683e+01
1.226299411038472087e+01
1.211640035495152468e+01
1.175560931265148845e+01
1.223951265472438088e+01
1.269711816575662411e+01
1.323537590454265356e+01
1.337626823319372349e+01
1.380988996217738674e+01
1.379224952107535529e+01
1.343737497852210083e+01
1.325954216862957402e+01
1.388831003044181855e+01
1.501820784076317672e+01
1.561560515878092836e+01
1.612507577988390395e+01
1.629233082625125206e+01
1.530351513958372323e+01
1.396443907337740598e+01
1.262108799760326328e+01
1.178213195926397994e+01
1.189928441552769556e+01
1.209187941940320066e+01
1.219590049250040842e+01
1.219969931977271571e+01
1.211980863459100100e+01
1.165128008219297762e+01
1.151719347341454736e+01
1.199016978394280741e+01
1.181003883564141077e+01
1.167501507727424048e+01
1.147143918745156377e+01
1.189359159953028566e+01
1.238784975636629149e+01
1.244549665395977023e+01
1.269526595444720840e+01
1.247970807456247755e+01
1.313729360688089010e+01
1.353011490588265531e+01
1.314429555955975459e+01
1.303266221064113495e+01
1.347654473168220335e+01
1.400591161429908027e+01
1.408836186655651090e+01
1.375672130013909111e+01
1.294664026631153320e+01
1.247191826409607884e+01
1.223896208754770143e+01
1.176574271810486927e+01
1.098421338528295088e+01
1.106171786836625870e+01
1.092756290299946187e+01
1.093215640969665614e+01
1.088752484298811041e+01
1.098439441317886534e+01
1.107633118680833739e+01
1.144036387446722713e+01
1.172087633306746923e+01
1.132081214411759618e+01
1.074648605814813784e+01
1.080589580981314946e+01
1.039598639717334905e+01
1.050992091850326382e+01
1.045373161335814238e+01
1.076796367719371972e+01
1.127933487088507825e+01
1.176640460814012634e+01
1.194835465778264094e+01
1.201464518920315427e+01
1.178176142022580208e+01
1.188068520910169212e+01
1.208348577586341754e+01
1.261035897899789404e+01
1.286870276423324810e+01
1.318107863558538639e+01
1.329620619916513036e+01
1.303642181922110588e+01
1.294006419327025270e+01
1.234991851441478516e+01
1.172965928414509307e+01
1.122370023743523326e+01
1.111326807132728689e+01
1.107824772094697607e+01
1.127411879369045877e+01
1.101437179448002368e+01
1.119502420924561648e+01
1.137204148112111213e+01
1.145181869723502821e+01
1.152381175766409349e+01
1.161051465885948453e+01
1.163737017845024901e+01
1.142202468289308648e+01
1.139426982377423414e+01
1.152708585127124685e+01
1.144748760574458935e+01
1.157385274272101761e+01
1.132649740695495666e+01
1.139769200286651696e+01
1.149434105804251338e+01
1.149603076935113322e+01
1.182486017341621221e+01
1.186218023287284851e+01
1.158810363596069948e+01
1.132889609627070904e+01
1.137891611525517099e+01
1.159352743434775768e+01
1.172988324297145013e+01
1.197043627412812405e+01
1.189954511047562313e+01
1.179043644792919210e+01
1.166758252835962040e+01
1.120599181897699559e+01
1.088729454933676877e+01
1.089891259423293235e+01
1.086084247559453964e+01
1.068988835259761316e+01
1.083317089411897882e+01
1.078488537033772054e+01
1.092783041702160851e+01
1.108550453280284742e+01
1.133563499867037550e+01
1.119616685549751445e+01
1.129909245769625592e+01
1.125436890577818794e+01
1.149238273301942570e+01
1.108707489828652903e+01
1.123498133304296509e+01
1.100396766647862101e+01
1.089529453943177906e+01
1.078330310811342230e+01
1.092488215216669367e+01
1.088028623834441611e+01
1.120287393519201302e+01
1.080003509022932562e+01
1.089459004052086932e+01
1.071383713796591763e+01
1.080130009538986968e+01
1.111785831469889629e+01
1.069125830669106847e+01
1.079854544743406741e+01
1.088826224217233474e+01
1.115481740593704352e+01
1.139267344030442608e+01
1.114096338082153537e+01
1.112545335302485583e+01
1.099430303908049211e+01
1.098982010462336056e+01
1.082123622895568182e+01
1.065233522432889046e+01
1.067443616987185351e+01
1.069204055877042059e+01
1.092639006628875187e+01
1.140561676181454054e+01
1.158816628336155041e+01
1.194346861855906283e+01
1.179861733166470295e+01
1.213737788485176416e+01
1.219628593692698537e+01
1.194374749005271852e+01
1.191307012426713641e+01
1.157916509728399213e+01
1.126574767043419101e+01
1.097736323694723559e+01
8.925661167172265209e+00
1.083122873269532427e+01
1.102661393505247567e+01
1.109457357568602021e+01
1.119146414059222927e+01
1.141429747932771477e+01
1.150339304654708350e+01
1.195625152844073824e+01
1.214457474802979320e+01
1.236469961742063361e+01
1.302183132496133844e+01
1.342358724858869223e+01
1.357150089028720075e+01
1.359560964361383562e+01
1.422411485985580093e+01
1.485132824268904095e+01
1.502574919896879813e+01
1.420979947845031433e+01
1.463295102125787039e+01
1.521722281882312089e+01
1.415350958796503456e+01
1.298537320872412160e+01
1.315513419290721586e+01
1.347431443542737028e+01
1.367203070819266664e+01
1.497401159993409436e+01
1.645077575005962700e+01
1.602401735078014156e+01
1.341369391679146972e+01
1.202828461011724137e+01
1.264259075633477813e+01
1.459537296301009768e+01
1.493195939066708888e+01
1.396017987908106761e+01
1.286731145413761723e+01
1.309205646105797527e+01
1.315188914365415762e+01
1.383618160928929441e+01
1.471173474037650131e+01
1.485116197405808158e+01
1.366514901000701521e+01
1.313322921830313739e+01
1.355759512502929098e+01
1.321678403876078356e+01
1.215634707736984232e+01
1.155735089606533350e+01
1.149229408346306691e+01
1.130730715207559456e+01
1.091937282969703382e+01
1.035448976632994444e+01
1.062757112795144465e+01
1.107918076848715394e+01
1.118155197318304062e+01
1.140125119872985415e+01
1.091759958692349386e+01
1.069256033158427677e+01
1.096088297044352444e+01
1.168591090460507687e+01
1.197688829844844705e+01
1.167752697971366516e+01
1.167719259692669276e+01
1.196460799709441325e+01
1.179644909087443416e+01
9.334387726749124425e+00
1.326193257861172015e+01
1.519651190109457417e+01
1.638817807579282260e+01
1.760037306850291117e+01
1.885061215635483478e+01
2.184361234004611418e+01
2.615961476406053166e+01
3.207065886610580918e+01
3.388753494510354614e+01
3.441956434569721779e+01
3.556050401901987357e+01
3.340197455206865129e+01
3.073815554081818746e+01
2.733304182955792783e+01
2.367187940136611957e+01
2.040707650894358594e+01
1.922132448860918075e+01
2.051738207838492656e+01
2.081153946615164685e+01
1.795216651583079681e+01
1.625565711578617822e+01
1.588046266115776639e+01
1.534269232061926225e+01
1.408224659546070789e+01
1.334467518061841140e+01
1.323766667105552131e+01
1.345860305909588917e+01
1.441355557652705599e+01
1.457429083211598986e+01
1.335849298071394564e+01
1.272559185268061199e+01
1.291101161463011415e+01
1.340666975932971994e+01
1.422626999742150922e+01
1.764925566988614136e+01
2.304922790996242910e+01
2.983189773580383886e+01
3.754376685465411612e+01
4.105149289134202206e+01
3.601159168285791168e+01
2.891914057541441352e+01
2.382652730151948717e+01
2.072382596006227473e+01
1.952438254279984520e+01
1.899888586395081447e+01
1.940882278435969255e+01
2.047670066419651391e+01
2.014018415446049559e+01
1.865961833862846220e+01
1.725197880507872839e+01
1.615294804237576543e+01
1.502032041882365476e+01
1.548470860417264205e+01
1.532472627344717075e+01
1.500378327038480464e+01
1.437237075118270369e+01
1.459248087850126652e+01
1.502564353793964713e+01
1.581814860997982741e+01
1.787713789059187874e+01
1.991774397731665758e+01
1.927201359687061100e+01
1.732156072279724768e+01
1.583025591552937605e+01
1.550927085333798239e+01
1.542460087119329515e+01
1.480982805233084143e+01
1.470410656055431176e+01
1.694575331845809885e+01
2.036707622236316695e+01
2.441134584989390532e+01
2.777979509489229315e+01
2.951329181382222089e+01
2.721593717591631290e+01
2.203285422879176991e+01
1.726156734267652837e+01
1.391203700180401093e+01
1.206228402413170819e+01
1.190705311510179065e+01
1.346330547193571014e+01
1.593708163238413711e+01
1.750752454545787273e+01
1.829158983364979463e+01
1.900990805149612584e+01
1.871938805022096730e+01
1.717134449192367285e+01
1.476737472892691549e+01
1.265851681510116755e+01
1.281154297862708269e+01
1.620905262550740034e+01
2.076435315964603134e+01
2.449029962213281664e+01
2.638148352788089568e+01
2.719376244202532433e+01
2.602606707586337720e+01
2.195948050142736818e+01
1.757903054587449532e+01
1.468851852623647503e+01
1.323208378761422388e+01
1.262154802001087006e+01
1.198064516804239688e+01
1.180541517738583401e+01
1.191655477003168073e+01
1.240362889431997395e+01
1.392330726499659832e+01
1.613647878403258318e+01
1.756840345151082872e+01
1.828235781074816657e+01
1.876586928660348619e+01
1.762446333315526914e+01
1.585821466937946944e+01
1.424119861916100049e+01
1.418002042833680321e+01
1.669303867169968214e+01
2.073397713652973806e+01
2.392176113528919501e+01
2.498051762494235106e+01
2.466412859762608889e+01
2.275853714773404590e+01
1.939278869059074140e+01
1.593855441166457787e+01
1.346358305371902198e+01
1.214782695348789865e+01
1.165630743499031396e+01
1.125624179170348960e+01
1.156113627016014611e+01
1.146540028375842368e+01
1.150687112566224535e+01
1.121363535277079571e+01
1.097490249611757029e+01
1.114129636955998137e+01
1.160330445136371758e+01
1.332759430192548500e+01
1.491872693533861316e+01
1.623395292092961384e+01
1.671306137847606266e+01
1.655427921086746679e+01
1.668675702597244381e+01
1.522754944769886798e+01
1.427154417792638874e+01
1.474162824226316815e+01
1.687302780147087233e+01
1.895173780199077385e+01
1.999222758421111124e+01
2.050262091635104156e+01
1.959198372933368049e+01
1.732217308194996264e+01
1.479638887676681946e+01
1.288203110064118739e+01
1.235176852647584234e+01
1.224172267105807244e+01
1.270219443533604320e+01
1.277397850072678587e+01
1.319044411612602552e+01
1.267459694424571737e+01
1.241201811298938118e+01
1.164302778916225556e+01
1.146714348338744038e+01
1.133930184746649594e+01
1.123709423022252452e+01
1.103984925550085450e+01
1.108209727306361536e+01
1.109416591853326572e+01
1.150807112135535348e+01
1.221422779924619029e+01
1.340128201918562922e+01
1.416996769114392762e+01
1.457812326686957860e+01
1.463975472866922090e+01
1.493605463812585477e+01
1.438298450927734606e+01
1.502047711286227205e+01
1.698216826199774587e+01
1.757348470837695587e+01
1.479134639956351371e+01
1.686170864470118858e+01
1.554822292738594847e+01
1.370382043288915241e+01
1.231357711125538934e+01
1.122893196427506979e+01
1.072289133921507265e+01
1.060970644042579636e+01
1.054958181908299686e+01
1.063672005449452840e+01
1.075829069581520336e+01
1.055958467144394675e+01
1.070566859514033808e+01
1.077387475907920944e+01
1.092246620565441262e+01
1.085318334982635591e+01
1.111130611418858827e+01
1.160926809837823726e+01
1.185135074099548191e+01
1.230206340201508297e+01
1.265908552221949712e+01
1.316913123914716088e+01
1.357559422970907370e+01
1.374579364784031554e+01
1.404893661894512746e+01
1.480720193239769955e+01
1.516388597470277233e+01
1.579865088758836933e+01
1.609380945311482236e+01
1.607684308698276965e+01
1.579913755037861023e+01
1.576170495697020435e+01
1.568131726202922671e+01
1.586629186626532828e+01
1.652307866112005641e+01
1.700410907138412142e+01
1.739674999527062482e+01
1.686922322377266070e+01
1.615998845988123023e+01
1.515369812147920392e+01
1.394219436671711065e+01
1.280117953242805839e+01
1.210356449823071401e+01
1.191258560682172529e+01
1.212553119924825040e+01
1.230226722542619733e+01
1.251084735301743933e+01
1.221797563623295879e+01
1.257014512578644627e+01
1.187377779876558037e+01
1.132561486504248371e+01
1.113671009561588399e+01
1.114117737940448194e+01
1.111217468528453090e+01
1.109162742758017295e+01
1.098170177647818591e+01
1.082129535337690207e+01
1.087843798428719744e+01
1.078069824007704014e+01
1.098924889598051990e+01
1.094926610221435226e+01
1.079471148175078454e+01
1.109121522473298782e+01
1.149817188214448471e+01
1.203628065035601757e+01
1.213352043568928273e+01
1.253083236915586163e+01
1.346061460472107818e+01
1.264612512788154319e+01
1.903158442507896098e+01
2.087941946355815048e+01
2.159890582702491812e+01
2.140881463743782831e+01
2.027223771446950806e+01
1.819220948880699140e+01
1.643062866461676563e+01
1.530432242732579518e+01
1.483509081021172094e+01
1.439685169191881187e+01
1.352877407028799261e+01
1.276793687666303612e+01
1.205760852530461946e+01
1.215777460409718103e+01
1.209885391824981760e+01
1.241238924595995563e+01
1.241456071312502019e+01
1.225405212030639213e+01
1.204482371213329905e+01
1.169913228866656851e+01
1.149802110631606311e+01
1.143069091119945391e+01
1.123558019318923940e+01
1.142424449921924356e+01
1.122701118857704294e+01
1.133513436481665515e+01
1.163219367700195939e+01
1.244275705267722820e+01
1.328703467567958896e+01
1.385887231668655772e+01
1.394819317698698491e+01
1.407594103179163980e+01
1.355994015930075136e+01
1.310701637072235037e+01
1.230343915415011402e+01
1.195530542747572333e+01
1.205022546508061332e+01
1.235152180283511392e+01
1.333666573011296919e+01
1.543067606567514893e+01
1.737109205461687722e+01
1.879407053413896378e+01
1.967529758732761636e+01
1.946394073245406986e+01
1.837322671184740486e+01
1.632909532554781507e+01
1.432673477144209961e+01
1.264784616988046473e+01
1.174366464175500191e+01
1.166057526436948777e+01
1.190718268506729771e+01
1.291647691196134495e+01
1.428570926123791018e+01
1.496264064341718125e+01
1.523762617405481024e+01
1.514756005435511454e+01
1.440931448507834212e+01
1.389480353814085944e+01
1.434327835546598884e+01
1.761158732704241103e+01
2.375228024259381954e+01
3.158737102488820625e+01
3.666035626920817947e+01
4.155476446466013130e+01
4.931547505377397300e+01
5.870363770483707810e+01
6.328464271268391172e+01
6.136086146201780167e+01
5.467953286565414572e+01
4.736443871576665288e+01
4.170658810615752543e+01
3.710926793499377396e+01
3.314119582212354942e+01
2.902925586674196268e+01
2.580740197696106009e+01
2.230451949661808086e+01
1.978573435478266163e+01
1.798924735638016159e+01
1.626834900657109628e+01
1.478985447998968716e+01
1.549204666223002391e+01
1.826173866777983790e+01
2.178527747392995551e+01
2.445976178581479132e+01
2.582901916408549070e+01
2.408527049422743715e+01
2.427532143562116929e+01
2.883045491490346279e+01
2.927574120943121372e+01
2.833051886013569387e+01
3.154343446881589230e+01
3.068743955063156648e+01
2.457075159539589748e+01
2.263674806513277460e+01
2.298780613440816722e+01
1.942505528264181081e+01
1.695181514198966966e+01
1.835353128280007340e+01
1.959335993307873736e+01
1.678085660365866616e+01
1.571066999267219799e+01
1.828903049267757197e+01
1.844938931276885441e+01
1.576617700650617770e+01
1.474510471379757526e+01
1.654303655689964359e+01
1.744283807629040695e+01
1.562725497811638498e+01
1.498377295451726887e+01
1.710162958113987486e+01
1.856952509693480380e+01
1.658130047480219815e+01
1.463925652162043001e+01
1.508168004228325465e+01
1.670003899763391431e+01
1.935716294286422468e+01
1.831249470945271440e+01
1.681681999956524720e+01
1.369523456169803666e+01
1.283132163840995865e+01
1.326795258753577400e+01
1.305730548604468133e+01
1.247655356662078496e+01
1.186884616173402840e+01
1.214789513541826693e+01
1.247133892626130347e+01
1.257837058002202291e+01
1.222495800790976794e+01
1.197007645149864175e+01
1.222978756999075500e+01
1.282448080526193657e+01
1.335149956408805849e+01
1.314989402999167822e+01
1.303732551054374866e+01
1.293548297076538667e+01
1.321305759998316276e+01
1.361603055023487840e+01
1.361498700752363433e+01
1.401917984464238742e+01
1.372246649166016397e+01
1.360392077941270372e+01
1.379167244739548970e+01
1.378935208156172720e+01
1.398603714426666755e+01
1.426822280657384923e+01
1.469505989107038246e+01
1.487480015625052765e+01
1.489184416637449715e+01
1.424048946115803815e+01
1.337790560134608953e+01
1.263494662773179478e+01
1.222124432301340136e+01
1.285824976033425493e+01
1.575282500406158981e+01
2.126921300439309093e+01
2.544495494581232009e+01
2.943024443974552540e+01
3.373803143927678860e+01
3.755669698858774552e+01
3.833950410450035662e+01
3.669377141223051808e+01
3.402887336891760839e+01
3.089146634284855963e+01
2.655067538847316300e+01
2.239773369000411662e+01
2.013008480009910528e+01
1.927066738446949756e+01
1.952288670499768486e+01
1.942953531928244360e+01
1.857920183189655461e+01
1.709489194182987148e+01
1.552302218073872986e+01
1.437588597872183627e+01
1.388406387751108895e+01
1.407999765181667406e+01
1.417477440866804805e+01
1.441314746738498087e+01
1.401666902877633269e+01
1.404549595259022432e+01
1.360163166873593887e+01
1.313158879500796594e+01
1.290420835839615599e+01
1.261215909659191858e+01
1.291181151790770443e+01
1.422735306251594700e+01
1.845070063532404703e+01
2.535922142923397971e+01
3.102387458671630682e+01
3.449625491886652640e+01
3.587180344544215416e+01
3.507989042807661662e+01
3.039246073112706981e+01
2.419978782407025619e+01
2.044821707012303591e+01
1.996627380083580761e+01
2.121241427041285021e+01
2.211311533699527487e+01
2.213747022270684184e+01
2.115570124453102352e+01
1.894395989255831836e+01
1.605077953632251209e+01
1.395009978044176613e+01
1.286543976480017726e+01
1.276260615227202955e+01
1.327228860421241841e+01
1.465270633579373261e+01
1.598313066804013971e+01
1.675280458023350505e+01
1.699480589336355507e+01
1.667008278512546582e+01
1.670744161052376953e+01
1.762768142540046767e+01
1.815313347465369986e+01
1.894622964793798658e+01
1.912214154848086167e+01
1.884460182394884242e+01
1.742410697669217612e+01
1.561054810229071421e+01
1.459663443565448482e+01
1.392352842916438505e+01
1.429725869158944107e+01
1.632202069902748676e+01
2.073388885714663132e+01
2.572014584560316308e+01
2.881753048363897562e+01
3.001158319670019381e+01
2.979244040824950446e+01
2.700758982816783771e+01
1.763920543814091957e+01
1.614167731566708852e+01
1.365323422867697367e+01
1.280649593773360273e+01
1.295544729095003689e+01
1.449497896316086809e+01
1.733346173557125880e+01
1.952345621221386907e+01
2.106811208340842256e+01
2.169666268409831744e+01
2.111655832867817750e+01
1.939522816605197164e+01
1.706772013782352104e+01
1.490095451877135702e+01
1.426575946467090183e+01
1.507277861776289285e+01
1.907216224710832719e+01
2.511566163424787845e+01
2.984306406667401035e+01
3.222802151540537352e+01
3.317874142921626657e+01
3.142025392423406416e+01
2.664738419787772727e+01
2.129073210839266039e+01
1.695175429079825946e+01
1.439127374120616842e+01
1.330414242944459957e+01
1.308153690966640958e+01
1.274072802202933197e+01
1.279803602622883396e+01
1.261117516876754863e+01
1.260260324512397290e+01
1.373353414353976554e+01
1.588407524694549089e+01
1.841032841808284815e+01
2.017314361806833389e+01
2.073913006210745280e+01
2.063187764698337290e+01
1.943574557882531195e+01
1.730607959415799257e+01
1.599443376002854578e+01
1.615360565506421864e+01
1.927868999494243241e+01
2.448531012455649858e+01
3.076043588798743045e+01
3.447218339509475982e+01
3.621458277143387505e+01
3.576351124811051108e+01
3.318310076666826092e+01
2.950311402443141517e+01
2.648737589474857756e+01
2.499562670996120417e+01
2.376652165651568893e+01
2.307238166930016021e+01
2.181653603164147981e+01
1.992036013992057875e+01
1.873042107559291480e+01
1.965551215697391640e+01
2.209150700970408465e+01
2.434437672315451096e+01
2.508711768267937359e+01
2.453987712220553519e+01
2.320249353337739251e+01
2.097910245824101949e+01
1.895400035036979602e+01
1.879467516690126061e+01
1.975599132952785908e+01
2.156470008278873962e+01
2.274823303498607885e+01
2.263496044550322850e+01
2.136648078032050790e+01
2.034228047720356614e+01
1.895293417742485786e+01
1.947522267505394922e+01
2.227051529756800718e+01
2.507127380172331499e+01
2.704880105083323372e+01
2.759752648018704235e+01
2.682904272238703314e+01
2.419815456463719272e+01
2.012458126443859996e+01
1.653857725714159699e+01
1.439303600293716023e+01
1.359325375427856386e+01
1.364674297319036000e+01
1.382834241655358731e+01
1.335214953653136938e+01
1.301224037309270365e+01
1.278321404854100507e+01
1.316661983282123494e+01
1.349290930822593104e+01
1.422827117243005368e+01
1.665385818647436267e+01
2.170452559681564253e+01
2.815745564569969872e+01
3.314289384343622658e+01
3.694515363896861260e+01
3.786970051441355167e+01
3.595642034840825829e+01
3.189108094697681040e+01
2.888266097074350469e+01
2.746818301634701953e+01
2.695675231371955505e+01
2.651104731510665147e+01
2.534000895384937024e+01
2.224590878688141160e+01
1.914784255547404968e+01
1.754021911541947887e+01
1.845181036449966427e+01
2.059121088782449149e+01
2.226927652381354150e+01
2.294339457360272405e+01
2.257922938063809326e+01
2.130561849185421153e+01
1.863545985210534184e+01
1.590325034782359381e+01
1.399932348410177241e+01
1.320312281963087031e+01
1.283813947026786195e+01
1.291163867348749328e+01
1.308070278357707750e+01
1.355356142823349863e+01
1.465420340916921838e+01
1.643160452069002986e+01
1.836952700419217877e+01
1.969239736026207410e+01
2.009187994430434188e+01
1.988829806839401826e+01
1.911269163496038104e+01
1.682396541728075690e+01
1.510509743413546424e+01
1.385506502563174358e+01
1.367845908912565989e+01
1.400490210982122363e+01
1.492982826567934929e+01
1.770988634804198014e+01
2.381561031456991273e+01
2.875321424643424706e+01
3.161123223767081569e+01
3.322050819635401098e+01
3.270319701377781030e+01
2.292577620366746416e+01
2.186407733179671098e+01
1.794939611075989916e+01
1.533186536985694026e+01
1.461025480635542806e+01
1.522914116506182580e+01
1.717438436068665553e+01
1.989989879014434493e+01
2.293953910302310106e+01
2.497404875014474612e+01
2.537570225813930946e+01
2.489560849442630186e+01
2.313362605021578844e+01
1.979410293157233269e+01
1.672917981896705797e+01
1.486815849051543204e+01
1.456566910451031482e+01
1.620007314370347018e+01
2.140140654972411127e+01
2.821638861028247547e+01
3.324265588402781901e+01
3.570690062188424463e+01
3.626001483034978179e+01
3.488500836471622790e+01
2.991763917092107050e+01
2.359595599781825115e+01
