1.841759496706027903e+02
1.616983662777762163e+02
1.600291694957048776e+02
1.566127758058712516e+02
1.536920579955045696e+02
1.567445550432698269e+02
1.544698421486010034e+02
1.526455620501729982e+02
1.509603269136011647e+02
1.522697307508280744e+02
1.548491884583912110e+02
1.525770768342486008e+02
1.554071744798297061e+02
1.583626929663408589e+02
1.543833013698988452e+02
1.573767275707841975e+02
1.566661512337890940e+02
1.565280136071598633e+02
1.502751723697842010e+02
1.519950012707548979e+02
1.536331392106683893e+02
1.499355450343927316e+02
1.542805164810197311e+02
1.486421651180255878e+02
1.583549897064975767e+02
1.562873845756039657e+02
1.457370854492730814e+02
1.487938377739508269e+02
1.555675129575100755e+02
1.479307419121070666e+02
1.499141270801933956e+02
1.540420220757864911e+02
1.496176167340203165e+02
1.474591291824902157e+02
1.496944346217480870e+02
1.488413946717165857e+02
1.517434388839954806e+02
1.509877050731679731e+02
1.495942186184398679e+02
1.468012413114657875e+02
1.461059403982198717e+02
1.476712880394259457e+02
1.475827947458184894e+02
1.437261250766073601e+02
1.481312548443130197e+02
1.515931905958179300e+02
1.456586692626254660e+02
1.492267858202164348e+02
1.457711053796195699e+02
1.432872144646128731e+02
1.472317218185937975e+02
1.418506961751685083e+02
1.426231010604740561e+02
1.405051383703138583e+02
1.414685463169426782e+02
1.446856773440735537e+02
1.401400630913844054e+02
1.437563241618115342e+02
1.522858769273877897e+02
1.602338661125106114e+02
1.574403490185800081e+02
1.483310420456151633e+02
1.435038636190492696e+02
1.389939374389336422e+02
1.423461906588208592e+02
1.387554502355176282e+02
1.391594022314603762e+02
1.411522020766552430e+02
1.408029226818096902e+02
1.423696130883182320e+02
1.433839799106958424e+02
1.395974911762501733e+02
1.415006069311489227e+02
1.394389649076469766e+02
1.418820768150782214e+02
1.452881247072146493e+02
1.408988170321197799e+02
1.441600810742578744e+02
1.418444493772036026e+02
1.410721576307674638e+02
1.400834424885410954e+02
1.423719165229083217e+02
1.417086880880148101e+02
1.431445446892648761e+02
1.425471184981711019e+02
1.385142979986234764e+02
1.383019822375021022e+02
1.387182904594921240e+02
1.405870151331821205e+02
1.371729193872866972e+02
1.353557341823793365e+02
1.362598143573479774e+02
1.371714863783997203e+02
1.397224688807949065e+02
1.395839388789238171e+02
1.397256042433171501e+02
1.407084718117089324e+02
1.380405441995866909e+02
1.352751301850714185e+02
1.343340692131986884e+02
1.362365712450130388e+02
1.320924913087729635e+02
1.342151301274877540e+02
1.403564206944611499e+02
1.356193077718176028e+02
1.364640950681051947e+02
1.399796136881272162e+02
1.335104494673013278e+02
1.380473023161341928e+02
1.344539730905692352e+02
1.410925533286658151e+02
1.342601699949588578e+02
1.389298108629618298e+02
1.363860422967124464e+02
1.412686674691830149e+02
1.394587868720371375e+02
1.381890349336728718e+02
1.349578935226334409e+02
1.359583295013443944e+02
1.381175884870889092e+02
1.371876127091859132e+02
1.369755917561750209e+02
1.337152127388543477e+02
1.309455418935109776e+02
1.301039415432855151e+02
1.318234476069816594e+02
1.368859668692590503e+02
1.306926779386312205e+02
1.369656023645255232e+02
1.377874164629353686e+02
1.339859697972837296e+02
1.400749364279348583e+02
1.355375967385552940e+02
1.321821955033222480e+02
1.311188788710891799e+02
1.366191412437788415e+02
1.377326168758864924e+02
1.330320173488234161e+02
1.303551252698847520e+02
1.304309134622999977e+02
1.291649237836699626e+02
1.304691910434567319e+02
1.310086030290707129e+02
1.312609509428419585e+02
1.288112790060375517e+02
1.312260706245798474e+02
1.285400703641851123e+02
1.302926720648658829e+02
1.304237323537538202e+02
1.270771688827537105e+02
1.270520665745504658e+02
1.301092258064473981e+02
1.291407032640218802e+02
1.296719688164937168e+02
1.269848864648336360e+02
1.288017625878240437e+02
1.282478485666360086e+02
1.286279552092782694e+02
1.309850230587968838e+02
1.294011964686101521e+02
1.279973529109725803e+02
1.312130330668146883e+02
1.316972317398176529e+02
1.308235683428934237e+02
1.325673055888127010e+02
1.313138623325564254e+02
1.298506965650627478e+02
1.271105154743393371e+02
1.299446631262599681e+02
1.258775430811168690e+02
1.322319456988037985e+02
1.277747480116480858e+02
1.292948303682030939e+02
1.261733573434194682e+02
1.257114654298062533e+02
1.269314917810791030e+02
1.287833340833754505e+02
1.267265600958277929e+02
1.243469808862352437e+02
1.275566536727854299e+02
1.256248945743258787e+02
1.281626122669013341e+02
1.279753583735689233e+02
1.258146004771403170e+02
1.266711327205287319e+02
1.268502180529473549e+02
1.252533256199073719e+02
1.257883368589314301e+02
1.264786931978663773e+02
1.244189671976072162e+02
1.262175296289297819e+02
1.257454686827521613e+02
1.289553815109632353e+02
1.262475370699520028e+02
1.273258061915347525e+02
1.259534898439353867e+02
1.254214078114782893e+02
1.217784241428656458e+02
1.219160857185899971e+02
1.219050408870143514e+02
1.244839452776143389e+02
1.223979550030880006e+02
1.232243895985098732e+02
1.242243688923379494e+02
1.227963722488948406e+02
1.198905385784291724e+02
1.242750251801903403e+02
1.236140241040107810e+02
1.206472930843091831e+02
1.235826410386126923e+02
1.210854628957668666e+02
1.207683536574960499e+02
1.214562696823991388e+02
1.219549421444978492e+02
1.239315635110375950e+02
1.234865657122260387e+02
1.214517680125968866e+02
1.223265449533906946e+02
1.195487816051714560e+02
1.194174696524992925e+02
1.203442963984611680e+02
1.173201574850677815e+02
1.189782658093397743e+02
1.172439822857645169e+02
1.161555716208144418e+02
1.166819035512675242e+02
1.207946452787727054e+02
1.198574355553723905e+02
1.192095362499596405e+02
1.172604589497039456e+02
1.158468938763547982e+02
1.184636517245207017e+02
1.188068625606680371e+02
1.203431980121502676e+02
1.210437660588998199e+02
1.195538112567386975e+02
1.231502766703992791e+02
1.232488484735551424e+02
1.210823429477198374e+02
1.185030682152500106e+02
1.178499239531450371e+02
1.201395458191625494e+02
1.188688889644033253e+02
1.182916104224764666e+02
1.200436629779018602e+02
1.192081891704443848e+02
1.228057476647756232e+02
1.205869670598379173e+02
1.189362868763202243e+02
1.214696166517854721e+02
1.201453351794970530e+02
1.199014107127601392e+02
1.203182115548113131e+02
1.174990734626774582e+02
1.184334141962120981e+02
1.191622162157749045e+02
1.183416602558690300e+02
1.196002756652339230e+02
1.178343119028790085e+02
1.203410732994403958e+02
1.185563487038480588e+02
1.180052373943569393e+02
1.205075722298719256e+02
1.185102507513402372e+02
1.186308274109461536e+02
1.178650734545524017e+02
1.171061758088438722e+02
1.206089280447088328e+02
1.194557590725036107e+02
1.187564369544118534e+02
1.197020629527746820e+02
1.177781800143996662e+02
1.171240036788519063e+02
1.178747939515874492e+02
1.180153218735469665e+02
1.166250298210157013e+02
1.168245464717892332e+02
1.174442208698658021e+02
1.187176081302015405e+02
1.204013342852171178e+02
1.207511739684349124e+02
1.217348997710723211e+02
1.206040972317525899e+02
1.206205300699249818e+02
1.213796312381266915e+02
1.196503421515098324e+02
1.185524421594849969e+02
1.208639078523578121e+02
1.176382689567697497e+02
1.163278454034425806e+02
1.172009575367697778e+02
1.222429840024084200e+02
1.247454078543079135e+02
1.295701994642457180e+02
1.249728736030528466e+02
1.247414762285716847e+02
1.213319230826246553e+02
1.188864892371518636e+02
1.223111067276252442e+02
1.228861028309564176e+02
1.245214387697668030e+02
1.240283582052879723e+02
1.243129327636498545e+02
1.388526257006502078e+02
2.193139935407695589e+02
2.368001245237393277e+02
2.332454051499590264e+02
1.891863091088172268e+02
1.342558746394363425e+02
1.232850861585211959e+02
1.238705299464696168e+02
1.208213673252593310e+02
1.217719684487609015e+02
1.223870907008290061e+02
1.230966944289752689e+02
1.229973686631481797e+02
1.193310301343429245e+02
1.210188488207334814e+02
1.227781530669625027e+02
1.229912649484384701e+02
1.222436076838684187e+02
1.190158788250320043e+02
1.193857782755817425e+02
1.183925569165138825e+02
1.182046259958599421e+02
1.161565223622928755e+02
1.175826954614931736e+02
1.179975853775641781e+02
1.163796491051652566e+02
1.162032008722589040e+02
1.183879707841206113e+02
1.177520790626098233e+02
1.153079007585832159e+02
1.168388102752375630e+02
1.140459758557294805e+02
1.180663501651247884e+02
1.139650174762910808e+02
1.170212046930381575e+02
1.162883068063437975e+02
1.145191247211790113e+02
1.153509506726153973e+02
1.147631280639221245e+02
1.163715732710862341e+02
1.145346324180174662e+02
1.091534466626549289e+02
1.151538174715747118e+02
1.108254102455522911e+02
1.125202905570781411e+02
1.143105962049306044e+02
1.124361113819802824e+02
1.164060789666250173e+02
1.162023638071240583e+02
1.145147587382103467e+02
1.152643022284325269e+02
1.137331638607593902e+02
1.139037090167561530e+02
1.151506971743896202e+02
1.124444144205684637e+02
1.131589203559240104e+02
1.133705623408769867e+02
1.174898116133646653e+02
1.158556018528713025e+02
1.161026141974663233e+02
1.162637632594809673e+02
1.162731485258331503e+02
1.164981899551374624e+02
1.137317210708543627e+02
1.142984937179748499e+02
1.108704578322980439e+02
1.111176582999342060e+02
1.124196008146401624e+02
1.097255373737749693e+02
1.112241377682273367e+02
1.105066832396633743e+02
1.138363624761238384e+02
1.121881338860895028e+02
1.137317446454557199e+02
1.099596463749331434e+02
1.113408889652094871e+02
1.122944044314836276e+02
1.123305615938779738e+02
1.120279103211112925e+02
1.100579411180752203e+02
1.133433455772367324e+02
1.115633802578154103e+02
1.110403688845166386e+02
1.102368281068486624e+02
1.106199862781079020e+02
1.104642023189666702e+02
1.114701221559654272e+02
1.127402454250862149e+02
1.106329377334207891e+02
1.109260909915766717e+02
1.111988153996198889e+02
1.121921196015143067e+02
1.109514076608411415e+02
1.094619566885067030e+02
1.104543973573681512e+02
1.100846080164853760e+02
1.100942809892474372e+02
1.096499457709714989e+02
1.083698957561373675e+02
1.127211797770759318e+02
1.131557939589346375e+02
1.092703318833364108e+02
1.129173415891490464e+02
1.107750015003504416e+02
1.096824813692958287e+02
1.086321954696484511e+02
1.090346183594850800e+02
1.112277048675968274e+02
1.088183646982461852e+02
1.108880918464050040e+02
1.121770952547205411e+02
1.108326238763074088e+02
1.086058970383902818e+02
1.098024941194279904e+02
1.128352019423779495e+02
1.118816229640496971e+02
1.103927146233549479e+02
1.105927157231921001e+02
1.100937204682499839e+02
1.113815078815085684e+02
1.099974588876041395e+02
1.097689150483489726e+02
1.110961929524258807e+02
1.098893484549333408e+02
1.081815506165024487e+02
1.095508850389911828e+02
1.102367195518003342e+02
1.099577771094779592e+02
1.115099173471542855e+02
1.078646282685393345e+02
1.113678635408350885e+02
1.101860600221918105e+02
1.083766095719633284e+02
1.102623939362144654e+02
1.115127596380547317e+02
1.112254259836887655e+02
1.111256127212356546e+02
1.095090003398959340e+02
1.098354942181787948e+02
1.089302448490539064e+02
1.098459748316832219e+02
1.084611979836311093e+02
1.092314693961700129e+02
1.104313639892065737e+02
1.090189012933780219e+02
1.097894416528801287e+02
1.113369351321086924e+02
1.110643548017641677e+02
1.118931396634239093e+02
1.169737191102450566e+02
1.119582146940157088e+02
1.138300735654694762e+02
1.107239761986929096e+02
1.122002714261184764e+02
1.091616822828176225e+02
1.132978784353663144e+02
1.091415348435099730e+02
1.139275971314373805e+02
1.213347890837763572e+02
1.223467706937092032e+02
1.208677376745597485e+02
1.225777379724534768e+02
1.199445731932454322e+02
1.183448969069809777e+02
1.152234556265525072e+02
1.103040624545935913e+02
1.119310213672832504e+02
1.140781410069641169e+02
1.131135303437099253e+02
1.092040881964871062e+02
1.126677667165441505e+02
1.122069717084552991e+02
1.146574733566643118e+02
1.141588183954603295e+02
1.144718887258552087e+02
1.123862766960573794e+02
1.124843402061213737e+02
1.116230295369907140e+02
1.096733049132604521e+02
1.109675954538769957e+02
1.140127187676444436e+02
1.137403321815364450e+02
1.144335475112226561e+02
1.124317123105060716e+02
1.098750970531594646e+02
1.087621685541778902e+02
1.128879590350271940e+02
1.123410362563536466e+02
1.129798814609269328e+02
1.106679625590280125e+02
1.104983076398552271e+02
1.138903012064953231e+02
1.113411536870905820e+02
1.107722747412429953e+02
1.112678871022759495e+02
1.104909458445797128e+02
1.107398591480717300e+02
1.090845696958112683e+02
1.076247540709073149e+02
1.097511369129155554e+02
1.095517101889686984e+02
1.097720463929184831e+02
1.083856508603247448e+02
1.100778635961652725e+02
1.103861384328471331e+02
1.087539688775859190e+02
1.079553999642397457e+02
1.080077231841697767e+02
1.090016410130051838e+02
1.077070379902488781e+02
1.081912377687084046e+02
1.061987199013017857e+02
1.110228745680966682e+02
1.108605962065541490e+02
1.103024802898653434e+02
1.077327032990583007e+02
1.083015765956550496e+02
1.083067786010671938e+02
1.072938851058289060e+02
1.083807788545397131e+02
1.065690952839462113e+02
1.080035802481105236e+02
1.079503574746435106e+02
1.084824760978915776e+02
1.085202392847445481e+02
1.055161032143739703e+02
1.067792346401530921e+02
1.074353102701189755e+02
1.075216540829282366e+02
1.083620169140090468e+02
1.062566426288823038e+02
1.045058789757771081e+02
1.070582323743156934e+02
1.104525226581934021e+02
1.074310786898424084e+02
1.080206952144482671e+02
1.070795904932008398e+02
1.078770761880851268e+02
1.068875620255552832e+02
1.064373848566409890e+02
1.057989259954701708e+02
1.063716296086958977e+02
1.077056916086167746e+02
1.053099542364625449e+02
1.060150078173485468e+02
1.069120274761108789e+02
1.061572079974245355e+02
1.066369914971903938e+02
1.098576618894253869e+02
1.066706680569941312e+02
1.072743586963581777e+02
1.082584328615394753e+02
1.082351372773182732e+02
1.075285075538453015e+02
1.070631352031282262e+02
1.061174599977174609e+02
1.086132358067606418e+02
1.114777613610570768e+02
1.106653990606864966e+02
1.093527815491692934e+02
1.115449494589563386e+02
1.097677529076852778e+02
1.062788918669170783e+02
1.059474223219993689e+02
1.052197125723323836e+02
1.063623155198744996e+02
1.070237764470532227e+02
1.055682287176612135e+02
1.058878891155759732e+02
1.081725368205563882e+02
1.052331483358901636e+02
1.059574526103993719e+02
1.056790371913149045e+02
1.069221178267229106e+02
1.060188825679661733e+02
1.092418004263238913e+02
1.050252709855040223e+02
1.064938713917320143e+02
1.049985512968682144e+02
1.060944449471107305e+02
1.043270072047384076e+02
1.041700221049070620e+02
1.044179268780719667e+02
1.058830298018510092e+02
1.049822090145781601e+02
1.055502436972147109e+02
1.060770212591280739e+02
1.056081426521750046e+02
1.056625479519900921e+02
1.037168207776828126e+02
1.068127174271547801e+02
1.068792345967259223e+02
1.051345177513776434e+02
1.076634546194644031e+02
1.058097884604575256e+02
1.043099575701108392e+02
1.049728344875532287e+02
1.058855535874283618e+02
1.081746608742909643e+02
1.069673972919389087e+02
1.081900418509615065e+02
1.054062874913814341e+02
1.078022184837554391e+02
1.056372031974166816e+02
1.068064595378859281e+02
1.035957137553452725e+02
1.092046217754416517e+02
1.105252105638413553e+02
1.146420234078956213e+02
1.108880452399505856e+02
1.087888112030921945e+02
1.057362569421758565e+02
1.055979147165574688e+02
1.073939217978738299e+02
1.063892360551444654e+02
1.063064892048138574e+02
1.051443445230237757e+02
1.098259494290913523e+02
1.094105555850071028e+02
1.153916336691761586e+02
1.123435041822691858e+02
1.102971620548806868e+02
1.082880544786246588e+02
1.109804573984638978e+02
1.186105021264586981e+02
1.135392824962490295e+02
1.186554360150350078e+02
1.137158136779788862e+02
1.158813961547584057e+02
1.167253690715992889e+02
1.132620739890984254e+02
1.077973605046977923e+02
1.100805970242493572e+02
1.150516856827824483e+02
1.145330574930968339e+02
1.132435199001864561e+02
1.102695185606069685e+02
1.093794449900949957e+02
1.221194669922580971e+02
1.605121001968054486e+02
1.668456875168424176e+02
1.652774754560730059e+02
1.387933634481387060e+02
1.206613351453717087e+02
1.172472312278986806e+02
1.111428980408862230e+02
1.100298265673907849e+02
1.088501465390817202e+02
1.076673160959338134e+02
1.082343156820013093e+02
1.094932849215319663e+02
1.087489480443142469e+02
1.084607328604099052e+02
1.094340860658584091e+02
1.127399665343272517e+02
1.112875337727388683e+02
1.104392943951239943e+02
1.085529253403251033e+02
1.056106202329746253e+02
1.052568896776316762e+02
1.066929354809298331e+02
1.073444165373781516e+02
1.065073367324181532e+02
1.076452225210435500e+02
1.064149414245915750e+02
1.087077585273834899e+02
1.072111478117947598e+02
1.085278221944781478e+02
1.087003289551377634e+02
1.095898399714313882e+02
1.120061808402399492e+02
1.217883310395497318e+02
1.281190340273122956e+02
1.285723115956712945e+02
1.164490732886095969e+02
1.079299891869612509e+02
1.054119940409888869e+02
1.051610520399531339e+02
1.050698004629988986e+02
1.063205494624315008e+02
1.051480352555861089e+02
1.075027651021570989e+02
1.059519567475798851e+02
1.057116738296273013e+02
1.067439495405508580e+02
1.055245192543408592e+02
1.050164795694135051e+02
1.045753378683464092e+02
1.049680785147389628e+02
1.029097070221351231e+02
1.038398758421766672e+02
1.067244738181408223e+02
1.066262124665200020e+02
1.023741356027996403e+02
1.019690797364792161e+02
1.041696941655526416e+02
1.035221320437252785e+02
1.039717650346255198e+02
1.037570874379906769e+02
1.029578528611169190e+02
1.055957640731576959e+02
1.047448830959283299e+02
1.026809532100004532e+02
1.038089476870929957e+02
1.042262038808840003e+02
1.018934605553645270e+02
1.029291165600272677e+02
1.030075566161353606e+02
1.027984412840547179e+02
1.031560604838213777e+02
1.016349787507190001e+02
1.029361885156347682e+02
1.045787643251269401e+02
1.033249315734297511e+02
1.016635750469387887e+02
1.001693218110689401e+02
1.032703777774252529e+02
1.011411214211721443e+02
1.027635410368240230e+02
1.036711916432540477e+02
1.028880337342821321e+02
1.043726541246802100e+02
1.051086074560123791e+02
1.066036101494810850e+02
1.070585260921339454e+02
1.077783750699879306e+02
1.079517287220268429e+02
1.074819087477843169e+02
1.070758151780858469e+02
1.054859801992432153e+02
1.054179220950644549e+02
1.052919650741343816e+02
1.042777315646730187e+02
1.047388098584660838e+02
1.036067737156095347e+02
1.023559899182300086e+02
1.013783990854660004e+02
1.037888857947364869e+02
1.037598873777483135e+02
1.092074678255564351e+02
1.090108578692500174e+02
1.108489063561494703e+02
1.082770059307124058e+02
1.059096259586900004e+02
1.032588264498234025e+02
1.039307334998162844e+02
1.027148381102374799e+02
1.043415371094245927e+02
1.042935631443603199e+02
1.064711580708065526e+02
1.016662755005089025e+02
1.037548859479162360e+02
1.046146960065377556e+02
1.032430076981035398e+02
1.027841259010174610e+02
1.017832208664833331e+02
1.048510736105317704e+02
1.084662116832329843e+02
1.084367937023409922e+02
1.041377029492394115e+02
1.030674973978161404e+02
1.052775479028392880e+02
1.040199298624803532e+02
1.034697387391917687e+02
1.025508953346004546e+02
1.032038021835274435e+02
1.032096816603251455e+02
1.050483103773603091e+02
1.096727625175321208e+02
1.068368380582733721e+02
1.051550960030504882e+02
1.135740361793156694e+02
1.158847373783339378e+02
1.198116262365251004e+02
1.136161368570416670e+02
1.054092287814501816e+02
1.051881407823511978e+02
1.045548718382640345e+02
1.037588348116888000e+02
1.072166337169478396e+02
1.070018734957777440e+02
1.052382322228948084e+02
1.023850254806471014e+02
1.010689125635050516e+02
1.011684453180142640e+02
1.007380842795304829e+02
1.013976614849431144e+02
1.026509085492972133e+02
1.028163989446221507e+02
1.030340788376618093e+02
1.036228107523075579e+02
1.022733019647726991e+02
1.016602405727951464e+02
1.023338879658994500e+02
1.041836252258833895e+02
1.010442208382696521e+02
1.003244785815997773e+02
1.011448953218798295e+02
9.931321125536355510e+01
9.996214388605321233e+01
9.959667270122885441e+01
1.012536507420850427e+02
1.006568879061438935e+02
1.000537221079200094e+02
1.019656730859272642e+02
1.030868436141283269e+02
1.033596558828419916e+02
1.004080377545141971e+02
1.003275275596714380e+02
1.028353669202207215e+02
1.003764698477578037e+02
1.021210182128225057e+02
9.990229645589046470e+01
9.885146792727256582e+01
9.880019292645951623e+01
9.938825235911492939e+01
1.009061684158251921e+02
1.018256218867650347e+02
1.002023653144684801e+02
9.791793378207987075e+01
9.941887719562328130e+01
1.036722629613191913e+02
1.014913315812913766e+02
1.003287429922946785e+02
1.000154006710944969e+02
1.014485678605050367e+02
1.011589681074126474e+02
1.000142622690285634e+02
1.017564968973194794e+02
1.000497192622470379e+02
1.007099928640745787e+02
9.881295258628355782e+01
1.006068336068730957e+02
1.023277281555128297e+02
1.008995049872497418e+02
1.011022624408488468e+02
1.010879399353896417e+02
1.005482029070894754e+02
9.963667610595020108e+01
9.982455211485184066e+01
1.000719285500327373e+02
1.001997568946446222e+02
1.020330578210013783e+02
1.009543977258303329e+02
9.936836794660345618e+01
1.007476244387188729e+02
1.016583839556825808e+02
1.005298923916724760e+02
1.000044726278167246e+02
1.005049977619765968e+02
1.028175458064188206e+02
9.918618462695430082e+01
9.902471213235713776e+01
1.003843294966640940e+02
9.958928669699562874e+01
1.005474130437631715e+02
1.006833695835153435e+02
1.019921113921193552e+02
9.907324624097836363e+01
9.987116278485922294e+01
1.023827445906300966e+02
9.881182197748955787e+01
9.941958649730071329e+01
9.996156465560237336e+01
9.952964388002759222e+01
1.029310719935330809e+02
1.007551016262390817e+02
1.000024356126762086e+02
9.923006927645985797e+01
9.739400864398872670e+01
9.803650943457108724e+01
9.930056544001517693e+01
9.831650053295513203e+01
9.940660082806930120e+01
1.015442740049751364e+02
1.016363624573051254e+02
9.927749071406830694e+01
9.971755338556083359e+01
1.009038011396529271e+02
1.001380725103597058e+02
9.810664527514911981e+01
9.922266111809486233e+01
1.004831347024450139e+02
1.010951709768162203e+02
1.016135105473062765e+02
9.890601581341793747e+01
9.924089564659439588e+01
1.016668367268523809e+02
9.814793231387224637e+01
1.013942036486713221e+02
9.812797640035763891e+01
9.697664142591526115e+01
9.830984481613718629e+01
9.883450163086672546e+01
9.674909489506049454e+01
1.014035809745396222e+02
9.959728939650267421e+01
1.003015194128970222e+02
9.928245283487150630e+01
9.831705035457270014e+01
9.930678548724435473e+01
1.033799803300514668e+02
9.932353501934100848e+01
1.003247759838024393e+02
9.982092942720676376e+01
1.046154131968637699e+02
1.100610182142740001e+02
1.100359453847487856e+02
1.139340720719760753e+02
1.123351817879784420e+02
1.084721888072343035e+02
1.055967134192181049e+02
1.030163785222077024e+02
1.033892368531626573e+02
1.034544241015392458e+02
1.024416492327778911e+02
1.017235126799867402e+02
1.007627098985001339e+02
1.030446207486529886e+02
1.059362241802991065e+02
1.071861234446574400e+02
1.064850786985646209e+02
1.055666185142579820e+02
1.167503260039169817e+02
1.252707619536017489e+02
1.329116452621416329e+02
1.528515509689978842e+02
1.736014739990269788e+02
1.769288668044332837e+02
1.623406666840759840e+02
1.329945428759811250e+02
1.188551497444806415e+02
1.149405555776274497e+02
1.122850373087950686e+02
1.117065095717760386e+02
1.092194999548626413e+02
1.149232150825571637e+02
1.285509027037666385e+02
1.352265392850593742e+02
1.329977210493801465e+02
1.237586468909085227e+02
1.166038110270304884e+02
1.114921706111658608e+02
1.123620960440933629e+02
1.111842695921988877e+02
1.072975010574094199e+02
1.043883365419922313e+02
1.062719832139287348e+02
1.070474016684577663e+02
1.096468418934436073e+02
1.086791093771391701e+02
1.027725690916103787e+02
1.041055555678504021e+02
1.091262279182434440e+02
1.107805731333457828e+02
1.105377224600118637e+02
1.099137917810827503e+02
1.006562146710690513e+02
1.032278850826540264e+02
1.008638483950161202e+02
1.019069001185474690e+02
1.058648230339269531e+02
1.080070140626452542e+02
1.082332357361888739e+02
1.046843398841258335e+02
1.047985625871734499e+02
1.092379642173417267e+02
1.111313782585716297e+02
1.103651805989225494e+02
1.075845962118859376e+02
1.040886868924444144e+02
1.011569269080996349e+02
9.954800673559657298e+01
1.017857020237905772e+02
9.869583113492322468e+01
1.014486924370237801e+02
9.929362610934215638e+01
1.027715165298261866e+02
1.031486065086346287e+02
1.008861089789964325e+02
1.006017284842205015e+02
1.043371217022705366e+02
1.040973978188330165e+02
1.053593286593985141e+02
1.033618798416456173e+02
1.025367068528913563e+02
1.008088971950310082e+02
1.005272193688297762e+02
9.883371413249726345e+01
9.986448731816496149e+01
9.956432537912392888e+01
9.992170089499815333e+01
9.891304195145197298e+01
1.009199724784363497e+02
1.015987949312800254e+02
1.010969826161575185e+02
1.015984121628477084e+02
1.006003393697219508e+02
1.038144072697416789e+02
1.013101981911255365e+02
1.027378975353141186e+02
9.754457219036896731e+01
9.969094194089952055e+01
9.728047030675740814e+01
9.513071673304933995e+01
9.874517691177669576e+01
1.002739996515214642e+02
1.031156154227302153e+02
1.066896943061416039e+02
1.070912445962879502e+02
1.045629922504110567e+02
1.049080189776106522e+02
9.787458765377294867e+01
9.794460121809402153e+01
1.009266565250078287e+02
1.066031520527501328e+02
1.048495197097131069e+02
1.082243851485208523e+02
1.060598559391025475e+02
1.012822137834721303e+02
1.002689994506010436e+02
9.743375249617812983e+01
9.731431323700896030e+01
9.774261819153680619e+01
9.798795830289225250e+01
9.786741330995607768e+01
9.693108323234999091e+01
9.773787036163476216e+01
9.729543631250768954e+01
9.878310486813832370e+01
9.869689489319112852e+01
9.588210797920488915e+01
9.765595841341557559e+01
9.802639353067198158e+01
9.890985825096397832e+01
9.658152316202465215e+01
9.620967591770521210e+01
9.611773591117601256e+01
9.788980578196408544e+01
9.994508054451713974e+01
9.852702763316285939e+01
9.608742538556154500e+01
9.908711085849920153e+01
9.766917820243440929e+01
9.631133752432590711e+01
9.371059440558876474e+01
9.597885961708590230e+01
9.724439054145057071e+01
9.691837730276824914e+01
9.823433675409604859e+01
9.643193000000620430e+01
9.751633960844750959e+01
9.531821385788818191e+01
9.561410216272720675e+01
9.464610077293924917e+01
9.575329007252715030e+01
9.596641569194471799e+01
9.655452548584453609e+01
9.758874825080891924e+01
9.799562178858126060e+01
9.647962956093694231e+01
9.792740489910708845e+01
9.599356334475504582e+01
9.793750902578595685e+01
9.664804140785284403e+01
9.656230948110442114e+01
9.996562320556429881e+01
9.870634284904919298e+01
9.813354793654767150e+01
9.665677541251281468e+01
1.001973907686233787e+02
9.566566370909781369e+01
9.626655453068167390e+01
9.818601753113998143e+01
9.856192192276873243e+01
9.603060910675006312e+01
9.956395045892936935e+01
1.023769557495461697e+02
1.039207047332430278e+02
1.045095773342448524e+02
1.059488464917620973e+02
1.061079477221709908e+02
1.046028328875905800e+02
1.070279637664263959e+02
1.087254993207064331e+02
1.081202633549286531e+02
1.092224213222930445e+02
1.088041860116456121e+02
1.102942905267522491e+02
1.098433736795738724e+02
1.092228472562735959e+02
1.115242036696221390e+02
1.085660518887875554e+02
1.090388140681402263e+02
1.103001825835118694e+02
1.067722754893415527e+02
1.084770037500860553e+02
1.033939126726858007e+02
1.036232429360234732e+02
1.034505364499525797e+02
1.020138176331374353e+02
1.014915604071042310e+02
9.933337801010071644e+01
9.939353090001317526e+01
1.002781849079441656e+02
1.009220569538002650e+02
1.005828476016647102e+02
1.029324617608789652e+02
1.028495181198775441e+02
1.075987222538519177e+02
1.066482140991965650e+02
1.068621536654727322e+02
1.102682867444729453e+02
1.250983613365688427e+02
1.338029691522659164e+02
1.403541861790733947e+02
1.462471448669984397e+02
1.390305284245162909e+02
1.321442613309193916e+02
1.238488550819822365e+02
1.167849948763623757e+02
1.146746092352618689e+02
1.157886546840142614e+02
1.113343134851837277e+02
1.107051361691921585e+02
1.095177185218515632e+02
1.066022548170976592e+02
1.090098330562281319e+02
1.130651614090118642e+02
1.093888453981217737e+02
1.090547938853862746e+02
1.226898341282149971e+02
1.424907401725093905e+02
1.477510426686565381e+02
1.457095453576550881e+02
1.264366609263775416e+02
1.224290739717560115e+02
1.233541556617780230e+02
1.210940958962386560e+02
1.140079531751623421e+02
1.139948088515710225e+02
1.121883212881982530e+02
1.130174459782244156e+02
1.123300136722535569e+02
1.137247504952784709e+02
1.116327991727166449e+02
1.150090568856566193e+02
1.195657813472837034e+02
1.137449780517666795e+02
1.104761301923365124e+02
1.075687672137255930e+02
1.152110980370500357e+02
1.299167332747820183e+02
1.345303357506752491e+02
1.344647296111876358e+02
1.202046037808325423e+02
1.092888484190110319e+02
1.051146401379561581e+02
1.108655665076946519e+02
1.140471865044963948e+02
1.170787730235959572e+02
1.113937611771830660e+02
1.085927140052449857e+02
1.069887421174078241e+02
1.203905714002155918e+02
1.336356137668033739e+02
1.344951781937110979e+02
1.300720843940542295e+02
1.093223199899386486e+02
1.066983849384633771e+02
1.103280452749338707e+02
1.071234816699195989e+02
1.050025981065245446e+02
1.098975769746060394e+02
1.152783540366069701e+02
1.136227978157576786e+02
1.142497677743425868e+02
1.083210408035558885e+02
1.100072631884405894e+02
1.260890549849796685e+02
1.275196979903700480e+02
1.280864276313227492e+02
1.157663473093324455e+02
1.065017931251641556e+02
1.064432559101746563e+02
1.043990289516464856e+02
1.023208703773143924e+02
1.029294211460038468e+02
1.020810585220114035e+02
1.037429376168619228e+02
1.077403006644901637e+02
1.091753926633100065e+02
1.094655077339323270e+02
1.081766719947397490e+02
1.024371827846378409e+02
1.103540389071431065e+02
1.154796685894455237e+02
1.183775351004910021e+02
1.137041224553270098e+02
1.076604016603802023e+02
1.013778673675179931e+02
1.042222803351876621e+02
1.027673061602719145e+02
1.017254706753931117e+02
1.019127534243755662e+02
9.981151484240199068e+01
1.004646725633802475e+02
1.007250743567829261e+02
1.021564305915485846e+02
1.040753638814524464e+02
1.041960943752065134e+02
1.067057202674275374e+02
1.048531126895454548e+02
1.050658247970206247e+02
1.088852324976421215e+02
1.098830404304640211e+02
1.094184102486289447e+02
1.043306780326448830e+02
1.030416615411453591e+02
1.016345823053578670e+02
1.000161652738987641e+02
1.010637705516304834e+02
1.024956882356411114e+02
1.010558664762636454e+02
1.021468556453012155e+02
1.039312732585521388e+02
1.025597915532787852e+02
1.033371800130200739e+02
1.044669100213668429e+02
1.059343944198666065e+02
1.074188811510044133e+02
1.110033867376863270e+02
1.108830390923821057e+02
1.093898931599467517e+02
1.091990121569659351e+02
1.094756296506816682e+02
1.093212380942547952e+02
1.139988477701926541e+02
1.106971748376326445e+02
1.084495767084069939e+02
1.063850684388681458e+02
1.039083685049447752e+02
1.048588431692834462e+02
1.047910000720126504e+02
1.064200446319893132e+02
1.057476492503759573e+02
1.062377952357364705e+02
1.023806697788351698e+02
1.037981316032990833e+02
1.055642610501513445e+02
1.071473148309039090e+02
1.043635192649458077e+02
1.036164781500372243e+02
1.063505752346349453e+02
1.060186124375576924e+02
1.066350990096273250e+02
1.072137130047496356e+02
1.152625945324523542e+02
1.243987185365818391e+02
1.272064219255941140e+02
1.210955695930258145e+02
1.143685514426938568e+02
1.108531237523326922e+02
1.105571398131294529e+02
1.061330158681711140e+02
1.121888115122871596e+02
1.065150985372826966e+02
1.063882317470861096e+02
1.056790682451240002e+02
1.048125680933227812e+02
1.068691906617150806e+02
1.058444153715425813e+02
1.035416258817427746e+02
1.043989006983936179e+02
1.073591463432091047e+02
1.092550162521372812e+02
1.104062295712380717e+02
1.096929907678306080e+02
1.074791812762925218e+02
1.076069260462841584e+02
1.076019427795504413e+02
1.151337657210377046e+02
1.240422256453637431e+02
1.231731487221457115e+02
1.200007666620009417e+02
1.125532946867064510e+02
1.082503237236726648e+02
1.069722413412948185e+02
1.067521416389531907e+02
1.162844978532640283e+02
1.159358280892878810e+02
1.173340100172574552e+02
1.228923691064439936e+02
1.298761292468191755e+02
1.364953000933009264e+02
1.594528540971108441e+02
1.804750127711273251e+02
2.091320216479942360e+02
2.248059079158471150e+02
2.358595357704756168e+02
2.372604345434511970e+02
2.301976801707780851e+02
2.101731106083208545e+02
1.907279183380005065e+02
1.716125780195956168e+02
1.687490905095170604e+02
1.663101218582891079e+02
1.625593269355610744e+02
1.574025521067758007e+02
1.504643868627264851e+02
1.600150672493717252e+02
1.693017033774632694e+02
1.743493981600893221e+02
1.742503425866834448e+02
1.629864262713360574e+02
1.603272993384509277e+02
1.568369795245370710e+02
1.522590206017387402e+02
1.503452068666376533e+02
1.435232038859313946e+02
1.431148748703636784e+02
1.368271463227488027e+02
1.342766271628741208e+02
1.315189268711393709e+02
1.301114964373082330e+02
1.287287252202654315e+02
1.238213588568283399e+02
1.220442758595177821e+02
1.240528425818698679e+02
1.239632834361153471e+02
1.218200574989132718e+02
1.153838951138929190e+02
1.140909230337429534e+02
1.136356480867714254e+02
1.118200811224902651e+02
1.121403903096704511e+02
1.115449575863390379e+02
1.110538965039681329e+02
1.135145087476626458e+02
1.122354469381920694e+02
1.114392840255860193e+02
1.123410799583907931e+02
1.097233563138578489e+02
1.120294454035935985e+02
1.116597534322027911e+02
1.118262018562621876e+02
1.099455757077579392e+02
1.117513678953230567e+02
1.109442691328174817e+02
1.109306381262187813e+02
1.107361698975630020e+02
1.071677618737036966e+02
1.111763052826234173e+02
1.315848846185209595e+02
1.423021151604449415e+02
1.619378197813958309e+02
1.589676390730325579e+02
1.504789219453693931e+02
1.376004854725684083e+02
1.242848407508027009e+02
1.234840005480424594e+02
1.203190291898395117e+02
1.179049725068209398e+02
1.148232297617218904e+02
1.115395035814549942e+02
1.104312651363567426e+02
8.078816136514033985e+01
1.124063164559730552e+02
1.093023997212773821e+02
1.099597563677677670e+02
1.134982351308848507e+02
1.387701350715216222e+02
1.573546959008982355e+02
1.588828715244662249e+02
1.453334232690089038e+02
1.217539244469379867e+02
1.262610685909420027e+02
1.289350269193373038e+02
1.280517903401352555e+02
1.210753911872465380e+02
1.123069300861982640e+02
1.104535573138912810e+02
1.077890893494987807e+02
1.139588939473999858e+02
1.161974715895791377e+02
1.169183996671480372e+02
1.157935709034436229e+02
1.206687838616032877e+02
1.196031372546701164e+02
1.197933343234329016e+02
1.141541198475929377e+02
1.112970003805402968e+02
1.147134607015807433e+02
1.283097947332726676e+02
1.468709724623171269e+02
1.489380478061292763e+02
1.426943423959938855e+02
1.178519793734803756e+02
1.137977629516112899e+02
1.109176365246544833e+02
1.144579886906593202e+02
1.210544463495095329e+02
1.250605232360315711e+02
1.244108518347349559e+02
1.172821026344322206e+02
1.124651021083775078e+02
1.112876850143560432e+02
1.328326596905282031e+02
1.510114525192320798e+02
1.522002635124753454e+02
1.482982772360072659e+02
1.195985600159600324e+02
1.139685460416773850e+02
1.126950265008318723e+02
1.127743759167436082e+02
1.105317959459079731e+02
1.122671600573951594e+02
1.180871414280067739e+02
1.235397479397279028e+02
1.258483542731892157e+02
1.207963739794819134e+02
1.157861628264339657e+02
1.149414186690543858e+02
