3.876523527038420980e+03
3.169278495185176780e+03
3.340927604095976676e+03
3.234960009443829222e+03
3.143935580911476791e+03
3.230892422803949103e+03
3.162772721239988641e+03
2.919783504129774883e+03
2.799486470681142237e+03
3.076846458649944452e+03
3.182375889926979653e+03
2.830997523974396699e+03
3.230185572512923500e+03
3.419591232160261370e+03
3.142679768259099092e+03
3.522713895943644275e+03
3.629102749201535062e+03
3.497592445146057344e+03
3.054758164776743797e+03
3.068353356215546228e+03
3.312804169079258372e+03
3.119166666200339478e+03
3.293118714594017547e+03
3.069945712501995786e+03
3.753086866087838644e+03
3.674292102755945962e+03
2.839984748691898858e+03
2.981919358385688156e+03
3.519293520988810542e+03
3.056058715461314932e+03
3.110340113445399311e+03
3.521743081985202025e+03
2.992853994441172290e+03
3.098429525724303403e+03
3.010173406966439870e+03
3.444664320821138972e+03
3.444036637951582179e+03
3.498503144613919631e+03
3.153740774913966561e+03
3.140269535196331162e+03
2.883331202383361870e+03
3.077106346956972175e+03
3.195067702549039041e+03
2.842499401345198294e+03
3.224520305084023676e+03
3.501457538458232193e+03
3.017232465333899199e+03
3.339618507897430845e+03
3.243334952995516687e+03
2.836017665660760485e+03
3.337629401066817081e+03
2.877518910308851900e+03
2.857572331416092311e+03
2.790483504928388811e+03
2.910401500207233312e+03
3.210961456934347098e+03
2.784863167232345859e+03
3.110454543419616584e+03
3.722628731219958354e+03
4.640469354769997153e+03
4.311873847977938567e+03
3.564500473506335766e+03
3.068888833346606589e+03
2.810396753295487997e+03
2.809086111036237526e+03
2.894113799363608905e+03
2.805270500932901086e+03
3.112179239767886429e+03
2.806447672605081152e+03
3.124803302860441818e+03
3.232989565322428007e+03
2.754193535694379079e+03
3.174448576414067702e+03
2.877170548042796327e+03
3.177271161172436223e+03
3.378547900006502459e+03
3.120542082854371074e+03
3.271919394942010967e+03
3.375168970147537038e+03
2.992534009228788364e+03
3.198690179432880541e+03
3.287074689923173082e+03
3.103161251055435059e+03
3.336680847329131666e+03
3.426400813593291332e+03
3.043546562566665216e+03
3.155908272494396442e+03
3.071127331825477995e+03
3.222001070241466095e+03
2.939691703203962334e+03
2.832444846246445650e+03
2.873607436269156096e+03
3.065757133510316635e+03
3.290124755069863113e+03
3.185948227234758633e+03
3.408358721219099607e+03
3.330907709114416775e+03
3.251052198777080775e+03
3.109692050678384476e+03
3.081571271326451097e+03
3.261503496014787288e+03
2.983015841707454456e+03
3.165641902988340917e+03
3.605755230850070348e+03
3.160193701564982348e+03
3.205263033112996254e+03
3.662936320149265157e+03
3.134362357616533245e+03
3.527070388951357018e+03
3.068369578196271959e+03
3.766495888882109739e+03
3.020924766604391607e+03
3.445622601268892140e+03
3.276173482766437701e+03
3.466944810123558455e+03
3.341096891187228266e+03
3.162409580911274134e+03
3.054703427777383695e+03
3.230213794022364709e+03
3.577238160498796333e+03
3.464037958357134357e+03
3.331678581302453040e+03
3.343217256735339106e+03
3.128933756718599852e+03
3.029675933598932261e+03
3.049009258974374006e+03
3.487865139632113824e+03
2.877901691701059463e+03
3.370825348616600877e+03
3.356554285042480842e+03
2.923694322228235706e+03
3.595194753986933847e+03
3.309231769668757352e+03
3.035600586541367647e+03
3.048627586760509075e+03
3.543486684906350092e+03
3.622924897079909897e+03
3.373304890550723485e+03
3.103399055945966211e+03
2.938179056489341747e+03
3.042498902663917306e+03
3.089946786361849718e+03
3.145199981161826145e+03
3.211909897601783996e+03
2.897889556278853888e+03
3.290653837763259617e+03
3.025102682557514981e+03
3.406852365644783276e+03
3.145214021777641392e+03
3.128352645144046164e+03
3.176905883616827850e+03
3.261397393908605864e+03
3.211504051071441609e+03
3.270605266618309543e+03
2.875912079334249029e+03
3.244003867012032060e+03
3.036410228550475040e+03
3.176677037386502889e+03
3.450768112271145583e+03
3.155369615267531117e+03
3.092048717729109285e+03
3.485047943506359388e+03
3.394276180076406945e+03
3.440547570634163094e+03
3.537716411607098962e+03
3.425815211413312682e+03
3.488687246771434729e+03
3.105052130119825961e+03
3.405984830858094938e+03
3.110506413613073619e+03
3.532583147928307426e+03
3.160097594983872568e+03
3.378221854561659711e+03
3.066887420888291217e+03
2.952450869908499499e+03
3.201687034462640895e+03
3.117234924370716271e+03
3.099676568356246207e+03
2.917521936779505722e+03
3.438820972666995203e+03
3.079170799888894180e+03
3.398023308736188028e+03
3.342160946335685821e+03
3.105616891377110733e+03
3.157085024269877067e+03
3.312449830658367773e+03
3.225960993537618833e+03
3.171494167045874292e+03
3.464074450654505654e+03
3.166703377829875080e+03
3.110803481189027025e+03
3.280150537404883380e+03
3.237506846378416867e+03
3.232029325298357890e+03
3.393886508911572037e+03
3.216786042285262283e+03
3.067576535284360034e+03
2.931853958650176082e+03
3.044908494158246867e+03
2.966036507518943381e+03
3.325232581821469921e+03
3.127284552671812435e+03
2.881295628078310983e+03
3.194349021865505165e+03
3.149725478411144195e+03
2.854276548688552793e+03
3.429240094135775053e+03
3.269173568448808965e+03
3.009923874108577820e+03
3.326962217924957713e+03
2.946622279558175705e+03
2.808082760230677650e+03
3.087243615486990620e+03
3.118509108612276123e+03
3.345765063129761984e+03
3.401361918436926317e+03
3.163482777684127541e+03
3.261335435313740163e+03
3.243408626358257607e+03
3.084371477551128010e+03
3.087617776149825204e+03
2.826840559499302799e+03
2.944533091205211804e+03
2.731117058614217513e+03
2.639165707700448365e+03
2.800627600665612135e+03
2.993547038988912846e+03
3.163167189469415916e+03
2.873614635279686809e+03
2.804652813320706628e+03
2.736855801970099947e+03
2.727219367581479673e+03
3.039491288464191712e+03
3.178231484843362068e+03
3.199785965465928712e+03
2.930826395382662668e+03
3.475219104482149305e+03
3.390737149708536435e+03
3.264204733324046629e+03
3.104284296036955766e+03
2.849621000327794263e+03
3.111795528910655321e+03
3.132013087617712245e+03
2.956098777429619531e+03
3.270090736253400792e+03
3.072603566996017435e+03
3.346954778047650962e+03
3.212660656749613736e+03
3.016261505277441756e+03
3.303585634215563005e+03
3.178096358227178371e+03
3.232630515434723293e+03
3.323982151729900124e+03
2.977903498147604751e+03
3.052691108012115365e+03
3.153291847626845993e+03
2.844883819622747524e+03
3.206643053709713058e+03
3.075226412861807148e+03
3.262289133596199008e+03
3.249833805357342953e+03
2.992995219102550436e+03
3.478852899429868103e+03
3.201732852463003837e+03
3.181892780954176487e+03
3.043366985981513608e+03
3.225893439203901380e+03
3.220864586237011736e+03
3.248890987364718967e+03
3.140581849685736870e+03
3.188957284266714396e+03
3.053851585204462936e+03
3.039354207700705047e+03
3.067837142313293953e+03
3.096276332076487506e+03
3.060340900125069311e+03
2.942596486692111284e+03
3.067930966367162910e+03
3.239380604221169961e+03
3.453024157250717508e+03
3.330507763687015085e+03
3.506648620169613878e+03
3.439948902881769754e+03
3.232401688755197938e+03
3.480097091465212543e+03
3.243617452044275979e+03
3.203800631784949019e+03
3.502967136554695117e+03
3.231488186868367848e+03
3.144936236227611516e+03
3.211350698433921025e+03
3.169406397273152834e+03
3.233110254944811913e+03
3.492254876855201928e+03
3.481986133515720212e+03
3.292194122595697536e+03
3.230985056495575463e+03
3.220778583985729711e+03
3.422622412944749158e+03
3.480964309296213742e+03
3.381443785901887168e+03
3.427619886183602375e+03
3.414356102110376924e+03
3.359131508461944577e+03
3.474715223584377782e+03
3.553911649668065820e+03
3.002649657639224642e+03
3.879637125087500863e+03
3.480160136296580731e+03
3.234071819776729171e+03
3.289104701726038456e+03
3.068042063950651027e+03
3.124958637928403277e+03
3.275420158238640852e+03
3.452940632457445190e+03
3.341786891475378525e+03
3.137113642129086656e+03
3.448476776665172110e+03
3.367086676109971449e+03
3.628404178685451825e+03
3.564278613833567306e+03
3.226057606604008924e+03
3.419791571277478397e+03
3.327893808935264587e+03
3.369150032887168436e+03
3.321833397709851852e+03
3.349014627772135555e+03
3.371722904441558512e+03
3.237197738489733638e+03
3.247218708059050641e+03
3.248101717538961566e+03
3.487727247525658186e+03
3.304683000201554023e+03
3.395903232711669261e+03
3.142639036514686268e+03
3.598626650250344483e+03
3.163932816645922230e+03
3.385305901100145547e+03
3.383107714161779313e+03
3.089364233035077632e+03
3.123870105116626291e+03
3.302449844854861567e+03
3.490710718400120186e+03
3.279451098783432826e+03
2.953845883185815183e+03
3.447550027992779178e+03
3.023146380384317126e+03
3.144925192701654851e+03
3.201459913105710712e+03
3.009624349684786011e+03
3.382313585188245270e+03
3.498636963062418999e+03
3.358467145791841176e+03
3.453841924911840124e+03
3.293215254283503782e+03
3.279635996635126048e+03
3.383120042913283669e+03
3.225207245289235743e+03
3.253737147498108243e+03
3.158068626805634267e+03
3.413006875472888169e+03
3.181767633872839269e+03
3.308866526568440349e+03
3.358916528457054028e+03
3.514062935864267274e+03
3.393999778654492275e+03
3.369245416473035675e+03
3.462720849807643390e+03
3.058466186897110674e+03
3.036294482048692771e+03
3.278961054277463518e+03
3.007299979778362740e+03
3.060145468598385833e+03
3.052647335603285228e+03
3.547446980384711424e+03
3.255940484052131978e+03
3.389282382332934503e+03
3.285284541107365385e+03
3.161619910607380916e+03
3.417361606124140053e+03
3.235283342195772093e+03
3.291917076020265540e+03
3.076494394249004927e+03
3.437493341101303486e+03
3.155794933381142982e+03
3.268949354341122216e+03
3.200281238508537172e+03
3.239435429329360886e+03
3.172953992290842052e+03
3.335310588498971811e+03
3.418940292469318138e+03
3.358760903461322414e+03
3.302270555206611334e+03
3.418273891909747363e+03
3.468402218939289924e+03
3.291795981487658537e+03
3.236462273654644378e+03
3.272011538782783646e+03
3.253959414075660789e+03
3.242666841720968023e+03
3.048463199555631945e+03
3.107308537976107800e+03
3.473783058853000966e+03
3.293967245644984359e+03
3.128631666221377600e+03
3.307874905619674337e+03
3.389521993391751039e+03
3.275964958776723961e+03
3.011318441130388237e+03
3.223601116183228896e+03
3.522543487777753398e+03
3.077546545554375825e+03
3.526946218374722321e+03
3.312192101897115663e+03
3.497499421644356516e+03
3.177284416719494402e+03
3.403152150420885846e+03
3.538860363895625596e+03
3.553491168596674470e+03
3.323415933319705800e+03
3.219092892689393466e+03
3.326450468534923857e+03
3.472075935215583741e+03
3.334356858410736550e+03
3.215230510358988795e+03
3.511090927025144538e+03
3.197157986644204357e+03
3.291884943663303147e+03
3.246781075630656233e+03
3.334127617529734835e+03
3.257980706587511122e+03
3.441777259842168405e+03
3.087205831600574129e+03
3.433391625049371669e+03
3.388826847337868003e+03
2.940372580958421167e+03
3.323321582700579256e+03
3.335459216246124925e+03
3.380801655517240761e+03
3.423236917088427617e+03
3.334303600830188316e+03
3.297622746169906804e+03
3.264563627479331444e+03
3.260895163081083865e+03
3.174703169818730657e+03
3.274411339004965157e+03
3.342187441045120067e+03
3.140711585659338198e+03
3.186585907125330323e+03
3.505631123989316620e+03
3.100782675574471796e+03
3.084165021724527378e+03
3.539088387891662478e+03
3.427818223185174702e+03
3.683510792251329349e+03
3.269609414354536057e+03
3.410117799406146332e+03
3.247928228102016874e+03
3.154182356656809134e+03
3.149749952466111608e+03
3.130533146487261092e+03
3.388629569865064241e+03
3.058280456504048743e+03
3.093495274014534516e+03
3.384623165070220693e+03
3.515592543639391351e+03
3.275168525242339001e+03
3.247352406033576699e+03
3.150888319404757567e+03
3.351740063988049315e+03
3.597594631492923781e+03
3.373567625225921347e+03
3.151101308023836282e+03
3.373018344466926010e+03
3.321115318741747615e+03
3.455630992503559810e+03
3.360606630902970210e+03
3.388982717836394841e+03
3.476952768107481916e+03
3.391356044763640512e+03
2.947392979380031193e+03
3.260449185877359923e+03
3.415069217042716446e+03
3.422484305666095679e+03
3.474137261808882158e+03
3.445100035901100000e+03
3.469484924539729491e+03
3.404077696835060124e+03
3.241466998310373128e+03
3.376142354576302751e+03
3.313267168010060686e+03
3.520966960531181030e+03
3.372682805185420420e+03
3.270712212499699035e+03
3.562090476013418538e+03
3.230431907876592049e+03
3.339937831317190557e+03
3.542188142727072773e+03
3.557860640996565053e+03
3.543975526816927868e+03
3.337871687466495587e+03
3.107501607832162335e+03
3.213329813002619630e+03
3.237215717645000041e+03
3.075849648993304527e+03
3.043823344882226138e+03
3.373545424303915752e+03
3.166878502531553295e+03
3.327058833163613599e+03
3.327470508421879458e+03
3.351597161531123675e+03
3.585584123861699027e+03
3.321357748884377543e+03
3.335073814260991639e+03
3.326677872756889883e+03
3.573099640691312288e+03
3.566803448051642590e+03
3.451158225474936899e+03
3.372123744325499956e+03
3.500161846512245575e+03
3.356383694382553585e+03
3.523622210916700169e+03
3.511542129694854339e+03
3.392027482525813866e+03
3.510717761844964116e+03
3.486702616676398520e+03
3.485435065457777910e+03
3.305304158955700132e+03
3.162296678041290761e+03
3.217410148407797351e+03
3.448124033003957265e+03
3.510374054008645999e+03
3.548850194298664519e+03
3.445052654587296729e+03
3.092677104819446413e+03
3.501005420715517175e+03
3.635766212466118759e+03
3.477883464365677355e+03
3.631101365005601565e+03
3.477355021742886947e+03
3.483245492809284315e+03
3.412417250136211806e+03
3.229455407061190726e+03
3.283303736605340418e+03
3.498470631202040295e+03
3.313806573433141239e+03
3.231196633944850873e+03
3.322359545276032350e+03
3.430388716365593609e+03
3.432933720829923004e+03
3.402941636930283948e+03
3.575503461374277776e+03
3.444295162545382027e+03
3.562393915899610420e+03
3.660609140447868867e+03
3.651656875520804533e+03
3.647707160827369535e+03
3.480474710320248960e+03
3.488066448868839871e+03
3.553440099677253784e+03
3.388298259948330269e+03
3.556487542762376506e+03
3.378771873437381601e+03
3.584020451761350159e+03
3.622959578256602072e+03
3.382730770575259612e+03
3.465350271736518152e+03
3.274816489089052538e+03
3.503027203396515233e+03
3.578877388821988916e+03
3.419366544844321652e+03
3.549402241284719366e+03
3.641694863036385414e+03
3.419874790178344938e+03
3.440578341880211156e+03
3.323531571775210068e+03
3.431985509795239068e+03
3.596884014013375690e+03
3.880190912195721012e+03
3.363913726285044959e+03
3.621551650227087521e+03
3.341915709939598401e+03
3.389844033740285795e+03
3.240411518153397992e+03
3.338749105710338426e+03
3.348612060107092020e+03
3.514370951263398183e+03
3.412417500545803250e+03
3.352014476152460247e+03
3.255131740844432443e+03
3.415967915483250636e+03
3.439034974708926256e+03
3.309408749979527784e+03
3.524886595816150475e+03
3.382919052165974335e+03
3.245239083677789040e+03
3.638200347014111685e+03
3.464888930070917013e+03
3.367847708177017012e+03
3.388346508642412118e+03
3.509063144013914098e+03
3.490258113259503261e+03
3.682392653191488989e+03
3.600904990869421908e+03
3.440420114221671611e+03
3.543302189498631378e+03
3.515204929037206057e+03
3.447632881623536377e+03
3.278119678789028058e+03
3.240557482768187128e+03
3.298898070587701113e+03
3.353798067793923565e+03
3.350725011333015118e+03
3.383576944293592078e+03
3.306877269756547321e+03
3.319235111337201033e+03
3.536706641315048273e+03
3.588267070604194487e+03
3.611583154476484196e+03
3.414152786191124960e+03
3.577181974803131197e+03
3.298127236776897917e+03
3.702738928295247661e+03
3.576769574507427023e+03
3.620820340277733521e+03
3.467040386104636127e+03
3.423948046523362791e+03
3.303390727545900063e+03
3.514461904609433077e+03
3.706714120980943335e+03
3.322616670155629436e+03
3.623906932360216160e+03
3.454017542984912325e+03
3.392311833200858473e+03
3.275442427450100240e+03
3.428003373962747446e+03
3.491917996668939395e+03
3.381212417915737205e+03
3.602992191316647677e+03
3.402499649263341325e+03
3.426422234201107585e+03
3.407671406706726884e+03
3.407663444911804618e+03
3.027574035250961515e+03
3.387172706583300169e+03
3.293877095447338434e+03
3.469073374205553137e+03
3.638334562170194658e+03
3.314101187659890911e+03
3.397543885161500384e+03
3.664295084810529715e+03
3.611946084436753608e+03
3.530874213316360056e+03
3.665429818209599944e+03
3.433743749663654853e+03
3.574962545771198620e+03
3.685927594587603380e+03
3.718471374979650136e+03
3.506255748760419920e+03
3.477301859588551906e+03
3.624368451784775061e+03
3.435402097979836526e+03
3.520421162053050011e+03
3.660654817856462614e+03
3.693123942893731055e+03
3.677175390610066188e+03
3.595845137308835547e+03
3.511122710394384740e+03
3.654830974964668712e+03
3.477604714846647312e+03
3.721577220589325407e+03
3.666058867742871371e+03
3.582787444208561737e+03
3.505604782283669465e+03
3.241318917102572414e+03
3.560492791739809945e+03
3.772016683379212736e+03
3.559400608438482777e+03
3.423346016258421969e+03
3.509748893839484936e+03
3.560878159471854815e+03
3.580238415109952257e+03
3.584348716811844497e+03
3.514659352975451384e+03
3.689803715416432624e+03
3.442697297968589282e+03
3.346623393857049905e+03
3.420549301865517009e+03
3.630597963876103677e+03
3.379519271832871709e+03
3.597883023103224787e+03
3.466681460810131284e+03
3.408108738443559105e+03
3.432084936022247803e+03
3.744673864927532577e+03
3.695136311435286188e+03
3.443467158965637736e+03
3.139809969312306748e+03
3.416430275690489907e+03
3.474064494015763557e+03
3.527831875321493044e+03
3.564135898055920279e+03
3.512022062907099553e+03
3.525617574961750961e+03
3.554954650760365439e+03
3.413584267818774606e+03
3.589221667718073149e+03
3.284324723085462665e+03
3.594145804673438306e+03
3.572061508361065080e+03
3.493093824171938650e+03
3.468092649333760164e+03
3.534878361301750829e+03
3.403614389760724862e+03
3.516859143142867197e+03
3.486720899816058136e+03
3.503389444803005972e+03
3.383320353134169636e+03
3.191668558368028698e+03
3.269611221529666182e+03
3.240617111405187188e+03
3.439394300092954836e+03
3.490177732193377778e+03
3.447215084675607613e+03
3.467580927999541927e+03
3.528430324278357148e+03
3.397903982024434754e+03
3.556897532174574280e+03
3.506350358453553781e+03
3.614169311902384379e+03
3.484629519625376815e+03
3.674610765661335336e+03
3.634395131755522016e+03
3.566610710164010470e+03
3.557866636554449997e+03
3.528649507379602710e+03
3.314932995687750918e+03
3.566775637375962106e+03
3.376309950347235826e+03
3.211311753076985497e+03
3.586692669408288111e+03
3.463109706173356699e+03
3.573358481413357822e+03
3.431576521160453467e+03
3.493735379324509267e+03
3.528442571211786344e+03
3.579378919171203052e+03
3.310742410378737077e+03
3.326843188648186697e+03
3.284927049551992241e+03
3.510270091186961054e+03
3.405218196052162057e+03
3.802084181037831058e+03
3.247940622475107830e+03
3.303451934486468872e+03
3.470345490869736295e+03
3.354273773408112447e+03
3.358840743958256098e+03
3.375163553432541448e+03
3.414108109505035372e+03
3.548870675867217869e+03
3.516389424820787099e+03
3.163927815187992564e+03
3.376313368146135872e+03
3.685182827511892356e+03
3.444138994779780660e+03
3.329779678919049275e+03
3.247989272036797956e+03
3.388598776458137763e+03
3.339848260990598646e+03
3.197632901689558821e+03
3.677426156403113509e+03
3.391816846890512807e+03
3.484604459099199630e+03
3.421166467244850992e+03
3.339251170715760964e+03
3.538695920402883075e+03
3.589600814480152167e+03
3.320160805226704269e+03
3.464527999176356843e+03
3.538936591969932124e+03
3.397597538587025610e+03
3.648786660006772308e+03
3.478619176518583572e+03
3.459127502471243588e+03
3.545784960983902693e+03
3.400162368760394656e+03
3.514034772837462697e+03
3.502034096164764378e+03
3.461402291196307033e+03
3.424083412081778988e+03
3.657270671160880738e+03
3.540142661359799604e+03
3.716962161156029197e+03
3.619920135320392546e+03
3.262178811419337762e+03
3.331262257329483418e+03
3.632794417164490369e+03
3.225846340961588339e+03
3.341055752952822331e+03
3.468699908192209023e+03
3.338910221106764311e+03
3.440449102708298142e+03
3.396678650386234494e+03
3.442420026271161078e+03
3.400141118102990276e+03
3.462446099535644862e+03
3.482442377454519828e+03
3.728339844585139872e+03
3.758765753636553654e+03
3.341825848576668250e+03
3.371551826087998052e+03
3.684881674670653865e+03
3.540942974439960835e+03
3.571714421695648980e+03
3.406445660750217030e+03
3.406451388612797928e+03
3.308085216737788414e+03
3.461559936388762253e+03
3.514645331896249900e+03
3.840428268829171429e+03
3.310893424852537009e+03
3.174306064657935167e+03
3.378337099440162092e+03
3.550945787235858916e+03
3.632697418461390043e+03
3.503347537354642100e+03
3.468812070565507838e+03
3.656136054743922159e+03
3.484334267213633211e+03
3.573469752994803002e+03
3.672395213225181578e+03
3.567198865092271262e+03
3.624201996428344046e+03
3.435012645218779198e+03
3.671924083695897025e+03
3.547785276489122680e+03
3.552158432956236538e+03
3.655532914298141804e+03
3.771753562842523024e+03
3.547786717123851759e+03
3.572877563217333773e+03
3.574724657032221785e+03
3.444379374048472982e+03
3.492805124762719970e+03
3.596161768086693428e+03
3.572593400873728569e+03
3.442646116425239143e+03
3.712592032096083130e+03
3.618008651066313632e+03
3.622328826965830103e+03
3.536837035463511711e+03
3.562562825365366734e+03
3.673401080225799888e+03
3.540418981125240407e+03
3.466464091268776883e+03
3.383513486350898347e+03
3.635625624209495072e+03
3.574314008413852207e+03
3.585303966417257925e+03
3.513758257257630703e+03
3.336458746252100354e+03
3.525387940773391620e+03
3.780652633647735456e+03
3.455994827942107349e+03
3.490394995556876438e+03
3.631446959911029353e+03
3.567091952398028752e+03
3.513784424904673870e+03
3.602507909647607448e+03
3.758579568701835797e+03
3.463412447847000294e+03
3.363810818263086730e+03
3.490849517818153799e+03
3.556930410087670225e+03
3.365111268115903840e+03
3.611291817738898771e+03
3.568811570919603582e+03
3.893620944906261229e+03
3.581025214129790584e+03
3.607317773207953451e+03
3.755348103228715900e+03
3.665949523606366256e+03
3.457001272271994821e+03
3.607482573756125021e+03
3.677264389721577572e+03
3.619936195118400065e+03
3.773021233586055132e+03
3.504557548220841909e+03
3.512069781219168362e+03
3.821137142759978815e+03
3.405550911431908389e+03
3.746294174257947361e+03
3.501006048923547041e+03
3.325688066007043744e+03
3.213429808608619624e+03
3.545011962612366005e+03
3.295837678931337905e+03
3.620022219294755359e+03
3.596435428350849179e+03
3.449354334176063730e+03
3.461915996890383212e+03
3.445547411686694431e+03
3.522422245441139239e+03
3.375106101383587429e+03
3.443940814187174510e+03
3.601368330226488979e+03
3.479769426728563303e+03
3.758373831756675827e+03
3.632267535509732625e+03
3.533559678912442450e+03
3.733444174877579371e+03
3.764621261191351095e+03
3.561668261386387712e+03
3.543362203036304436e+03
3.635810653459806417e+03
3.710904148653318771e+03
3.803661222996300239e+03
3.689056146449218431e+03
3.620322920839373182e+03
3.827116134668068753e+03
3.987986298030650687e+03
4.431641029134794735e+03
4.761333303461692594e+03
4.614750643867075269e+03
4.053907184114877509e+03
3.975452634381536427e+03
3.999002544033202867e+03
4.603480916832495495e+03
8.439705745599401780e+03
1.284784442261212644e+04
1.280821031386819595e+04
8.378029087595239616e+03
6.000224865552645497e+03
4.348513069746766632e+03
3.898673620906293309e+03
3.866098087861518707e+03
3.871767437615234485e+03
3.708201494946682942e+03
4.049045553485468645e+03
5.932513022517506215e+03
6.925677606815265790e+03
7.070528450631145461e+03
5.845775050141246538e+03
4.587018369323531260e+03
3.692554330758305696e+03
3.880534863617392148e+03
3.764069336630374437e+03
3.797041931458476483e+03
3.541058264938083084e+03
3.809171663450076267e+03
3.597033255925790854e+03
3.834037810692404491e+03
3.613809473322040049e+03
3.452110249539536198e+03
3.819126969022882804e+03
3.696279798649384702e+03
3.509732456737737266e+03
3.598218868937736715e+03
4.014673393321945696e+03
3.497211482486032310e+03
3.617583458573961707e+03
3.629728201637822622e+03
3.649638641154244851e+03
3.872884093728841435e+03
3.891034007099002793e+03
3.745285269846919618e+03
3.635002746648189714e+03
3.735741309605675269e+03
3.728210620014132019e+03
3.697838179493230655e+03
3.582985560707568766e+03
3.533629058277879267e+03
3.666072612157212916e+03
3.654059722345893533e+03
3.576756115926687016e+03
3.899671367120035029e+03
3.608202593777636139e+03
3.770291811121395313e+03
3.531604792970158087e+03
3.420910341969365163e+03
3.747768532714065259e+03
3.375116156165630855e+03
3.672607213703231537e+03
3.303197032269093597e+03
3.611034263254207417e+03
3.641799677601695748e+03
3.605697044015500069e+03
3.915838078840187336e+03
3.574902241891315953e+03
3.713130048461188835e+03
3.503726678342548894e+03
3.587604121029271482e+03
3.657017485519080765e+03
3.508912902698666130e+03
3.587107605748416063e+03
3.373316529704119148e+03
3.904075387831300304e+03
3.764710650996127242e+03
3.507394409062996147e+03
3.591800896992610433e+03
3.759624955874823172e+03
3.708695135761749498e+03
3.748984825275342700e+03
3.433242452347836661e+03
3.692615781133046767e+03
3.501670628878005118e+03
3.356768994199302142e+03
3.676697414251370901e+03
3.682443445463940407e+03
4.376529001204071392e+03
4.991624400854457235e+03
4.986901269673646311e+03
4.493917979212824321e+03
4.375903429559121832e+03
3.691657261353893318e+03
3.735618984628776616e+03
3.915246838409981137e+03
4.417256553638821060e+03
4.698030547613163435e+03
4.918053746685753140e+03
4.211651939809001306e+03
3.770500439242309767e+03
3.442057865754821250e+03
3.508912306906725462e+03
3.518152487058899169e+03
3.499569764184944688e+03
3.536797934239375991e+03
3.578539662717654664e+03
3.300663379012575206e+03
3.480632620950274486e+03
3.504938055142506528e+03
3.591240234513892574e+03
3.755094592554532028e+03
3.414708075746118993e+03
3.460366829538413640e+03
3.581801707896519474e+03
3.676207549025458320e+03
3.463377213066349668e+03
3.421286638626943386e+03
3.356798003171985783e+03
3.443455119891128106e+03
3.659599877725348961e+03
3.438299164088683028e+03
3.513928394775698507e+03
3.619389277421471888e+03
3.566590121949884633e+03
3.608277155352646332e+03
3.202857295266723668e+03
3.472512996108269817e+03
3.486328265155444569e+03
3.610349796041713034e+03
3.362298442447523485e+03
3.573916016928275894e+03
3.732489471859332753e+03
3.449954626749252839e+03
3.458425038681152273e+03
3.198797161132894871e+03
3.397799854389645134e+03
3.475134662804994150e+03
3.581329240749187647e+03
3.642322827038799005e+03
3.459677026089083029e+03
3.371064653374698537e+03
3.664998706255980323e+03
3.483662859730200580e+03
3.687394894739860774e+03
3.549352817452755517e+03
3.404661671538707651e+03
3.689190895879751679e+03
3.543967876264728147e+03
3.409096248456355625e+03
3.408953101354171849e+03
3.706783961005368383e+03
3.374250140282274970e+03
3.442666354499121098e+03
3.595262963292970653e+03
3.569202257933077362e+03
3.389442079302339607e+03
3.607751606040355000e+03
3.825009594561682661e+03
3.517885139162619907e+03
3.761220337180421666e+03
3.811713346246956462e+03
3.692267729215327563e+03
3.577165753293125817e+03
3.704085481270056789e+03
3.777073714713902973e+03
3.657334269745217625e+03
3.864356664767298298e+03
3.827817610804991091e+03
3.962190106475698030e+03
3.989808031163293890e+03
3.844961394590922282e+03
4.153303163581325862e+03
3.883591465356236313e+03
3.964879384473131267e+03
3.628516722298378227e+03
3.675157786192079129e+03
3.935497373945229356e+03
3.491931093402631177e+03
3.716000754537980811e+03
3.567706826007780364e+03
3.779959807577463380e+03
3.675888618654826132e+03
3.644480812147646247e+03
3.640562067120090433e+03
3.734804414075809291e+03
3.762525392262883088e+03
3.502092702246240151e+03
3.827761192827323612e+03
3.590190479270501328e+03
3.723953301348286459e+03
3.761579979818515767e+03
3.699282224203866008e+03
3.605158419404326196e+03
3.640741102956596478e+03
3.739076349951090833e+03
3.949502156914266379e+03
4.143097117438752321e+03
3.988956486610905813e+03
3.603149567936395670e+03
3.991302268429349169e+03
3.752437685675618923e+03
3.863211072964255436e+03
3.792020541078373753e+03
3.673912935994090276e+03
3.954118047482767452e+03
3.822611041409746576e+03
3.565469065890887578e+03
3.855719057691323087e+03
4.028665500626661924e+03
3.707668709553831832e+03
3.564329907919234302e+03
3.646298312689697923e+03
3.588507353351840266e+03
3.833190897052008040e+03
3.932875090578470008e+03
3.897976952270478250e+03
3.793849905667270832e+03
3.833214287888242779e+03
3.707437275382505959e+03
3.783269860590472035e+03
4.077048962575770020e+03
3.954154692512946895e+03
3.825309864394226679e+03
3.830182093072523458e+03
4.071282051152128133e+03
3.782673248093551592e+03
3.769881584934683360e+03
3.702380965013630430e+03
3.577740593202948276e+03
3.821954998171494026e+03
3.599831545190051202e+03
3.963327880956059744e+03
3.562228993292530049e+03
3.741844515550164033e+03
3.723396497746911336e+03
3.807778928429114330e+03
3.610097638253706464e+03
3.617867409609289552e+03
3.716141266748014459e+03
3.485784100817504168e+03
3.770264059675132557e+03
3.461905236655370118e+03
3.870187438864480555e+03
3.752094976940404194e+03
3.478259349067184758e+03
3.777611477010760154e+03
3.232532749025029261e+03
3.726578369488938733e+03
3.424699743880025835e+03
3.743675272559033601e+03
3.495847592622786124e+03
3.759904808511844749e+03
3.698163813728319383e+03
3.634629232319905441e+03
3.918640762820745749e+03
3.670193485485556721e+03
3.513374718992043654e+03
3.880915174845707952e+03
3.745522365049202108e+03
3.771789562446092532e+03
3.773475030837983468e+03
3.549018086900946855e+03
3.814998148832379229e+03
3.683858346591769077e+03
4.043959168038267308e+03
3.810726766453277378e+03
3.565761090757019701e+03
3.574522309431401027e+03
3.585622843936213030e+03
3.706887752197101690e+03
3.685762486657169120e+03
3.644776142116301344e+03
3.773918520384955173e+03
3.489980521452617268e+03
3.361841718874944490e+03
3.579535842764632889e+03
3.551838927304159824e+03
3.596417130655569963e+03
3.709925749030646784e+03
3.868402936829438659e+03
3.712567654029198366e+03
3.901125930710767079e+03
3.816501934658353093e+03
3.410350788970642498e+03
3.636376095195384551e+03
3.413951621607407560e+03
3.449101991713973803e+03
3.509964195897491663e+03
3.783895395427053245e+03
3.718053859858593114e+03
3.468536384500461736e+03
3.667353212154495395e+03
3.563600494836094185e+03
3.642849323185043431e+03
3.715042907044527055e+03
3.767422643496623550e+03
3.610147589878585222e+03
3.579618315536718455e+03
3.490838384102886721e+03
3.587977409690607146e+03
3.586600544878845540e+03
3.486499062743682316e+03
3.498307172566850568e+03
3.386688784876651425e+03
3.705189707300208283e+03
3.710099969656244866e+03
3.638153239372246389e+03
3.618800973849673483e+03
3.558321570190274088e+03
3.591858572631935203e+03
3.728892774808139620e+03
3.814315362865841507e+03
3.787839930711070792e+03
3.456675487490592786e+03
3.651462595528044858e+03
3.584699071288700452e+03
3.395143099776250438e+03
3.571617034021363452e+03
3.482414088519110919e+03
3.388985662451624194e+03
3.540629411802830873e+03
3.629766092913135708e+03
3.471748033182585459e+03
3.569191520351598683e+03
3.643043710427955830e+03
3.873446279946640061e+03
3.883006611271583552e+03
3.614286551859050178e+03
3.591696910125568138e+03
3.923174529081556102e+03
4.077766273734475817e+03
3.742227222532338146e+03
3.739542034712609620e+03
3.727840634356299688e+03
3.584620471230110525e+03
3.673460806714314458e+03
3.740108585469351965e+03
3.207483767870559859e+03
3.503997780386755494e+03
3.732351252456127440e+03
3.371003479988631625e+03
3.607118335324728832e+03
3.570660641563298213e+03
3.455578748601159532e+03
3.660735369968019768e+03
3.598318098987583198e+03
3.581937281152979722e+03
3.655992607535297793e+03
3.579050453069307423e+03
3.661089735143193593e+03
3.934455433597791853e+03
3.888410081809560779e+03
3.621819669110166615e+03
3.583470933424571740e+03
3.669129292236134461e+03
3.587125171753255472e+03
3.876082730510534930e+03
3.812574088057440804e+03
3.634739888915727533e+03
3.766343563151578110e+03
3.751833053818611006e+03
3.938549813838591945e+03
4.129228784617764177e+03
3.549098864324370425e+03
3.691773013788104436e+03
3.784610147795557168e+03
3.883930196353498104e+03
3.839307203359137020e+03
3.690486860676242031e+03
3.817333010482083409e+03
3.927934722879310357e+03
3.879968749995225608e+03
4.180076310840969199e+03
4.031751389125193327e+03
3.662283596100904560e+03
4.318361284186155899e+03
3.937098760953646433e+03
3.981173836652978025e+03
3.812171630557674234e+03
3.853010859047547456e+03
3.817314755457835417e+03
3.989825879312832058e+03
3.763664658549200340e+03
3.914000902286908513e+03
3.853371877930444498e+03
4.170436537864835373e+03
4.645352460169760889e+03
4.708652854152501277e+03
4.317677693669704240e+03
3.770174938360808937e+03
3.695424198047052869e+03
3.786743854690602348e+03
3.862235660387989356e+03
4.054721996828803185e+03
3.839579647755054793e+03
3.964971636998825488e+03
3.999655526043198734e+03
3.924843596788546620e+03
4.106453049144022771e+03
3.801788673866363297e+03
3.958352942082516165e+03
3.754617464151133390e+03
3.886351268427126342e+03
3.772505327809751634e+03
3.672074129463435384e+03
3.905295110652649782e+03
3.942426872785439173e+03
3.749912703097022131e+03
3.869694720049302305e+03
3.964260683126622098e+03
4.016317850608399112e+03
3.811070266104973143e+03
3.815993310535696764e+03
3.983314213836718864e+03
3.840668221065930084e+03
3.787131096794051246e+03
3.954656627955328986e+03
3.674808494507539308e+03
3.860874399742847345e+03
3.926922419802797322e+03
3.821450536063125583e+03
3.841599171718654816e+03
3.567783006829559326e+03
3.914182601299464750e+03
3.926809352484629471e+03
3.944435994681962256e+03
3.736979624106664687e+03
3.758910672741780218e+03
3.660051720379039125e+03
3.646168286659488786e+03
3.741169638471011240e+03
3.599102522004806815e+03
3.717447747111150875e+03
3.596607300496044900e+03
3.825686644031422929e+03
3.395352275572537565e+03
3.760670386754478841e+03
4.029741740003779796e+03
4.057607172872204956e+03
3.994958844865702758e+03
3.923599063426144767e+03
3.706576531584537406e+03
3.622599143822111728e+03
3.875478714473947093e+03
3.609600940150891347e+03
3.511963431990472600e+03
3.904452899800950036e+03
3.877559724513794663e+03
3.627686515774684722e+03
3.695297871773048428e+03
3.822230074098786645e+03
3.849529623518454628e+03
3.297836628037398896e+03
3.354527937212621055e+03
3.277714733515014814e+03
3.831780451922940756e+03
3.682561023150473375e+03
3.866303426854128247e+03
3.726566415245793905e+03
3.684728584074084210e+03
3.677261202289201265e+03
3.906539362962270388e+03
3.528999151553474348e+03
3.627511470238522634e+03
3.626003242290874823e+03
3.765778513444705823e+03
3.626981478376930227e+03
3.891133406484118950e+03
3.733339907878720624e+03
3.838019019201002720e+03
3.913817992516119830e+03
3.693950906113278961e+03
4.041150359402419326e+03
3.799105494053617349e+03
3.933782182874373120e+03
3.955831459998923947e+03
3.904660672640372013e+03
3.654663903798340925e+03
4.135228005732017664e+03
4.078547370434652748e+03
3.916118459040857488e+03
3.690824454445913489e+03
3.692837863364431541e+03
3.708547566740095590e+03
3.675744371007249356e+03
3.747516275555699849e+03
3.627212284604899651e+03
3.556743280451882129e+03
3.415116334172065763e+03
3.718756201222147411e+03
4.100122339404353625e+03
3.628852012581668077e+03
3.941159757634441576e+03
3.926415900455096562e+03
3.615185679001321660e+03
3.778662589896983263e+03
3.920730438177074575e+03
3.886142169100953197e+03
3.781270939222795278e+03
3.880918636375813549e+03
3.681578057748085030e+03
3.870420937337221403e+03
3.732062802843580357e+03
