6.000352236614661706e+03
6.001573847647115144e+03
6.002812652615041770e+03
6.003970704083591045e+03
6.005127928275118393e+03
6.006286556072145686e+03
6.007443801196900495e+03
6.008602410110153869e+03
6.009759369861346386e+03
6.010918475756335283e+03
6.012076024425607102e+03
6.013233652510728461e+03
6.014391914382692448e+03
6.015550582374180522e+03
6.016708244709152495e+03
6.017866805631324496e+03
6.019025370328296049e+03
6.020694229255203027e+03
6.022351829238449682e+03
6.023509989620639317e+03
6.024668379946809182e+03
6.025827314785555245e+03
6.026984512874416396e+03
6.028143980787540386e+03
6.029302053371679904e+03
6.030460617017148252e+03
6.031619263785359180e+03
6.032778044674761077e+03
6.033936339130985289e+03
6.035161196377806846e+03
6.036404768051922474e+03
6.037563331197382468e+03
6.038722282620584338e+03
6.039881153025357889e+03
6.041040475560871528e+03
6.042199721634979142e+03
6.043358568505932453e+03
6.044517943027148249e+03
6.045675705112169453e+03
6.046836557050000010e+03
6.047995684404316307e+03
6.049154738385003839e+03
6.050313947767314858e+03
6.051473391572263608e+03
6.052633070739587311e+03
6.053792648966092202e+03
6.055461027209839813e+03
6.057118086359476365e+03
6.058277025376000893e+03
6.059435801925933447e+03
6.060596737821902025e+03
6.114137944581312695e+03
6.115300382861179969e+03
6.116461036828137367e+03
6.117623103125756643e+03
6.118784488398589929e+03
6.119945739756450166e+03
6.121108371421876654e+03
6.122269811856125671e+03
6.123431723251432231e+03
6.124593720238840433e+03
6.125755850961189026e+03
6.127423933364891127e+03
6.129080516385020928e+03
6.130242443710832958e+03
6.131404455905498253e+03
6.132566544483623147e+03
6.133728440022584437e+03
6.134890625847352567e+03
6.136052945715126043e+03
6.137214975056004732e+03
6.138376658137329287e+03
6.139539109779077990e+03
6.140702067717108548e+03
6.141864038107300985e+03
6.143097698070688239e+03
6.144350746770184742e+03
6.145513212846761235e+03
6.146675456211170967e+03
6.147838052837340911e+03
6.149001558996468702e+03
6.150164129629950367e+03
6.151327289704026043e+03
6.152490618962634471e+03
6.153651905572201940e+03
6.154814324327794566e+03
6.155978064350731984e+03
6.157140023553858555e+03
6.158303829395333196e+03
6.159466519532397797e+03
6.160629854051539041e+03
6.161792662167651542e+03
6.162955511650595327e+03
6.164119389630058322e+03
6.165787971275632117e+03
6.167444697325644483e+03
6.168608371174525018e+03
6.169771414605840619e+03
6.170934556956663982e+03
6.172098100303463070e+03
6.173261159832773046e+03
6.174424884538760125e+03
6.175588227439587172e+03
6.176751849357497122e+03
6.177916140158930830e+03
6.179078196073840445e+03
6.180242209575754714e+03
6.181478764377004154e+03
6.182733884828997361e+03
6.183898145600910539e+03
6.185061378976388369e+03
6.186225975593390103e+03
6.187388926822724898e+03
6.188554475774079947e+03
6.189717424857223705e+03
6.190881671640709101e+03
6.192045373177104921e+03
6.193209542965331821e+03
6.194373661985077888e+03
6.195537303903663087e+03
6.196702070441274373e+03
6.197866259152841849e+03
6.199030671817524308e+03
6.200195138770843187e+03
6.201359427407062867e+03
6.202523726328854536e+03
6.204193129473935187e+03
6.205849921017829729e+03
6.207015334575748057e+03
6.208178732601826596e+03
6.209344153403947530e+03
6.210508197891786949e+03
6.211672984185928726e+03
6.212837275974296972e+03
6.214002173320331167e+03
6.215167273504942386e+03
6.216332169025760777e+03
6.217497169771916560e+03
6.218661718231194754e+03
6.219825123083288418e+03
6.220991152021275411e+03
6.222230618604775373e+03
6.223489410287160354e+03
6.224653959956004655e+03
6.225819206265062348e+03
6.226984594514574383e+03
6.228149443651414913e+03
6.229315110152324451e+03
6.230480559949576673e+03
6.231645688609391073e+03
6.232811090077905646e+03
6.233976912247784639e+03
6.235140928423184960e+03
6.236307331368039740e+03
6.237473197246609743e+03
6.238638274283053761e+03
6.239803872636700362e+03
6.240969791292729496e+03
6.242135205902537564e+03
6.243301457842649143e+03
6.244467196525116378e+03
6.246627386055284660e+03
6.247792440862663170e+03
6.248958271074860932e+03
6.250125587255429309e+03
6.251290117634905073e+03
6.252456126809483976e+03
6.253622621499958768e+03
6.254788096814630080e+03
6.255953902170002038e+03
6.257121165205335274e+03
6.258285544255279092e+03
6.259452158274858448e+03
6.260618928323016007e+03
6.261784087738578819e+03
6.263027911205312193e+03
6.264289850627759733e+03
6.265456021556103224e+03
6.266623805954798627e+03
6.267789571645029355e+03
6.268955130558824749e+03
6.270122646464256832e+03
6.271288453556772765e+03
6.272455889500655758e+03
6.273621890832770987e+03
6.274786929030711690e+03
6.275955669511767155e+03
6.277121650039074666e+03
6.278289181366042612e+03
6.279455593166063409e+03
6.280622666914397996e+03
6.281789652679571191e+03
6.282957042086208276e+03
6.284123678620861028e+03
6.285291222872400795e+03
6.286457869869513161e+03
6.288126314795516009e+03
6.289781622825163140e+03
6.290948734332701861e+03
6.292115731497441629e+03
6.293283539847841894e+03
6.294450447970516507e+03
6.295618084869469385e+03
6.296785349590510123e+03
6.297952958038446013e+03
6.299119968390611575e+03
6.300287072003167850e+03
6.301454520618260176e+03
6.302621363541481514e+03
6.303788183626374121e+03
6.304956061026751740e+03
6.306203639157016369e+03
6.307395097094841731e+03
6.308638823739414875e+03
6.309806129106026674e+03
6.310975088683023387e+03
6.312141740911581110e+03
6.313310086461628089e+03
6.314477570442881188e+03
6.315645057019342858e+03
6.316813214988958862e+03
6.317981854470501276e+03
6.319150059144044462e+03
6.320318553584320398e+03
6.321486024819679187e+03
6.322654716294689933e+03
6.323823278439755086e+03
6.324991182144094637e+03
6.326159835619054320e+03
6.327327909378812365e+03
6.328496335915185227e+03
6.329664846232618402e+03
6.330833055455585964e+03
6.332500029768969398e+03
6.334154022644296674e+03
6.335322048389527481e+03
6.336490497342711024e+03
6.337659214691241687e+03
6.338828064718997666e+03
6.339995770448370422e+03
6.341164646589730182e+03
6.342333125787004064e+03
6.343501553623758809e+03
6.344670263102600984e+03
6.345838792317043044e+03
6.347007803169570252e+03
6.348175908772969706e+03
6.349344851328525692e+03
6.350513786621733743e+03
6.351766797574342490e+03
6.353040296980887433e+03
6.354210124661729424e+03
6.355381958140581446e+03
6.356551415425265077e+03
6.357720274181298919e+03
6.358888576017870946e+03
6.360055786198829082e+03
6.361226340999226522e+03
6.362394823117873784e+03
6.363564094536683115e+03
6.364732334921670372e+03
6.365899226763454863e+03
6.367068745568708437e+03
6.368236757676015259e+03
6.369406918209991090e+03
6.370577996452215302e+03
6.371746152180183344e+03
6.372918680895480065e+03
6.374087177542586687e+03
6.375257119310129383e+03
6.376425960159717761e+03
6.378089429846473649e+03
6.379740745112700097e+03
6.380911121556281614e+03
6.382084070970341600e+03
6.383253834688513052e+03
6.384423633841861374e+03
6.385593462596459176e+03
6.386763011328038374e+03
6.387933185874447190e+03
6.389103050041610913e+03
6.390272965614310124e+03
6.391442805605265676e+03
6.392612693655102703e+03
6.393782825710331053e+03
6.394952072170124666e+03
6.396123033172162650e+03
6.397293097343360387e+03
6.398553398656323225e+03
6.399834354350850845e+03
6.401005322389648427e+03
6.402175237752213434e+03
6.403346850916650510e+03
6.404516311427215442e+03
6.405687039844494393e+03
6.406858205853527579e+03
6.408031386153938001e+03
6.409203521882149289e+03
6.410374178389572990e+03
6.411544975118000366e+03
6.412716212160511532e+03
6.413884423191638234e+03
6.415055182020218126e+03
6.416227086326465724e+03
6.417398243548192113e+03
6.418569419589150129e+03
6.419740457216805225e+03
6.420909982173653589e+03
6.422081856734388566e+03
6.423253775557152949e+03
6.424425072676628588e+03
6.425597107118962413e+03
6.427256237076969228e+03
6.428902140671059897e+03
6.430074007335762872e+03
6.431245450716662162e+03
6.432417127545990297e+03
6.433588261688219973e+03
6.434759485084670814e+03
6.435928745364199131e+03
6.437101615997143199e+03
6.438271557024594586e+03
6.439443877901095220e+03
6.440615059481595381e+03
6.441786886560701532e+03
6.442957104311532930e+03
6.444130847971341609e+03
6.445302344390161124e+03
6.446474046444031046e+03
6.447645132568237386e+03
6.448911592550356545e+03
6.450200846910281143e+03
6.451373190174691445e+03
6.452545230420461849e+03
6.453717303436114889e+03
6.454890547407509985e+03
6.456063338271335851e+03
6.457234979969794040e+03
6.458406431473484190e+03
6.459577448987982280e+03
6.460749434845200085e+03
6.461921565426976485e+03
6.463094860683806473e+03
6.464266246088026492e+03
6.465438895161497385e+03
6.466611453362882457e+03
6.467783527199897435e+03
6.468956534436436414e+03
6.470128445419317359e+03
6.471301501988686141e+03
6.472474007693317617e+03
6.473646596649856292e+03
6.474819198500269522e+03
6.475992013546199814e+03
6.477164723584676722e+03
6.478820353911214625e+03
6.480459861940832525e+03
6.481632660541142286e+03
6.482805756535623004e+03
6.483977617895896401e+03
6.485150549232087542e+03
6.486322520673391409e+03
6.487499015879350736e+03
6.488671667689786773e+03
6.489844686889842706e+03
6.491016743454699281e+03
6.492190082880109003e+03
6.493361474818901115e+03
6.494536380579955221e+03
6.495710335692562694e+03
6.496884471231978750e+03
6.498057313666855407e+03
6.499229635359333770e+03
6.500402689461553564e+03
6.501676470435255396e+03
6.502975733836020481e+03
6.504149701579542125e+03
6.505323037084595853e+03
6.506496996497459804e+03
6.507672588106390322e+03
6.508846168214654426e+03
6.510019731435450012e+03
6.511189070405934217e+03
6.512363286932812116e+03
6.513536357579568175e+03
6.514710025634890371e+03
6.515884178859012536e+03
6.517057666950837302e+03
6.518231664189482217e+03
6.519405799824670794e+03
6.520579806288341388e+03
6.521753438286458731e+03
6.522927288424948529e+03
6.524101436801603995e+03
6.525273707506531537e+03
6.526446837050788417e+03
6.527621124861560929e+03
6.528795354507039519e+03
6.529969954750810757e+03
6.531144611798404185e+03
6.532795800711301126e+03
6.534429227782889029e+03
6.535603563857819609e+03
6.536777598105306424e+03
6.537950965616907524e+03
6.539125119456054563e+03
6.540300183570798254e+03
6.541473342712894009e+03
6.542648342982394752e+03
6.543825194147182629e+03
6.544999621350882990e+03
6.546174221422459595e+03
6.547348538299278516e+03
6.548522597440991376e+03
6.549697322811995946e+03
6.550872313145430780e+03
6.552046580741069192e+03
6.553221224669312505e+03
6.554396130948098289e+03
6.555711019900836618e+03
6.556853843435600538e+03
6.558163548575725144e+03
6.559338346868976259e+03
6.560513114998971105e+03
6.561688202586945408e+03
6.562863653774115846e+03
6.564037955017372951e+03
6.565213483488658312e+03
6.566388493086255949e+03
6.567563499590999527e+03
6.568738962966706822e+03
6.569914051470482264e+03
6.571089060852260445e+03
6.572265166150428740e+03
6.573440018920714465e+03
6.574615646494572502e+03
6.575790214414079855e+03
6.576966774091075422e+03
6.578141353712414457e+03
6.579317807391291353e+03
6.580493243961678672e+03
6.581668520047403945e+03
6.582843439183955525e+03
6.584020209024582073e+03
6.585195639487712469e+03
6.586370551879539562e+03
6.587547276800699365e+03
6.588721468798595197e+03
6.590369910679681198e+03
6.591998690343462840e+03
6.593174464942093437e+03
6.594350447821966554e+03
6.595525542636781211e+03
6.596702203904029375e+03
6.597877047365957878e+03
6.599053702291808804e+03
6.600228501921512361e+03
6.601405063812570006e+03
6.602580337573961515e+03
6.603756060941483156e+03
6.604931648574559404e+03
6.606108388907928202e+03
6.607283730030777406e+03
6.608460059624338101e+03
6.609636412393787396e+03
6.610811825037264498e+03
6.611988023968769085e+03
6.613164633409151975e+03
6.614341423668934112e+03
6.615516328364874425e+03
6.616809949325937851e+03
6.618127894265815485e+03
6.619305130318010015e+03
6.620481015465437849e+03
6.621658315809761916e+03
6.622835479916791883e+03
6.624012178686879452e+03
6.625188001272270412e+03
6.626365243288368220e+03
6.627542011658843876e+03
6.628719154107751820e+03
6.629895350745915493e+03
6.631072831431268241e+03
6.632249412178537568e+03
6.633425996938887693e+03
6.634604039210183146e+03
6.635780773077508456e+03
6.636958209544292913e+03
6.638134417638721061e+03
6.639312134938051713e+03
6.640487405280683561e+03
6.641663524195455466e+03
6.642840972449582296e+03
6.644017836475626609e+03
6.645195173176524804e+03
6.646373679064643511e+03
6.647549524933071552e+03
6.648726839526514595e+03
6.649905504503437442e+03
6.651081143442967914e+03
6.652722943874633529e+03
6.654345673666250150e+03
6.655523401010533235e+03
6.656699111378078669e+03
6.657877725704445766e+03
6.659053154041615016e+03
6.660230598958051814e+03
6.661406971722261915e+03
6.662585350107812701e+03
6.663763048824870566e+03
6.664944320531131780e+03
6.666122011232014302e+03
6.667299855736802783e+03
6.668477100707829777e+03
6.669654915082566731e+03
6.670832361198346916e+03
6.672010190953705205e+03
6.673187371729246479e+03
6.674366517430402382e+03
6.675543097411747112e+03
6.676721135111798503e+03
6.677898893201695500e+03
6.679076534492839528e+03
6.680379634813500161e+03
6.681708402992859192e+03
6.682886972226063335e+03
6.684065039138321481e+03
6.685243374984687762e+03
6.686421885322600247e+03
6.687599921682149215e+03
6.688778485091502262e+03
6.689956521371239432e+03
6.691135377367520960e+03
6.692313579754497368e+03
6.693492004532477040e+03
6.694670780344136801e+03
6.695848969112113082e+03
6.697027987678085083e+03
6.698206195009073781e+03
6.699385145280626602e+03
6.700563637378746535e+03
6.701742710508447090e+03
6.702921429267982603e+03
6.704099973244699868e+03
6.705279096713387844e+03
6.706457710917145050e+03
6.707636834262600132e+03
6.708815312502126289e+03
6.709994507673862245e+03
6.711173487996697077e+03
6.712352304831056244e+03
6.713531476996973652e+03
6.714710538565920615e+03
6.715889437350961089e+03
6.717068830235035421e+03
6.718248179890737447e+03
6.719883831276866658e+03
6.721500149490040712e+03
6.722679292075219564e+03
6.723857861600308752e+03
6.725037269944757099e+03
6.726216630985653865e+03
6.727395374188128699e+03
6.728574539869522596e+03
6.729753862204887810e+03
6.730932711481401384e+03
6.732112823946097706e+03
6.733291438670340540e+03
6.734470323953974912e+03
6.735648722384215034e+03
6.736828689126558857e+03
6.738008348820257197e+03
6.739187792329767944e+03
6.740367452060390860e+03
6.741547420364956452e+03
6.742725564376397415e+03
6.743906006902906483e+03
6.745085494171020400e+03
6.746264947951634895e+03
6.747444488221924075e+03
6.748624025211328444e+03
6.749935645746589216e+03
6.751272706659820869e+03
6.752453795028569402e+03
6.753633032809614633e+03
6.754813173294920489e+03
6.755993124987184274e+03
6.757172780156855879e+03
6.758352916304568680e+03
6.759533651917960015e+03
6.760713113803883971e+03
6.761893536892658631e+03
6.763072444901249582e+03
6.764252990727165525e+03
6.765433669240600466e+03
6.766614265308867289e+03
6.767794470232253843e+03
6.768974991771045097e+03
6.770155085670920016e+03
6.771336073520135869e+03
6.772515485880417145e+03
6.773696752493757231e+03
6.774876198567446409e+03
6.776053169723430983e+03
6.777231953331895966e+03
6.778405914539121113e+03
6.779462225762115850e+03
6.780635039841933576e+03
6.781958935538770675e+03
6.783144139357958011e+03
6.784323001481741812e+03
6.785505362629498450e+03
6.786683233891402779e+03
6.787864007227168258e+03
6.789044842948163932e+03
6.790225863076460882e+03
6.791858672582605323e+03
6.793472322549918317e+03
6.794653092734591155e+03
6.795834063506131315e+03
6.797013974890532154e+03
6.798195574140654571e+03
6.799375359884133104e+03
6.800554576483143137e+03
6.801907339444802346e+03
6.802919100766587690e+03
6.804100202861247453e+03
6.805281711566875856e+03
6.806462216688437366e+03
6.807644761278712394e+03
6.808995647918243776e+03
6.810005998643925523e+03
6.811187065600334790e+03
6.812368303432123867e+03
6.813549692116949700e+03
6.814731605574650530e+03
6.815912075680960697e+03
6.817093979875887271e+03
6.818274102400498123e+03
6.819455923589306622e+03
6.820637568361736157e+03
6.821819531793410533e+03
6.823000519171927408e+03
6.824182246484646384e+03
6.825499567772778391e+03
6.826844284231108759e+03
6.828025518514592477e+03
6.829207568639185411e+03
6.830389164958384754e+03
6.831571191163570802e+03
6.832752721331733483e+03
6.833934324300254957e+03
6.835116190646721407e+03
6.836298037675946034e+03
6.837480040758039650e+03
6.838661998851191129e+03
6.839842952001529738e+03
6.841025856458835733e+03
6.842207509436910186e+03
6.843389644998629592e+03
6.844571997232912508e+03
6.845753433869024775e+03
6.846936256929318915e+03
6.848117971249570473e+03
6.849300190448227113e+03
6.850481395011022869e+03
6.851665020592774454e+03
6.852846544715080199e+03
6.854028855638633104e+03
6.855211313121157218e+03
6.856393680510101149e+03
6.857576904792994355e+03
6.858758698192310476e+03
6.859941168327237392e+03
6.861123930855301296e+03
6.862306334396308557e+03
6.863488684775024012e+03
6.864671474991517243e+03
6.865852715562835328e+03
6.867036229749530321e+03
6.868218463546612838e+03
6.869401429253012793e+03
6.870582777519271076e+03
6.872217182475772461e+03
6.873830539895683614e+03
6.875013284923593346e+03
6.876196020495302946e+03
6.877379062441989845e+03
6.878561801260508219e+03
6.879744408481847131e+03
6.880927138698183626e+03
6.882109639744781816e+03
6.883292646995449104e+03
6.884476331921977362e+03
6.885658989851711340e+03
6.886841753962436087e+03
6.888024901816719648e+03
6.889208147045091209e+03
6.890391074745667538e+03
6.891573499936214830e+03
6.892757637301208888e+03
6.893939913967004031e+03
6.895123525960647385e+03
6.896306840572670808e+03
6.897489939880997554e+03
6.898673054803670311e+03
6.899856651206850984e+03
6.901038662699232191e+03
6.902222213229256340e+03
6.903406358832271508e+03
6.904589171897006963e+03
6.905772982282928751e+03
6.906956261399836876e+03
6.908139934886190531e+03
6.909461236756200378e+03
6.910809490888564142e+03
6.911993227509849021e+03
6.913176152895948690e+03
6.914360618424786480e+03
6.915543904609165111e+03
6.916727434820743838e+03
6.917911427530963920e+03
6.919095138437846799e+03
6.920279981227282406e+03
6.921462998681085082e+03
6.922646946265435872e+03
6.923830125379500714e+03
6.925014385291561666e+03
6.926197527426818851e+03
6.927382943373860144e+03
6.928565373280443964e+03
6.929750054729043768e+03
6.930933042480024596e+03
6.932117997961559013e+03
6.933301679809108464e+03
6.934485961219309502e+03
6.935670282473637599e+03
6.936854485418059085e+03
6.938038453463094811e+03
6.939221576694134455e+03
6.940406521106991931e+03
6.941591112162491299e+03
6.942775262913783990e+03
6.943959609745572379e+03
6.945144890018824299e+03
6.946328410044091470e+03
6.947513195347305555e+03
6.948697309925969421e+03
6.949881565839761606e+03
6.951066373609388393e+03
6.952250287490475785e+03
6.953435024516120393e+03
6.954618726545153550e+03
6.955805085259024963e+03
6.956988795538422892e+03
6.958172165179335934e+03
6.959357757866195243e+03
6.960541253764311477e+03
6.961727356081370999e+03
6.963360912970081699e+03
6.964974979917416931e+03
6.966159620956274011e+03
6.967344156521531659e+03
6.968529215621220828e+03
6.969713305734167079e+03
6.970898387302324409e+03
6.972082081024366744e+03
6.973268376117841399e+03
6.974453064179907415e+03
6.975637606928813511e+03
6.976822936123899126e+03
6.978007877519526119e+03
6.979192966615727528e+03
6.980378343712268361e+03
6.981562480535461873e+03
6.982747531896606233e+03
6.983932747170972107e+03
6.985117789650113082e+03
6.986301930908326540e+03
6.987488269233362189e+03
6.988672956426556084e+03
6.989858467050565196e+03
6.991044120972179371e+03
6.992229067826479877e+03
6.993413898580770365e+03
6.994599432602590241e+03
6.995784941904825246e+03
6.996970746206020522e+03
6.998155501879130497e+03
6.999340786409184147e+03
7.000526235399159305e+03
7.001711640847106537e+03
7.002896961262900732e+03
7.004082434052258577e+03
7.005268009960998825e+03
7.006595430803525232e+03
7.007950474887855307e+03
7.009136331123779200e+03
7.010321589352009141e+03
7.011508411574042839e+03
7.012692371047137385e+03
7.013879330880683483e+03
7.015064572547502394e+03
7.016250996358649900e+03
7.017435720375772689e+03
7.018622575352312197e+03
7.019808574209930157e+03
7.020994378776894337e+03
7.022181470387633453e+03
7.023366529076838560e+03
7.024552389813763511e+03
7.025738447424705555e+03
7.026925499747979302e+03
7.028108406375462437e+03
7.029295058857580443e+03
7.030480965983098940e+03
7.031666752815178370e+03
7.032852369509555501e+03
7.034040035580982476e+03
7.035228399993151470e+03
7.036414397834156262e+03
7.037600932219648712e+03
7.038787179944753007e+03
7.039973472341818706e+03
7.041160649059128446e+03
7.042347180350059716e+03
7.043533012367366609e+03
7.044719156340262089e+03
7.045905517500622409e+03
7.047092320836352883e+03
7.048279022690726379e+03
7.049465262976341364e+03
7.050652149566996741e+03
7.051838565538791954e+03
7.053024890514904655e+03
7.054212203653623874e+03
7.055398272206957699e+03
7.056585428659620447e+03
7.057771945159787720e+03
7.058958882111614002e+03
7.060145496979131167e+03
7.061332887536239468e+03
7.062518844044398975e+03
7.063706133259093804e+03
7.064893030945776445e+03
7.066079545577995304e+03
7.067266776979478891e+03
7.068898481004798668e+03
7.070509719431827762e+03
7.071696503501838379e+03
7.072883699298829015e+03
7.074070522539781450e+03
7.075257644745301150e+03
7.076444355923532385e+03
7.077631403761651200e+03
7.078817348489429605e+03
7.080005185980530769e+03
7.081192628514016178e+03
7.082380360953335185e+03
7.083566997852532950e+03
7.084754212981153614e+03
7.085941245729770344e+03
7.087128564529883079e+03
7.088315641483975014e+03
7.089503242192007747e+03
7.090690142486837431e+03
7.091877346460385525e+03
7.093064852725262426e+03
7.094252003982497627e+03
7.095439522474605837e+03
7.096626938876528584e+03
7.097814465173658391e+03
7.099001469300196732e+03
7.100189392283017696e+03
7.101377049031700153e+03
7.102564464086784938e+03
7.103752661493216692e+03
7.104939110184992387e+03
7.106127073866512546e+03
7.107314658780195714e+03
7.108503230307308513e+03
7.109690261606120657e+03
7.110876772112933395e+03
7.112065709865091776e+03
7.113253305999541226e+03
7.114439637353829312e+03
7.115629543583932900e+03
7.116816899621703669e+03
7.118004433745437382e+03
7.119339712148160288e+03
7.120702124440524130e+03
7.121890866422005274e+03
7.123077636999306378e+03
7.124266778640301709e+03
7.125454982207263129e+03
7.126642461118564825e+03
7.127831192951157391e+03
7.129019187602541933e+03
7.130207763988758416e+03
7.131395297698653849e+03
7.132583524172689067e+03
7.133772138043501400e+03
7.134959958391041255e+03
7.136148912857835967e+03
7.137336871429458370e+03
7.138524860056931175e+03
7.139714317531625056e+03
7.140902479426666105e+03
7.142090320073125440e+03
7.143278973320565456e+03
7.144467846898169228e+03
7.145655238667336562e+03
7.146838329317282842e+03
7.148025058457270461e+03
7.149213862839129433e+03
7.150404777256912894e+03
7.151593076104808461e+03
7.152782821646644152e+03
7.153972055191813524e+03
7.155161902697644109e+03
7.156353719782438930e+03
7.157544003251495269e+03
7.158732677817092735e+03
7.159922572803578987e+03
7.161112796736505516e+03
7.162302006371435709e+03
7.163490698105715637e+03
7.164680097580773690e+03
7.165868890905740955e+03
7.167054902316711377e+03
7.168243978698011233e+03
7.169432308252652547e+03
7.170620233945473956e+03
7.171808767352816176e+03
7.172998188794460475e+03
7.174186610815958375e+03
7.175375255358358118e+03
7.176563662445032605e+03
7.177753305258553155e+03
7.178942179381734604e+03
7.180131222960049854e+03
7.181320747536024101e+03
7.182509302685007242e+03
7.183698734182794396e+03
7.184887541350971333e+03
7.186076932851229685e+03
7.187266497285466357e+03
7.188455598318953889e+03
7.189644751478591388e+03
7.190834598081774857e+03
7.192023372919029498e+03
7.193213516108949079e+03
7.194402956877383076e+03
7.196033744402996490e+03
7.197641723738026485e+03
7.198827971200450520e+03
7.200017809860043599e+03
7.201209401680226620e+03
7.202399064571844065e+03
7.203590853644494928e+03
7.204780314440800794e+03
7.205969855582060518e+03
7.207159071781658895e+03
7.208347989395561854e+03
7.209539033110873788e+03
7.210727297735283173e+03
7.211918514834251255e+03
7.213107451385351851e+03
7.214297368571855259e+03
7.215487719962231495e+03
7.216677008640408530e+03
7.217866538012744059e+03
7.219056415360099891e+03
7.220246118054695216e+03
7.221435216610616408e+03
7.222625938520567615e+03
7.223815882935415175e+03
7.225006636150863415e+03
7.226195954563583655e+03
7.227385896097958721e+03
7.228575526487630668e+03
7.229765541485892754e+03
7.230954835243641355e+03
7.232145844424123425e+03
7.233336078982061736e+03
7.234526259393016517e+03
7.235716442544228812e+03
7.236906786699615623e+03
7.238097324287547963e+03
7.239287485760225536e+03
7.240477538502087555e+03
7.241667986154034224e+03
7.242858024414499596e+03
7.244047279410458032e+03
7.245238284069740985e+03
7.246429069671947218e+03
7.247618964893653356e+03
7.248809539784720073e+03
7.249999738181033536e+03
7.251190407280883846e+03
7.252380749076783104e+03
7.253571072717607422e+03
7.254761747763061976e+03
7.255952364826097437e+03
7.257142617988807615e+03
7.258333174254831647e+03
7.259523332632818892e+03
7.260711948788393784e+03
7.262056295967091501e+03
7.263426311703940883e+03
7.264616983655513650e+03
7.265807668495504004e+03
7.266997901073118555e+03
7.268188235865345632e+03
7.269380035275250520e+03
7.270570647405390446e+03
7.271761706218891959e+03
7.272952661648223511e+03
7.274143855825010178e+03
7.275334512516827090e+03
7.276525221367226550e+03
7.277716247231950547e+03
7.278907010719919526e+03
7.280098127938359539e+03
7.281289456783880269e+03
7.282480243330167468e+03
7.283670799998127222e+03
7.284862171157081320e+03
7.286053181837392913e+03
7.287244441360605379e+03
7.288434506896540370e+03
7.289626568730949657e+03
7.290817901991212238e+03
7.292009076484388061e+03
7.293200069076498039e+03
7.294391441050382127e+03
7.295583088689798387e+03
7.296773732166944683e+03
7.297965652762653008e+03
7.299156807953553653e+03
7.300348444021225987e+03
7.301540433923680212e+03
7.302731282667288724e+03
7.303922432761590244e+03
7.305113751113916805e+03
7.306304632825280351e+03
7.307496090796300450e+03
7.308687852664792445e+03
7.309879687718359492e+03
7.311071430495652749e+03
7.312263351584805605e+03
7.313455062312399605e+03
7.314646907372458372e+03
7.315838435794371435e+03
7.317030149228331538e+03
7.318221420958625458e+03
7.319412079458163134e+03
7.320604310509455900e+03
7.321796484071062878e+03
7.322987900381597683e+03
7.324180100275500081e+03
7.325371896541308161e+03
7.326564247487298417e+03
7.327756019976597599e+03
7.328947471171742109e+03
7.330139482824617517e+03
7.331331342546722226e+03
7.332522595417668526e+03
7.333715348982372234e+03
7.334906838235566283e+03
7.336099356814806015e+03
7.337291624629013313e+03
7.338483280220727465e+03
7.339675967798876627e+03
7.340867431868514359e+03
7.342060393879269213e+03
7.343251835951977228e+03
7.344443232815092415e+03
7.345635504128477805e+03
7.346827936804920682e+03
7.348020053386391737e+03
7.349212021042563720e+03
7.350404465686131516e+03
7.351596827834056057e+03
7.352789257836649085e+03
7.353981531836446266e+03
7.355174277857396191e+03
7.356367388944213417e+03
7.357559172628758461e+03
7.358751443662685233e+03
7.359942977000711835e+03
7.361135842915573448e+03
7.362328241985424029e+03
7.363521197788104473e+03
7.364713586106515322e+03
7.365906284611101000e+03
7.367536842538181190e+03
7.369146037310553766e+03
7.370338590628227394e+03
7.371531026893555463e+03
7.372723219604361475e+03
7.373915778144471005e+03
7.375108205958174040e+03
7.376301735043371991e+03
7.377493585822453497e+03
7.378686469177332583e+03
7.379878887769998983e+03
7.381072086117301296e+03
7.382264441222535424e+03
7.383456922607625529e+03
7.384649823008299791e+03
7.385843141580733572e+03
7.387035407208212746e+03
7.388229193224308801e+03
7.389421020081648749e+03
7.390614339122038473e+03
7.391806617575389282e+03
7.392999589108581858e+03
7.394192410212337563e+03
7.395385741790945758e+03
7.396578383679543549e+03
7.397771801076779411e+03
7.398964654371774486e+03
7.400158147451687000e+03
7.401350717930296923e+03
7.402542710495987194e+03
7.403737030281876287e+03
7.404929702908978470e+03
7.406122790663465821e+03
7.407316093534240281e+03
7.408508755513503274e+03
7.409702838951025115e+03
7.410895054246445397e+03
7.412088744899723679e+03
7.413281726467276712e+03
7.414474968456874194e+03
7.415668100526566377e+03
7.416861507523491127e+03
7.418054618937406303e+03
7.419248309630446784e+03
7.420439262934844919e+03
7.421629727187381832e+03
7.422815375417383621e+03
7.424013542293575483e+03
7.425209644803046103e+03
7.426402939257907747e+03
7.427596623041540624e+03
7.428790797723251671e+03
7.429986089355600598e+03
7.431179888449836653e+03
7.432375057646014284e+03
7.433569817543116187e+03
7.434764733669256202e+03
7.435957559264490556e+03
7.437150812328841312e+03
7.438344902025135525e+03
7.439538291822994324e+03
7.440732077938143448e+03
7.441926493299742106e+03
7.443121692364091359e+03
7.444315919960313295e+03
7.445510403483745904e+03
7.446703800780545862e+03
7.447897585834355596e+03
7.449088032240280882e+03
7.450282045344217295e+03
7.451475891879171286e+03
7.452669843966270491e+03
7.453862897890506247e+03
7.455057697978194483e+03
7.456251427089438039e+03
7.457445762011580882e+03
7.458639442837270508e+03
7.459833669988747715e+03
7.461028324748116574e+03
7.462221832277753492e+03
7.463415604447148326e+03
7.464609829862504739e+03
7.465803111950702259e+03
7.466998327823902400e+03
7.468190406333708779e+03
7.469545914477444967e+03
7.470927208785768016e+03
7.472121695683298640e+03
7.473315629858249849e+03
7.474510023489850937e+03
7.475704483855677609e+03
7.476899124025057063e+03
7.478092653986855112e+03
7.479287949260118694e+03
7.480482225346674568e+03
7.481676779797438030e+03
7.482871175510864305e+03
7.484065477195214953e+03
7.485259817942864174e+03
7.486453213886013145e+03
7.487648985376248675e+03
7.488843372270974214e+03
7.490037786081515151e+03
7.491232528672270746e+03
7.492426997602049596e+03
7.493622094411012768e+03
7.494816261970883716e+03
7.496010859419372537e+03
7.497205987674517019e+03
7.498400380313785718e+03
7.499595368010178390e+03
7.500790076224850054e+03
7.501982712325591820e+03
7.503179919108380091e+03
7.504374371348957538e+03
7.505568595353176534e+03
7.506763920279316153e+03
7.507958816912013390e+03
7.509152690188536326e+03
7.510348656966189083e+03
7.511543628727119540e+03
7.512738444666164469e+03
7.513932421872301347e+03
7.515128192225362909e+03
7.516323234967237113e+03
7.517518589817607790e+03
7.518713780292143383e+03
7.519908826374216005e+03
7.521104322918400612e+03
7.522299791339570220e+03
7.523494543100451665e+03
7.524689452908016392e+03
7.525884453427957851e+03
7.527079644823109447e+03
7.528274753480295658e+03
7.529469468094127478e+03
7.530665242432722152e+03
7.531859921555046640e+03
7.533055201157170814e+03
7.534248730363714458e+03
7.535445794987407680e+03
7.536641358928054615e+03
7.537836448559448399e+03
7.539031171932861071e+03
7.540227126651134313e+03
7.541422366675831654e+03
7.542617584334679123e+03
7.543813077419760702e+03
7.545008904285147764e+03
7.546204304968400720e+03
7.547400439991446547e+03
7.548594803519295965e+03
7.549790143201485989e+03
7.550986046177983553e+03
7.552181751792751129e+03
7.553377132272364179e+03
7.554574787454866055e+03
7.555771365192351368e+03
7.556965930847849449e+03
7.558165022291061177e+03
7.559362548637996042e+03
7.560560331861437589e+03
7.561755412345798504e+03
7.562949107361390816e+03
7.564144496841412547e+03
7.565341993406736037e+03
7.566537912869330285e+03
7.567734261240084379e+03
7.568923133288072677e+03
7.570119675987197297e+03
7.571315300762591505e+03
7.572511211379824999e+03
7.573704475130982246e+03
7.574900286502718700e+03
7.576096243463636711e+03
7.577287347414097894e+03
7.578486676853231984e+03
7.579673392169018371e+03
7.580867421836274843e+03
7.582062191377705858e+03
7.583267466080815211e+03
7.584465165318237268e+03
7.585663168229708390e+03
7.586860665293876082e+03
7.588056690496684496e+03
7.589252690428271308e+03
7.590448745853751461e+03
7.591645009681903502e+03
7.592841325747700466e+03
7.594037823570392902e+03
7.595233877320887586e+03
7.596430305853111349e+03
7.597625998357347271e+03
7.598822635877076209e+03
7.600019113817585094e+03
7.601214116988459864e+03
7.602411854888146081e+03
7.603607134199130996e+03
7.604804213381968111e+03
7.605999867854466174e+03
7.607196812082408542e+03
7.608392451158704716e+03
7.609589534428296247e+03
7.610786096889380133e+03
7.611980708831661104e+03
7.613175194595200082e+03
7.614370663149711618e+03
7.615568776590219386e+03
7.616768053715920360e+03
7.617964236909538158e+03
7.619161023323299560e+03
7.620358122716896105e+03
7.621554225225283517e+03
7.622750475701821415e+03
7.623947812758538021e+03
7.625144704033819835e+03
7.626340808142886999e+03
7.627538065910967816e+03
7.628732971814962184e+03
7.629930958074281079e+03
7.631127349331219193e+03
7.632324467254175033e+03
7.633521508460612495e+03
7.634717886217048544e+03
7.635915404671332908e+03
7.637111310017024152e+03
7.638308333296798992e+03
7.639505321155041202e+03
7.640702994251741984e+03
7.641898229682967212e+03
7.643095882771808647e+03
7.644292566858045575e+03
7.645489311912541780e+03
7.646686649528651287e+03
7.647883847610116391e+03
7.649080821744879358e+03
7.650279158304571865e+03
7.651474948252234753e+03
7.652671928747445236e+03
7.653869085241992252e+03
7.655065717384248273e+03
7.656262512514128503e+03
7.657460390113209542e+03
7.658657508415201846e+03
7.659854600619317353e+03
7.661052206570749149e+03
7.662249108718467141e+03
7.663445216284461821e+03
7.664644023749593543e+03
7.665840881254537635e+03
7.667037878144315073e+03
7.668235318960792029e+03
7.669431999531120709e+03
7.670629873501739894e+03
7.671826844649330269e+03
7.673024728199632591e+03
7.674221747231244080e+03
7.675419291744889051e+03
7.676615951909499927e+03
7.677810887131245181e+03
7.679007196803318038e+03
7.680197602401879521e+03
7.681396566868585978e+03
7.682597091019176332e+03
7.683797212523311828e+03
7.684993836623821153e+03
7.686192471560809281e+03
7.687389957385084017e+03
7.688588643345921810e+03
7.689787614111979565e+03
7.690986899344449739e+03
7.692184263900040605e+03
7.693382605817554577e+03
7.694579929392236409e+03
7.695778188809586027e+03
7.696975182313238292e+03
7.698173006135113610e+03
7.699370547958696079e+03
7.700568470668967166e+03
7.701765530541752923e+03
7.702963625624106498e+03
7.704161386220551321e+03
7.705359627430716500e+03
7.706557207251138607e+03
7.707755296298957546e+03
7.708953473944688994e+03
7.710151380712685750e+03
7.711349585831676450e+03
7.712547421525076970e+03
7.713745547881546372e+03
7.714943507776185470e+03
7.716141591509828686e+03
7.717338500719952208e+03
7.718537056100472000e+03
7.719735039990211590e+03
7.720933275506016798e+03
7.722132084575237059e+03
7.723329693289355419e+03
7.724527207441627070e+03
7.725725691239781554e+03
7.726923302822721780e+03
7.728121569441661450e+03
7.729319823913251639e+03
7.730517177267801344e+03
7.731716228233538459e+03
7.732914537325767014e+03
7.734113530502898357e+03
7.735308975588381145e+03
7.736508971784742243e+03
7.737706026896562435e+03
7.738905728338490917e+03
7.740102975854359102e+03
7.741733186106851463e+03
7.743341561274262858e+03
7.744540064356690891e+03
7.745738603706854519e+03
7.746937265353642943e+03
