6.000425853649846431e+03
6.003343000184451739e+03
6.006260789482576001e+03
6.009179220610164521e+03
6.012098292634666905e+03
6.015018004624953392e+03
6.017938355651375787e+03
6.020859344785728354e+03
6.023780839056197692e+03
6.026703184271552345e+03
6.029626131576208536e+03
6.032549454666796919e+03
6.035473751416153391e+03
6.038398709777869954e+03
6.041324088656231652e+03
6.044250118841285257e+03
6.047176876717781852e+03
6.050104304557362411e+03
6.053032132672248736e+03
6.055960650931945565e+03
6.058889851662632282e+03
6.061819677658403634e+03
6.064750128012694404e+03
6.067681201820376373e+03
6.070612898177768329e+03
6.073545216182591503e+03
6.076478029535606765e+03
6.079411666618083473e+03
6.082345717665666598e+03
6.085280621802156929e+03
6.088216099438417586e+03
6.091152125623052598e+03
6.094088630493686651e+03
6.097025976235693633e+03
6.099963903207297335e+03
6.102902460728819278e+03
6.105841513042571023e+03
6.108781194255219816e+03
6.111721512216644442e+03
6.114662439342707330e+03
6.120546190114211640e+03
6.123488894047261056e+03
6.126432221893398491e+03
6.129376181654940410e+03
6.132320745315822933e+03
6.135265912003402264e+03
6.138211680846392483e+03
6.141158050974930120e+03
6.144105021520535047e+03
6.147052808316123446e+03
6.150000841468476210e+03
6.152949363597845149e+03
6.155898829421409573e+03
6.158848850204508381e+03
6.161799480190793474e+03
6.164750582451994887e+03
6.167702297138571339e+03
6.170654632584378305e+03
6.173607559838492307e+03
6.176561078047581759e+03
6.179515186359738436e+03
6.182469883924395617e+03
6.185425169892356280e+03
6.188381043415791282e+03
6.191337557635607482e+03
6.194294569942552698e+03
6.197252180861163652e+03
6.200210396155500348e+03
6.203169194786627486e+03
6.206128575914869543e+03
6.209088538701916150e+03
6.212049082310827544e+03
6.215010205905986368e+03
6.217971860816428489e+03
6.220934171822585085e+03
6.223897026613056369e+03
6.226860475380824937e+03
6.229824494524057627e+03
6.232789080564660253e+03
6.235754163218202848e+03
6.238719945327667119e+03
6.241686280437135792e+03
6.244653170664306344e+03
6.247620611563449529e+03
6.250588651090029089e+03
6.253557223160777539e+03
6.256526370063545983e+03
6.259496120263470402e+03
6.262466394716289869e+03
6.265437241743473351e+03
6.268408664558986857e+03
6.271380695010854652e+03
6.274353216695139054e+03
6.277326312666424201e+03
6.280299987269447229e+03
6.283274223009543675e+03
6.286249019083105850e+03
6.289224374687823911e+03
6.292200289022729521e+03
6.295176761288133093e+03
6.298153790685656531e+03
6.301131376418259606e+03
6.304109517690177199e+03
6.307088213706952956e+03
6.310067463675439285e+03
6.313047266803784623e+03
6.316027622301446172e+03
6.319008529379169886e+03
6.321989987248994112e+03
6.324971995124272325e+03
6.327954641068293313e+03
6.330937690991373529e+03
6.333921310935596921e+03
6.336905510991909978e+03
6.339890437390749867e+03
6.342875706923928192e+03
6.345861418598743512e+03
6.348847579506334114e+03
6.351834701496214620e+03
6.354822203926357361e+03
6.357810166136483531e+03
6.360798705469036577e+03
6.363787792415413605e+03
6.366777418489072261e+03
6.369767582922617294e+03
6.372758284949888548e+03
6.375749523805979152e+03
6.378741473489200871e+03
6.381733758792724984e+03
6.384726485315410173e+03
6.387719910630232334e+03
6.390713773154753653e+03
6.393708187673958491e+03
6.396703163021341425e+03
6.399698669123957188e+03
6.402694705228278508e+03
6.405691270581993194e+03
6.408688364434095092e+03
6.411685986034801317e+03
6.414684134635550436e+03
6.417682809489076135e+03
6.420682048369129916e+03
6.423681749382668386e+03
6.426681984112045939e+03
6.429682756528654863e+03
6.432684051480235212e+03
6.435685866630647979e+03
6.438688205432982613e+03
6.441691064152615581e+03
6.444694533403194328e+03
6.447698372660811401e+03
6.450702753079645845e+03
6.453707685129664242e+03
6.456713133830472543e+03
6.459719184707934801e+03
6.462725610536031127e+03
6.465732572543770402e+03
6.468740080560003662e+03
6.471748101589278122e+03
6.474756634907690568e+03
6.477765679792565606e+03
6.480775235522458388e+03
6.483785320710192536e+03
6.486795881822436968e+03
6.489806959819553413e+03
6.492818552505329535e+03
6.495830651680768824e+03
6.498843257397862544e+03
6.501856368943620510e+03
6.504869985606258524e+03
6.507884106675146541e+03
6.510898705217513452e+03
6.513913849384546666e+03
6.516929489231411026e+03
6.519945462928498273e+03
6.522962194246842046e+03
6.525979385977436323e+03
6.528997018093946281e+03
6.532015148974970543e+03
6.535033777920639295e+03
6.538052904232281435e+03
6.541072527212408204e+03
6.544092646164699545e+03
6.547113260394032295e+03
6.550134369206453812e+03
6.553155855799665915e+03
6.556178024371338324e+03
6.559200507633482630e+03
6.562223680859311571e+03
6.565247307808901496e+03
6.568271369612703893e+03
6.571295921174818432e+03
6.574320961810678455e+03
6.577346490836866906e+03
6.580372507574848896e+03
6.583398453928237359e+03
6.586425012093286568e+03
6.589452404402839420e+03
6.592480289783669832e+03
6.595509261166236683e+03
6.598538624494549367e+03
6.601568500954224874e+03
6.604598553802607057e+03
6.607629051406308463e+03
6.610659489617586587e+03
6.613690736108530473e+03
6.616722525002851398e+03
6.619754869579341175e+03
6.622787598820118546e+03
6.625820911860455453e+03
6.628854584836326467e+03
6.631888756330803517e+03
6.634923436488791594e+03
6.637958634374339454e+03
6.640994237037463790e+03
6.644030405247574890e+03
6.647067008081602580e+03
6.650103793044328995e+03
6.653141399611552515e+03
6.656179459757723635e+03
6.659217921234328969e+03
6.662256852432655251e+03
6.665296252702414677e+03
6.668336212836165942e+03
6.671376492071202847e+03
6.674417261454295840e+03
6.677458528776357525e+03
6.680500427279693213e+03
6.683542528730965387e+03
6.686585134202127847e+03
6.689628263767316639e+03
6.692671856601601576e+03
6.695715912065847988e+03
6.698760447913388816e+03
6.701805415213730157e+03
6.704850847863283889e+03
6.707896790160782075e+03
6.710943165181107361e+03
6.713989940390135416e+03
6.717037200496673904e+03
6.720084934123132371e+03
6.723133124676645821e+03
6.726181789876522998e+03
6.729230880917443756e+03
6.732280503481443702e+03
6.735330470497851820e+03
6.738380909401822464e+03
6.741431755421951493e+03
6.744482946145102687e+03
6.747534938607213007e+03
6.750587392264807931e+03
6.753640056056844514e+03
6.756693198051528270e+03
6.759746824057931008e+03
6.762800897893409456e+03
6.765855419959925712e+03
6.768910389644391216e+03
6.771965806334802437e+03
6.775021669420207218e+03
6.778077978290724786e+03
6.781134732337543937e+03
6.784191930952910297e+03
6.787249615633929352e+03
6.790307653173973449e+03
6.793366179902315707e+03
6.796425158981761342e+03
6.799484652720040685e+03
6.802544455122044383e+03
6.805604718350390613e+03
6.808665451761759869e+03
6.811726624319383518e+03
6.814788235426016399e+03
6.817850258495614071e+03
6.820912761179267363e+03
6.823975694083491362e+03
6.827039050864643286e+03
6.830102616533524269e+03
6.833166991908420641e+03
6.836231742597214179e+03
6.839296840720950968e+03
6.842362346215487378e+03
6.845428326372932133e+03
6.848494680442124263e+03
6.851561321924747062e+03
6.854628736251528608e+03
6.857696445557024163e+03
6.860764602142021431e+03
6.863833172494504652e+03
6.866902148565334755e+03
6.869971552612263622e+03
6.873041384057683899e+03
6.876111642324941386e+03
6.879182326838450535e+03
6.882253437023597144e+03
6.885324972306809286e+03
6.888396753210789939e+03
6.891469248945678373e+03
6.894542182831435639e+03
6.897615375359211612e+03
6.900689002841295405e+03
6.903763149711364349e+03
6.906837600822130298e+03
6.909912489605071642e+03
6.912987825125631389e+03
6.916063580063675545e+03
6.919139753856666175e+03
6.922216345943011220e+03
6.925293355762143619e+03
6.928370782754474021e+03
6.931448644666083055e+03
6.934526892873538600e+03
6.937605561189601758e+03
6.940684181072995671e+03
6.943763071602734271e+03
6.946842850906805324e+03
6.949923192007242505e+03
6.953004819663653507e+03
6.956086306635472283e+03
6.959167874799162746e+03
6.962249854045476241e+03
6.965332243826599552e+03
6.968415043595672614e+03
6.971498252806802157e+03
6.974581870915078980e+03
6.977665958496338135e+03
6.980750354514537321e+03
6.983835095232386266e+03
6.986920392289867777e+03
6.990006075908775529e+03
6.993092136010506692e+03
6.996178601221872668e+03
6.999265471005645850e+03
7.002352623220921487e+03
7.005440467398653709e+03
7.008528627096110540e+03
7.011617019090860595e+03
7.014705869773918494e+03
7.017795244320011079e+03
7.020884875722338620e+03
7.023974929727775816e+03
7.027065416644289144e+03
7.030156302813021284e+03
7.033247587707133789e+03
7.036339270800734084e+03
7.039431351568847276e+03
7.042523829487464354e+03
7.045616704033480346e+03
7.048709974684734334e+03
7.051803723559970422e+03
7.054897733136508577e+03
7.057992158062234921e+03
7.061087007931352673e+03
7.064182251308825471e+03
7.067277887678006664e+03
7.070373777868235265e+03
7.073470075113979874e+03
7.076567070889809656e+03
7.079664352771865197e+03
7.082761946382622227e+03
7.085859988442133726e+03
7.088958324728153457e+03
7.092057064642978730e+03
7.095156214841470501e+03
7.098255752915948506e+03
7.101355678359825106e+03
7.104455990667429433e+03
7.107556689334012844e+03
7.110657773855693449e+03
7.113759243729508853e+03
7.116861098453407976e+03
7.119963337526210125e+03
7.123065960447620455e+03
7.126168966718258162e+03
7.129272355839655575e+03
7.132376216534753439e+03
7.135480314024647669e+03
7.138584815336686916e+03
7.141689730893891465e+03
7.144795084868675985e+03
7.147900484376636086e+03
7.151006428027588299e+03
7.154112862050567855e+03
7.157219674478462366e+03
7.160327104979021897e+03
7.163434762642756141e+03
7.166542537060652649e+03
7.169650964901268708e+03
7.172759725819748382e+03
7.175868798484703802e+03
7.178978281950362543e+03
7.182088081711446648e+03
7.185198264515353912e+03
7.188308759527545590e+03
7.191419749114218575e+03
7.194531092471957891e+03
7.197642779976241400e+03
7.200754839108511078e+03
7.203867269391208538e+03
7.206980070347661240e+03
7.210093137930506600e+03
7.213206743630736128e+03
7.216320692505281841e+03
7.219434971406762998e+03
7.222549618611263213e+03
7.225664633647184019e+03
7.228780016043747310e+03
7.231895765331036273e+03
7.235011881039999935e+03
7.238128362702364939e+03
7.241245209850732863e+03
7.244362422018553843e+03
7.247479998740069277e+03
7.250597974810798405e+03
7.253716257177220541e+03
7.256834911582051973e+03
7.259953941877706711e+03
7.263073334410866664e+03
7.266193088720771811e+03
7.269313369034498464e+03
7.272433742451279613e+03
7.275554517748087164e+03
7.278675714606698421e+03
7.281797343568511678e+03
7.284919213491629307e+03
7.288041460270853349e+03
7.291164092338249247e+03
7.294287082072320118e+03
7.297410429020450465e+03
7.300534132730887904e+03
7.303657990633514601e+03
7.306782533018034883e+03
7.309907379930229581e+03
7.313032506188141269e+03
7.316157986961515235e+03
7.319283821803380306e+03
7.322410010267578400e+03
7.325536551908767251e+03
7.328663207006959055e+03
7.331790603425992231e+03
7.334918291452349877e+03
7.338046241363620538e+03
7.341174542236916750e+03
7.344303193631620161e+03
7.347432195107905500e+03
7.350561546226712380e+03
7.353691246549802599e+03
7.356821295639669188e+03
7.359951772597408308e+03
7.363082503369038022e+03
7.366213544330318655e+03
7.369344970944543093e+03
7.372476757333306523e+03
7.375608884669200052e+03
7.378741366203831603e+03
7.381874191721410170e+03
7.385007447756407601e+03
7.388140905794912214e+03
7.391274729893259064e+03
7.394408929554709175e+03
7.397543473648099280e+03
7.400678360266211712e+03
7.403813676210047561e+03
7.406949116093716839e+03
7.410085042902704117e+03
7.413221324283505055e+03
7.416357917848775287e+03
7.419494851592985469e+03
7.422632125094698495e+03
7.425769737933224860e+03
7.428907775783536636e+03
7.432046012151950890e+03
7.435184608274304992e+03
7.438323574268382799e+03
7.441462953365561589e+03
7.444602629963376785e+03
7.447742525484066391e+03
7.450882806532841641e+03
7.454023454595480871e+03
7.457164437829077542e+03
7.460305755821114872e+03
7.463447563032465041e+03
7.466589452375512337e+03
7.469731714233446837e+03
7.472874367148458077e+03
7.476017352770156322e+03
7.479160670690369443e+03
7.482304320501644725e+03
7.485448319907486621e+03
7.488592620946605166e+03
7.491737211852987457e+03
7.494882213561263598e+03
7.498027533713305274e+03
7.501173067417495076e+03
7.504319091040194508e+03
7.507465418412379222e+03
7.510612104339274083e+03
7.513759004609941258e+03
7.516906255899110874e+03
7.520053915139935270e+03
7.523201807272955193e+03
7.526350074470577056e+03
7.529498632634279602e+03
7.532647524957119458e+03
7.535796755267862864e+03
7.538946310257178084e+03
7.542096275741603677e+03
7.545246424949456014e+03
7.548396906865135861e+03
7.551547831659748226e+03
7.554698944866317106e+03
7.557850196360417613e+03
7.561002166420676076e+03
7.564154391461120213e+03
7.567306885204624450e+03
7.570459643956568470e+03
7.573612809458390984e+03
7.576766181401054382e+03
7.579919892523116687e+03
7.583073951951735580e+03
7.586228285133941426e+03
7.589383010077379367e+03
7.592538041743233407e+03
7.595693374231790585e+03
7.598849024029143948e+03
7.602004968824245225e+03
7.605161024906798957e+03
7.608317738268404355e+03
7.611474857647729550e+03
7.614631820898642218e+03
7.617789478750466515e+03
7.620947425323614880e+03
7.624105554864284386e+03
7.627264071571070417e+03
7.630422975693255466e+03
7.633582037531494279e+03
7.636741433605790917e+03
7.639901173972807555e+03
7.643061226372335113e+03
7.646221624242721191e+03
7.649382278430807673e+03
7.652543252049194052e+03
7.655704548865171091e+03
7.658866155860062463e+03
7.662028072665080799e+03
7.665190298912021717e+03
7.668352834233356589e+03
7.671515678262193433e+03
7.674678830632249628e+03
7.677842290977855555e+03
7.681006058934025532e+03
7.684170036453999273e+03
7.687334513535262886e+03
7.690499217492607386e+03
7.693664199585625283e+03
7.696829500141070639e+03
7.699995106130028944e+03
7.703161017191822793e+03
7.706327314905705862e+03
7.709493783749718204e+03
7.712660577216714046e+03
7.715827704975430606e+03
7.718995136012811599e+03
7.722162869971852160e+03
7.725330906496174066e+03
7.728499245229961161e+03
7.731667885818056675e+03
7.734836827905845894e+03
7.738006048714626559e+03
7.741175606775550477e+03
7.744345459630524601e+03
7.747515604183211508e+03
7.750686048471634422e+03
7.753856826701583486e+03
7.757027847780759657e+03
7.760199176244181217e+03
7.763370815971346019e+03
7.766542753685102980e+03
7.769714989037377563e+03
7.772887521680677310e+03
7.776060410298086026e+03
7.779233499537851458e+03
7.782406899890668683e+03
7.785580688088720308e+03
7.788754658275375732e+03
7.791928941266250149e+03
7.795103545265936191e+03
7.798278443797631553e+03
7.801453636519020620e+03
7.804629123088376218e+03
7.807804903164545976e+03
7.810980976406920490e+03
7.814157342475480618e+03
7.817334001030754735e+03
7.820510951733835100e+03
7.823688256923521294e+03
7.826865751679567438e+03
7.830043426210240796e+03
7.833221621699952266e+03
7.836400075643675336e+03
7.839578772147787276e+03
7.842757758442952763e+03
7.845937206136302848e+03
7.849116663396503100e+03
7.852296452732810394e+03
7.855476594852967537e+03
7.858657025097276346e+03
7.861837743134012271e+03
7.865018748631970084e+03
7.868200041260473881e+03
7.871381620689404372e+03
7.874563486589168861e+03
7.877745638630703070e+03
7.880928158452677053e+03
7.884110830491386878e+03
7.887293808323374833e+03
7.890477101652068086e+03
7.893660656086129165e+03
7.896847176984028010e+03
7.903213483887894654e+03
7.906398271117834156e+03
7.909581745322252573e+03
7.912767734723223839e+03
7.915952779423833817e+03
7.919138029317867222e+03
7.922324661809339887e+03
7.925511831423908916e+03
7.928698720114242860e+03
7.931885686730830457e+03
7.935072933655861561e+03
7.938260460570148098e+03
7.941448267155001304e+03
7.944636353092247191e+03
7.947824718064213812e+03
7.951013361753712161e+03
7.954202283844073463e+03
7.957391484019130075e+03
7.960580937352015098e+03
7.963770708153409032e+03
7.966960749897983078e+03
7.970151059259859721e+03
7.973341645132922167e+03
7.976532507203935893e+03
7.979723645160167507e+03
7.982915058689363832e+03
7.986106747479764636e+03
7.989298711220053519e+03
7.992490949599436135e+03
7.995683462307585614e+03
7.998876628944142794e+03
8.002069739794313136e+03
8.005263148703555089e+03
8.008456687444892850e+03
8.011650526476706546e+03
8.014844678860482418e+03
8.018039103416177568e+03
8.021233799837270453e+03
8.024428767817676999e+03
8.027624007051767876e+03
8.030819179279340460e+03
8.034014881998625242e+03
8.037210951093674339e+03
8.040407272084683427e+03
8.043603862806019606e+03
8.046800722954804769e+03
8.049997852228626471e+03
8.053195250325537017e+03
8.056392916944019817e+03
8.059590851783027574e+03
8.062789054541949554e+03
8.065987524920615215e+03
8.069186262619306945e+03
8.072385267338770973e+03
8.075584510775559465e+03
8.078784066167912897e+03
8.081983880635588321e+03
8.085183756039997206e+03
8.088384213068828103e+03
8.091584886387629012e+03
8.094785751909681494e+03
8.097986882074095774e+03
8.101188276585512540e+03
8.104389935149003577e+03
8.107591947937560690e+03
8.110794166156739266e+03
8.113996525527179074e+03
8.117199204040407494e+03
8.120402178455452486e+03
8.123605364856824053e+03
8.126808895047676742e+03
8.130012674282032094e+03
8.133216696112904174e+03
8.136420979069917848e+03
8.139625522862743310e+03
8.142830327201514592e+03
8.146035391796735894e+03
8.149240716359329781e+03
8.152446300600633549e+03
8.155652144232389219e+03
8.158858246966718980e+03
8.162064608516169756e+03
8.165271228593690466e+03
8.168478106912610201e+03
8.171685335300085171e+03
8.174892671591797807e+03
8.178100288457143506e+03
8.181308196883005621e+03
8.184516362122895771e+03
8.187724783892518644e+03
8.190933550450599796e+03
8.194142429011595596e+03
8.197351585542635803e+03
8.200561030595967168e+03
8.203770730763340907e+03
8.206980685762757275e+03
8.210190662654791595e+03
8.213401272088927726e+03
8.216612144308755887e+03
8.219823065245025646e+03
8.223034355793306531e+03
8.226245618384009504e+03
8.229457420677301343e+03
8.232669465997631050e+03
8.235881701858072120e+03
8.239094189751291196e+03
8.242306929399386718e+03
8.245519920524824556e+03
8.248733162850448934e+03
8.251946656099426036e+03
8.255160493098142979e+03
8.258374429093957588e+03
8.261588638623750739e+03
8.264803132805200221e+03
8.268017876531292131e+03
8.271232869527359071e+03
8.274448111519050144e+03
8.277663602232383710e+03
8.280879431491053765e+03
8.284095451462924757e+03
8.287311597274208907e+03
8.290528046834659108e+03
8.293744777058549516e+03
8.296961754367404865e+03
8.300178871081268881e+03
8.303396408970047560e+03
8.306614166089641003e+03
8.309832129025853646e+03
8.313050337692448011e+03
8.316268791819502439e+03
8.319487491137408142e+03
8.322706435376918307e+03
8.325925624269084437e+03
8.329145057545290911e+03
8.332364734937254980e+03
8.335584656176999488e+03
8.338804786808224890e+03
8.342025216338759492e+03
8.345245880307986226e+03
8.348466774265518325e+03
8.351687910735743571e+03
8.354909289452598387e+03
8.358130910150319323e+03
8.361352772563444887e+03
8.364574876426841001e+03
8.367797221475662809e+03
8.371019807445392871e+03
8.374242733502187548e+03
8.377465738290171430e+03
8.380689008239163741e+03
8.383912555253209575e+03
8.387136341870003889e+03
8.390360464759954993e+03
8.393584656560455187e+03
8.396809132009977475e+03
8.400033879114575029e+03
8.403258859810037393e+03
8.406484078536281231e+03
8.409709535032285203e+03
8.412935229037348108e+03
8.416161160291063425e+03
8.419387328533297477e+03
8.422613740117416455e+03
8.425840377418344360e+03
8.429067252593966259e+03
8.432294366194530085e+03
8.435521715487115216e+03
8.438749300213277820e+03
8.441977120114815989e+03
8.445205174933800663e+03
8.448433464412573812e+03
8.451661780572976568e+03
8.454890668607000407e+03
8.458119738235100158e+03
8.461348963781823841e+03
8.464578422704058539e+03
8.467808114745714192e+03
8.471038039650979044e+03
8.474268197164341473e+03
8.477498587030459021e+03
8.480729208994305736e+03
8.483960062801101230e+03
8.487191148196285212e+03
8.490422552644147800e+03
8.493654045552524622e+03
8.496885791370608786e+03
8.500117800578997048e+03
8.503350040106817687e+03
8.506582298992345386e+03
8.509815130277709613e+03
8.513048138077485419e+03
8.516281296354840379e+03
8.519514683688739751e+03
8.522748299827275332e+03
8.525982144518842688e+03
8.529216217512044750e+03
8.532450518555695453e+03
8.535685047398854294e+03
8.538919803790806327e+03
8.542154787481073072e+03
8.545389998219381596e+03
8.548625435755699073e+03
8.551861099840183670e+03
8.555096950867400665e+03
8.558333091931608578e+03
8.561569448887883482e+03
8.564806096112517480e+03
8.568042947056941557e+03
8.571279868144631109e+03
8.574517070842011890e+03
8.577754498426582359e+03
8.580992215222589948e+03
8.584230146030977266e+03
8.587468285719480264e+03
8.590706648975115968e+03
8.593945235550812868e+03
8.597183971371046937e+03
8.600423050054090709e+03
8.603662332730606067e+03
8.606901689036298194e+03
8.610141464296621052e+03
8.613381540825883349e+03
8.616621614950556250e+03
8.619861938096095400e+03
8.623102523466943239e+03
8.626343329697994704e+03
8.629584356544301045e+03
8.632825603761086313e+03
8.636067071103812850e+03
8.639308758328081240e+03
8.642550665189657593e+03
8.645792791444540853e+03
8.649035136848873663e+03
8.652277701158962373e+03
8.655520484131333433e+03
8.733412216985021587e+03
8.736660414825950284e+03
8.739908798083783040e+03
8.743157234033495115e+03
8.746406141148434472e+03
8.749655219789616240e+03
8.752904450205345711e+03
8.756153762119525709e+03
8.759403495852888227e+03
8.762653407650243025e+03
8.765903481402498073e+03
8.769153650839729380e+03
8.772404216525757874e+03
8.775654888779588873e+03
8.778905848591884933e+03
8.782156998970955101e+03
8.785408255730120800e+03
8.788659842996785301e+03
8.791911619992641135e+03
8.795163577320832701e+03
8.798415742747245531e+03
8.801668116034667037e+03
8.804920826550658603e+03
8.808173533732493524e+03
8.811426610868738862e+03
8.814679731756363253e+03
8.817933092092795050e+03
8.821186707571156148e+03
8.824440529253070054e+03
8.827694556902159093e+03
8.830948790282120171e+03
8.834203229156762973e+03
8.837457873289966301e+03
8.840712722445705367e+03
8.843967776388069979e+03
8.847222868117611142e+03
8.850478435299182820e+03
8.853734164576853800e+03
8.856990035308086590e+03
8.860246109647556295e+03
8.863502387359809291e+03
8.866758868209521097e+03
8.870015551961392703e+03
8.873272438380217864e+03
8.876529667080616491e+03
8.879786870599398753e+03
8.883044311287563687e+03
8.886302006023650392e+03
8.889559902251745370e+03
8.892817999737080754e+03
8.896076416925612648e+03
8.899334841941828927e+03
8.902593497389536424e+03
8.905852397557173390e+03
8.909111497809059074e+03
8.912370767921494917e+03
8.915630286408220854e+03
8.918889996726198660e+03
8.922149894971364120e+03
8.925409992129209058e+03
8.928670287965551324e+03
8.931930782246314266e+03
8.935191619825645830e+03
8.938452419485718565e+03
8.941713453414575270e+03
8.944974739132740069e+03
8.948236222125438871e+03
8.951497894230758902e+03
8.954759776032962691e+03
8.958021852412342923e+03
8.961284122164979635e+03
8.964546588023245931e+03
8.967809249753436234e+03
8.971072107121935915e+03
8.974335526444434436e+03
8.977598544974105607e+03
8.980862126087722572e+03
8.984125591328041992e+03
8.987389320363201477e+03
8.990653346656396025e+03
8.993917566953068672e+03
8.997181921941537439e+03
9.000446566520537090e+03
9.003711389529547887e+03
9.006976135400234853e+03
9.010241602454416352e+03
9.013507127022663553e+03
9.016772570356662982e+03
9.020038251073476204e+03
9.023304228407001574e+03
9.026570388758073022e+03
9.029836717233385571e+03
9.033103253909144769e+03
9.036369978922391965e+03
9.039636890760444658e+03
9.042903993101221204e+03
9.046171285711354358e+03
9.049438768357482331e+03
9.052706440806239698e+03
9.055974050265083861e+03
9.059242259689754064e+03
9.062510594634341032e+03
9.065779023959672486e+03
9.069047641920606111e+03
9.072316448283709178e+03
9.075585442815541683e+03
9.078854625282572670e+03
9.082123995451329392e+03
9.085393553088320914e+03
9.088663297959939882e+03
9.091933229832668076e+03
9.095203348472916332e+03
9.098473653647040919e+03
9.101744211238481512e+03
9.105014847398226266e+03
9.108285686035998879e+03
9.111556749123234113e+03
9.114827974627465665e+03
9.118099388816541250e+03
9.121370734531075868e+03
9.124642685446689939e+03
9.127914755675506967e+03
9.131186913332101540e+03
9.134459254950499599e+03
9.137731780296631769e+03
9.141004489136370466e+03
9.144277381235566281e+03
9.147550456360002499e+03
9.150823618825821541e+03
9.154097119037556695e+03
9.157370777541851567e+03
9.160644582424078180e+03
9.163918569159679464e+03
9.167192737514124019e+03
9.170467087252804049e+03
9.173741618141055369e+03
9.177016329944155586e+03
9.180291222427289540e+03
9.183566295355625698e+03
9.186841548494232484e+03
9.190116981608107380e+03
9.193392594462180568e+03
9.196668130277646924e+03
9.199944262471331967e+03
9.203220509113940352e+03
9.206496838576751543e+03
9.209773346603336904e+03
9.213050032958159136e+03
9.216326897405635464e+03
9.219603939710090344e+03
9.222881159635742733e+03
9.226158680652983094e+03
9.229436177688572570e+03
9.232713882780959466e+03
9.235991810832019837e+03
9.239269915324155590e+03
9.242548196021039985e+03
9.245826652686288071e+03
9.249105285083411218e+03
9.252384232352971594e+03
9.255663128271067762e+03
9.258942234299624033e+03
9.262221567257352945e+03
9.265501074763005818e+03
9.268780756579499212e+03
9.272060593857928325e+03
9.275340635232978457e+03
9.278620999817596385e+03
9.281901279933907063e+03
9.285182128516771627e+03
9.288462608913656368e+03
9.291743382885340907e+03
9.295024457814004563e+03
9.298305697740619507e+03
9.301586956125776851e+03
9.304868814973471672e+03
9.308150608088048102e+03
9.311432409142775214e+03
9.314714471611672707e+03
9.317996739563321171e+03
9.321279178016817241e+03
9.324561786733051122e+03
9.327844565472776594e+03
9.331127513996658308e+03
9.334410760993501754e+03
9.337693829076531983e+03
9.340977452144315976e+03
9.344261323766304486e+03
9.347545240178194945e+03
9.350829228470949602e+03
9.354113015875605925e+03
9.357397185647669176e+03
9.360681651434641026e+03
9.363966284604459361e+03
9.367250951220721618e+03
9.370535985709406305e+03
9.373821737200481948e+03
9.377106694803615028e+03
9.380391952758440311e+03
9.383677585160532544e+03
9.386963383255775625e+03
9.390249346802162108e+03
9.393535475557520840e+03
9.396821769279480577e+03
9.400108227725579127e+03
9.403394850653166941e+03
9.406681637819399839e+03
9.409968588981233552e+03
9.413255992779375447e+03
9.416543292710359310e+03
9.419830499698167841e+03
9.423118028719056383e+03
9.426405796208124229e+03
9.429693726231203982e+03
9.432982389879549373e+03
9.436270286652394134e+03
9.439558489061504588e+03
9.442846776774107639e+03
9.446135697306184738e+03
9.449424705895227817e+03
9.452713698245548585e+03
9.456002962645321531e+03
9.459292370113682409e+03
9.462581912014709815e+03
9.465871613753204656e+03
9.469161296208891144e+03
9.472451638085771265e+03
9.475741753814700132e+03
9.479032014153031923e+03
9.482322511380582000e+03
9.485613166964896664e+03
9.488903980658487853e+03
9.492194867126907411e+03
9.495486049549623203e+03
9.498777367917076845e+03
9.502068811568871752e+03
9.505360412089390593e+03
9.508652169229899300e+03
9.511944082741498278e+03
9.515236152374978701e+03
9.518528377880940752e+03
9.521820759009795438e+03
9.525112957505058148e+03
9.528405860680441037e+03
9.531698833634332914e+03
9.534991834754269803e+03
9.538284690925962423e+03
9.541578187875216827e+03
9.544871763339191602e+03
9.548165380438600550e+03
9.551459150904351191e+03
9.554753001331557243e+03
9.558047123558899330e+03
9.561341078438665136e+03
9.564635648576151652e+03
9.567930294904363109e+03
9.571224813037635613e+03
9.574519754669108806e+03
9.577814805543899638e+03
9.581109944943811570e+03
9.584405235180536692e+03
9.587700675999814848e+03
9.590996192285316283e+03
9.594291980359983427e+03
9.597587899406120414e+03
9.600883940007593992e+03
9.604179937553708442e+03
9.607476396909158211e+03
9.610772956632143178e+03
9.614069819583937715e+03
9.617366462301715728e+03
9.620663116503112178e+03
9.623960318046320026e+03
9.627257618360328706e+03
9.630554916721544942e+03
9.633852486904248508e+03
9.637150184496022121e+03
9.640447999843476282e+03
9.643745961411032113e+03
9.647044068939676436e+03
9.650342322170092302e+03
9.653640720842759038e+03
9.656939186619471002e+03
9.660237924264076355e+03
9.663537019535207946e+03
9.666835851783249382e+03
9.670134886734495012e+03
9.673434152593623367e+03
9.676733362712142480e+03
9.680032977316011966e+03
9.683332787256809752e+03
9.686632451096884324e+03
9.689932556649004255e+03
9.693232900822100419e+03
9.696533074936558478e+03
9.699833427657029461e+03
9.703133880631958164e+03
9.706434630922478391e+03
9.709735498033067415e+03
9.713036305456136688e+03
9.716337163859328939e+03
9.719638701358649996e+03
9.722940227382912781e+03
9.726241759530808849e+03
9.729543192225777602e+03
9.732845152378095008e+03
9.736147293618496406e+03
9.739449317667944342e+03
9.742751505810001618e+03
9.746053870302539508e+03
9.749356372582040422e+03
9.752659012379925116e+03
9.755961789427283293e+03
9.759264703454837218e+03
9.762567754193019937e+03
9.765870941371911613e+03
9.769174264721292275e+03
9.772477952725648720e+03
9.775781404431512783e+03
9.779085049084900675e+03
9.782388592673485618e+03
9.785693674783442475e+03
9.788997378678350287e+03
9.792301318170300874e+03
9.795605721114856351e+03
9.798910172302874344e+03
