3.801893310546875000e+03
3.803644775390625000e+03
3.804521972656250000e+03
3.805397216796875000e+03
3.806272705078125000e+03
3.807150390625000000e+03
3.808026123046875000e+03
3.808904296875000000e+03
3.809780517578125000e+03
3.810658935546875000e+03
3.811535644531250000e+03
3.812412597656250000e+03
3.813291748046875000e+03
3.814168945312500000e+03
3.815048339843750000e+03
3.815926025390625000e+03
3.816805908203125000e+03
3.817684082031250000e+03
3.818562255859375000e+03
3.819442871093750000e+03
3.820321533203125000e+03
3.821202392578125000e+03
3.822081542968750000e+03
3.822962890625000000e+03
3.823842285156250000e+03
3.824724121093750000e+03
3.825604003906250000e+03
3.826484130859375000e+03
3.827366455078125000e+03
3.828246826171875000e+03
3.829129638671875000e+03
3.830010498046875000e+03
3.830893798828125000e+03
3.831775146484375000e+03
3.832656494140625000e+03
3.833540283203125000e+03
3.834422363281250000e+03
3.835306396484375000e+03
3.836188720703125000e+03
3.837073486328125000e+03
3.837956054687500000e+03
3.838839111328125000e+03
3.839724365234375000e+03
3.840607666015625000e+03
3.841493164062500000e+03
3.842376953125000000e+03
3.843262939453125000e+03
3.844147216796875000e+03
3.845031494140625000e+03
3.845918212890625000e+03
3.846802978515625000e+03
3.847689941406250000e+03
3.848575195312500000e+03
3.849462646484375000e+03
3.850348144531250000e+03
3.851233886718750000e+03
3.852122070312500000e+03
3.853008300781250000e+03
3.853896728515625000e+03
3.854783203125000000e+03
3.855672119140625000e+03
3.856559082031250000e+03
3.857446289062500000e+03
3.858335937500000000e+03
3.859223388671875000e+03
3.860113525390625000e+03
3.861001464843750000e+03
3.861891845703125000e+03
3.862780273437500000e+03
3.863668701171875000e+03
3.864559814453125000e+03
3.865448730468750000e+03
3.866340087890625000e+03
3.867229736328125000e+03
3.868121337890625000e+03
3.869011230468750000e+03
3.869901367187500000e+03
3.870793701171875000e+03
3.871684082031250000e+03
3.872576904296875000e+03
3.873467773437500000e+03
3.874361083984375000e+03
3.875252441406250000e+03
3.876143798828125000e+03
3.877037597656250000e+03
3.877929687500000000e+03
3.878823730468750000e+03
3.879716064453125000e+03
3.880610839843750000e+03
3.881503662109375000e+03
3.882396484375000000e+03
3.883291748046875000e+03
3.884185058593750000e+03
3.885080810546875000e+03
3.885974609375000000e+03
3.886870605468750000e+03
3.887764892578125000e+03
3.888659179687500000e+03
3.889555908203125000e+03
3.890450683593750000e+03
3.891347900390625000e+03
3.892242919921875000e+03
3.893140625000000000e+03
3.894036132812500000e+03
3.894934082031250000e+03
3.895830078125000000e+03
3.896726318359375000e+03
3.897625000000000000e+03
3.898521484375000000e+03
3.899420654296875000e+03
3.900317626953125000e+03
3.901217041015625000e+03
3.902114501953125000e+03
3.903012207031250000e+03
3.903912109375000000e+03
3.904810302734375000e+03
3.905710693359375000e+03
3.906609375000000000e+03
3.907510009765625000e+03
3.908408935546875000e+03
3.909308105468750000e+03
3.910209716796875000e+03
3.911109130859375000e+03
3.912010986328125000e+03
3.912911132812500000e+03
3.913813232421875000e+03
3.914713623046875000e+03
3.915614257812500000e+03
3.916517089843750000e+03
3.917418212890625000e+03
3.918321533203125000e+03
3.919222900390625000e+03
3.920126708984375000e+03
3.921028564453125000e+03
3.921930664062500000e+03
3.922834960937500000e+03
3.923737304687500000e+03
3.924642089843750000e+03
3.925545166015625000e+03
3.926450195312500000e+03
3.927353515625000000e+03
3.928257080078125000e+03
3.929162841796875000e+03
3.930066650390625000e+03
3.930973144531250000e+03
3.931877441406250000e+03
3.932783935546875000e+03
3.933688720703125000e+03
3.934593750000000000e+03
3.935500976562500000e+03
3.936406250000000000e+03
3.937314208984375000e+03
3.938219970703125000e+03
3.939127929687500000e+03
3.940034179687500000e+03
3.940940673828125000e+03
3.941849365234375000e+03
3.942756103515625000e+03
3.943665283203125000e+03
3.944572509765625000e+03
3.945482177734375000e+03
3.946389892578125000e+03
3.947297851562500000e+03
3.948208007812500000e+03
3.949116210937500000e+03
3.950026855468750000e+03
3.950935546875000000e+03
3.951846679687500000e+03
3.952755859375000000e+03
3.953665039062500000e+03
3.954576904296875000e+03
3.955486572265625000e+03
3.956398681640625000e+03
3.957308837890625000e+03
3.958221435546875000e+03
3.959132080078125000e+03
3.960044921875000000e+03
3.960956054687500000e+03
3.961867187500000000e+03
3.962780761718750000e+03
3.963692382812500000e+03
3.964606445312500000e+03
3.965518554687500000e+03
3.966432861328125000e+03
3.967345458984375000e+03
3.968258056640625000e+03
3.969173095703125000e+03
3.970086181640625000e+03
3.971001708984375000e+03
3.971915283203125000e+03
3.972831298828125000e+03
3.973745117187500000e+03
3.974659179687500000e+03
3.975575927734375000e+03
3.976490478515625000e+03
3.977407470703125000e+03
3.978322509765625000e+03
3.979239746093750000e+03
3.980155273437500000e+03
3.981070800781250000e+03
3.981988769531250000e+03
3.982905029296875000e+03
3.983823242187500000e+03
3.984739746093750000e+03
3.985658691406250000e+03
3.986575683593750000e+03
3.987492675781250000e+03
3.988412109375000000e+03
3.989329833984375000e+03
3.990249755859375000e+03
3.991167724609375000e+03
3.992087890625000000e+03
3.993006347656250000e+03
3.993925048828125000e+03
3.994845947265625000e+03
3.995764892578125000e+03
3.996686279296875000e+03
3.997605712890625000e+03
3.998527587890625000e+03
3.999447509765625000e+03
4.000367431640625000e+03
4.001290039062500000e+03
4.002210449218750000e+03
4.003133300781250000e+03
4.004054443359375000e+03
4.004977539062500000e+03
4.005898925781250000e+03
4.006820556640625000e+03
4.007744628906250000e+03
4.008666503906250000e+03
4.009590820312500000e+03
4.010513183593750000e+03
4.011437988281250000e+03
4.012360839843750000e+03
4.013283935546875000e+03
4.014209472656250000e+03
4.015132812500000000e+03
4.016058837890625000e+03
4.016982666015625000e+03
4.017908935546875000e+03
4.018833251953125000e+03
4.019757812500000000e+03
4.020684814453125000e+03
4.021609619140625000e+03
4.022537109375000000e+03
4.023462402343750000e+03
4.024390136718750000e+03
4.025316162109375000e+03
4.026242187500000000e+03
4.027170410156250000e+03
4.028096923828125000e+03
4.029025878906250000e+03
4.029952636718750000e+03
4.030882080078125000e+03
4.031809326171875000e+03
4.032739013671875000e+03
4.033666748046875000e+03
4.034594726562500000e+03
4.035525146484375000e+03
4.036453369140625000e+03
4.037384277343750000e+03
4.038312988281250000e+03
4.039244140625000000e+03
4.040173583984375000e+03
4.041103027343750000e+03
4.042034667968750000e+03
4.042964599609375000e+03
4.043896972656250000e+03
4.044827148437500000e+03
4.045760009765625000e+03
4.046690673828125000e+03
4.047621582031250000e+03
4.048554931640625000e+03
4.049486328125000000e+03
4.050420166015625000e+03
4.051352050781250000e+03
4.052286132812500000e+03
4.053218505859375000e+03
4.054150878906250000e+03
4.055085693359375000e+03
4.056018554687500000e+03
4.056953857421875000e+03
4.057887207031250000e+03
4.058822998046875000e+03
4.059756591796875000e+03
4.060690673828125000e+03
4.061626953125000000e+03
4.062561279296875000e+03
4.063498291015625000e+03
4.064433105468750000e+03
4.065370117187500000e+03
4.066305419921875000e+03
4.067240966796875000e+03
4.068178710937500000e+03
4.069114746093750000e+03
4.070052978515625000e+03
4.070989257812500000e+03
4.071927978515625000e+03
4.072864746093750000e+03
4.073801757812500000e+03
4.074741210937500000e+03
4.075678710937500000e+03
4.076618408203125000e+03
4.077556152343750000e+03
4.078496582031250000e+03
4.079434814453125000e+03
4.080373291015625000e+03
4.081314208984375000e+03
4.082253173828125000e+03
4.083194335937500000e+03
4.084133789062500000e+03
4.085075683593750000e+03
4.086015380859375000e+03
4.086955322265625000e+03
4.087897705078125000e+03
4.088838134765625000e+03
4.089781005859375000e+03
4.090721923828125000e+03
4.091665283203125000e+03
4.092606445312500000e+03
4.093548095703125000e+03
4.094491943359375000e+03
4.095433837890625000e+03
4.096378417968750000e+03
4.097320800781250000e+03
4.098265625000000000e+03
4.099208496093750000e+03
4.100151367187500000e+03
4.101096679687500000e+03
4.102040039062500000e+03
4.102986328125000000e+03
4.103930175781250000e+03
4.104876464843750000e+03
4.105820800781250000e+03
4.106767578125000000e+03
4.107712402343750000e+03
4.108657226562500000e+03
4.109604492187500000e+03
4.110550292968750000e+03
4.111498046875000000e+03
4.112443847656250000e+03
4.113392089843750000e+03
4.114338378906250000e+03
4.115285156250000000e+03
4.116233886718750000e+03
4.117180664062500000e+03
4.118130371093750000e+03
4.119077636718750000e+03
4.120027343750000000e+03
4.120975097656250000e+03
4.121923339843750000e+03
4.122874023437500000e+03
4.123822265625000000e+03
4.124773437500000000e+03
4.125722167968750000e+03
4.126673339843750000e+03
4.127623046875000000e+03
4.128572265625000000e+03
4.129524414062500000e+03
4.130474609375000000e+03
4.131426757812500000e+03
4.132377441406250000e+03
4.133330078125000000e+03
4.134281250000000000e+03
4.135232421875000000e+03
4.136185546875000000e+03
4.137137207031250000e+03
4.138091308593750000e+03
4.139043457031250000e+03
4.139997558593750000e+03
4.140950195312500000e+03
4.141902832031250000e+03
4.142857910156250000e+03
4.143811035156250000e+03
4.144766601562500000e+03
4.145720214843750000e+03
4.146675781250000000e+03
4.147629882812500000e+03
4.148583984375000000e+03
4.149540527343750000e+03
4.150495117187500000e+03
4.151452636718750000e+03
4.152407226562500000e+03
4.153364746093750000e+03
4.154320312500000000e+03
4.155276367187500000e+03
4.156234375000000000e+03
4.157190429687500000e+03
4.158148925781250000e+03
4.159105468750000000e+03
4.160064941406250000e+03
4.161021972656250000e+03
4.161979003906250000e+03
4.162938964843750000e+03
4.163896484375000000e+03
4.164856445312500000e+03
4.165814941406250000e+03
4.166775390625000000e+03
4.167733886718750000e+03
4.168692871093750000e+03
4.169653808593750000e+03
4.170613281250000000e+03
4.171575195312500000e+03
4.172534667968750000e+03
4.173497070312500000e+03
4.174457031250000000e+03
4.175417480468750000e+03
4.176379882812500000e+03
4.177340820312500000e+03
4.178304199218750000e+03
4.179265136718750000e+03
4.180229003906250000e+03
4.181190917968750000e+03
4.182154785156250000e+03
4.183117187500000000e+03
4.184079589843750000e+03
4.185044433593750000e+03
4.186006835937500000e+03
4.186972167968750000e+03
4.187935546875000000e+03
4.188901367187500000e+03
4.189864746093750000e+03
4.190828613281250000e+03
4.191794921875000000e+03
4.192759277343750000e+03
4.193726074218750000e+03
4.194690917968750000e+03
4.195658203125000000e+03
4.196623535156250000e+03
4.197588867187500000e+03
4.198557128906250000e+03
4.199522949218750000e+03
4.200491210937500000e+03
4.201457519531250000e+03
4.202426269531250000e+03
4.203393066406250000e+03
4.204359863281250000e+03
4.205329589843750000e+03
4.206296875000000000e+03
4.207267089843750000e+03
4.208234863281250000e+03
4.209205078125000000e+03
4.210173828125000000e+03
4.211142089843750000e+03
4.212113281250000000e+03
4.213082031250000000e+03
4.214053710937500000e+03
4.215022949218750000e+03
4.215995117187500000e+03
4.216964843750000000e+03
4.217935058593750000e+03
4.218907714843750000e+03
4.219878417968750000e+03
4.220851562500000000e+03
4.221822265625000000e+03
4.222795898437500000e+03
4.223767578125000000e+03
4.224739257812500000e+03
4.225713378906250000e+03
4.226685546875000000e+03
4.227660156250000000e+03
4.228632812500000000e+03
4.229607910156250000e+03
4.230580566406250000e+03
4.231554199218750000e+03
4.232529785156250000e+03
4.233503417968750000e+03
4.234479980468750000e+03
4.235454101562500000e+03
4.236430664062500000e+03
4.237405273437500000e+03
4.238379882812500000e+03
4.239357421875000000e+03
4.240332519531250000e+03
4.241310546875000000e+03
4.242286132812500000e+03
4.243264160156250000e+03
4.244240722656250000e+03
4.245216796875000000e+03
4.246195800781250000e+03
4.247172851562500000e+03
4.248151855468750000e+03
4.249129394531250000e+03
4.250109375000000000e+03
4.251086914062500000e+03
4.252064941406250000e+03
4.253045410156250000e+03
4.254023925781250000e+03
4.255004882812500000e+03
4.255983398437500000e+03
4.256964843750000000e+03
4.257944335937500000e+03
4.258926269531250000e+03
4.259905761718750000e+03
4.260885742187500000e+03
4.261868652343750000e+03
4.262849121093750000e+03
4.263832031250000000e+03
4.264812988281250000e+03
4.265796386718750000e+03
4.266777832031250000e+03
4.267759277343750000e+03
4.268743164062500000e+03
4.269725585937500000e+03
4.270709960937500000e+03
4.271692382812500000e+03
4.272677246093750000e+03
4.273660644531250000e+03
4.274643554687500000e+03
4.275629394531250000e+03
4.276612792968750000e+03
4.277599121093750000e+03
4.278583007812500000e+03
4.279569824218750000e+03
4.280554199218750000e+03
4.281539062500000000e+03
4.282526367187500000e+03
4.283511718750000000e+03
4.284499023437500000e+03
4.285484863281250000e+03
4.286473144531250000e+03
4.287458984375000000e+03
4.288445312500000000e+03
4.289434570312500000e+03
4.290421386718750000e+03
4.291410644531250000e+03
4.292397949218750000e+03
4.293387695312500000e+03
4.294375488281250000e+03
4.295363281250000000e+03
4.296353515625000000e+03
4.297342285156250000e+03
4.298333007812500000e+03
4.299321777343750000e+03
4.300313476562500000e+03
4.301302734375000000e+03
4.302291992187500000e+03
4.303284179687500000e+03
4.304274414062500000e+03
4.305266601562500000e+03
4.306257324218750000e+03
4.307250000000000000e+03
4.308241210937500000e+03
4.309231933593750000e+03
4.310226074218750000e+03
4.311217285156250000e+03
4.312211425781250000e+03
4.313203613281250000e+03
4.314198242187500000e+03
4.315190429687500000e+03
4.316183593750000000e+03
4.317178710937500000e+03
4.318171875000000000e+03
4.319167480468750000e+03
4.320161132812500000e+03
4.321157226562500000e+03
4.322151367187500000e+03
4.323145996093750000e+03
4.324142578125000000e+03
4.325137695312500000e+03
4.326134765625000000e+03
4.327129882812500000e+03
4.328127929687500000e+03
4.329123535156250000e+03
4.330119628906250000e+03
4.331118164062500000e+03
4.332114257812500000e+03
4.333113281250000000e+03
4.334110351562500000e+03
4.335109863281250000e+03
4.336106933593750000e+03
4.337106933593750000e+03
4.338104492187500000e+03
4.339102539062500000e+03
4.340103027343750000e+03
4.341101562500000000e+03
4.342102539062500000e+03
4.343101562500000000e+03
4.344103027343750000e+03
4.345102539062500000e+03
4.346102050781250000e+03
4.347104003906250000e+03
4.348104003906250000e+03
4.349106933593750000e+03
4.350107421875000000e+03
4.351110351562500000e+03
4.352111328125000000e+03
4.353112792968750000e+03
4.354116699218750000e+03
4.355118164062500000e+03
4.356122558593750000e+03
4.357124511718750000e+03
4.358129394531250000e+03
4.359131835937500000e+03
4.360134765625000000e+03
4.361140136718750000e+03
4.362143554687500000e+03
4.363149414062500000e+03
4.364152832031250000e+03
4.365159179687500000e+03
4.366163574218750000e+03
4.367167968750000000e+03
4.368175292968750000e+03
4.369180175781250000e+03
4.370187500000000000e+03
4.371192871093750000e+03
4.372200683593750000e+03
4.373206542968750000e+03
4.374212890625000000e+03
4.375221191406250000e+03
4.376228027343750000e+03
4.377236816406250000e+03
4.378244140625000000e+03
4.379253417968750000e+03
4.380261230468750000e+03
4.381268554687500000e+03
4.382279296875000000e+03
4.383287109375000000e+03
4.384297851562500000e+03
4.385306640625000000e+03
4.386317871093750000e+03
4.387326660156250000e+03
4.388335937500000000e+03
4.389348144531250000e+03
4.390357910156250000e+03
4.391370117187500000e+03
4.392380371093750000e+03
4.393393554687500000e+03
4.394404296875000000e+03
4.395415039062500000e+03
4.396428710937500000e+03
4.397439941406250000e+03
4.398454101562500000e+03
4.399465820312500000e+03
4.400480468750000000e+03
4.401492675781250000e+03
4.402505371093750000e+03
4.403520507812500000e+03
4.404533691406250000e+03
4.405549316406250000e+03
4.406562500000000000e+03
4.407578613281250000e+03
4.408592773437500000e+03
4.409606933593750000e+03
4.410624023437500000e+03
4.411638671875000000e+03
4.412655761718750000e+03
4.413670898437500000e+03
4.414688476562500000e+03
4.415704101562500000e+03
4.416722656250000000e+03
4.417738769531250000e+03
4.418754882812500000e+03
4.419773925781250000e+03
4.420790527343750000e+03
4.421810058593750000e+03
4.422827148437500000e+03
4.423847167968750000e+03
4.424864746093750000e+03
4.425882812500000000e+03
4.426903320312500000e+03
4.427921875000000000e+03
4.428942871093750000e+03
4.429961914062500000e+03
4.430983398437500000e+03
4.432002441406250000e+03
4.433021972656250000e+03
4.434044433593750000e+03
4.435064453125000000e+03
4.436087402343750000e+03
4.437107910156250000e+03
4.438130859375000000e+03
4.439151855468750000e+03
4.440173339843750000e+03
4.441196777343750000e+03
4.442218750000000000e+03
4.443243164062500000e+03
4.444265136718750000e+03
4.445290039062500000e+03
4.446312500000000000e+03
4.447335449218750000e+03
4.448361328125000000e+03
4.449384277343750000e+03
4.450410644531250000e+03
4.451434082031250000e+03
4.452460937500000000e+03
4.453484863281250000e+03
4.454509765625000000e+03
4.455536621093750000e+03
4.456561523437500000e+03
4.457589355468750000e+03
4.458614746093750000e+03
4.459643066406250000e+03
4.460668945312500000e+03
4.461695312500000000e+03
4.462724121093750000e+03
4.463750488281250000e+03
4.464779785156250000e+03
4.465807128906250000e+03
4.466836914062500000e+03
4.467864257812500000e+03
4.468892089843750000e+03
4.469922851562500000e+03
4.470951171875000000e+03
4.471981933593750000e+03
4.473010742187500000e+03
4.474042480468750000e+03
4.475071777343750000e+03
4.476101074218750000e+03
4.477133300781250000e+03
4.478163085937500000e+03
4.479195800781250000e+03
4.480226562500000000e+03
4.481259277343750000e+03
4.482290527343750000e+03
4.483321289062500000e+03
4.484355468750000000e+03
4.485387207031250000e+03
4.486421386718750000e+03
4.487453613281250000e+03
4.488488281250000000e+03
4.489520996093750000e+03
4.490553710937500000e+03
4.491588867187500000e+03
4.492622558593750000e+03
4.493658203125000000e+03
4.494691894531250000e+03
4.495728515625000000e+03
4.496762695312500000e+03
4.497799804687500000e+03
4.498834472656250000e+03
4.499869628906250000e+03
4.500907226562500000e+03
4.501942382812500000e+03
4.502980468750000000e+03
4.504016601562500000e+03
4.505055175781250000e+03
4.506091308593750000e+03
4.507127929687500000e+03
4.508167480468750000e+03
4.509204589843750000e+03
4.510244628906250000e+03
4.511282226562500000e+03
4.512322265625000000e+03
4.513360351562500000e+03
4.514398437500000000e+03
4.515439453125000000e+03
4.516478515625000000e+03
4.517520019531250000e+03
4.518559082031250000e+03
4.519601074218750000e+03
4.520640625000000000e+03
4.521680664062500000e+03
4.522723632812500000e+03
4.523764160156250000e+03
4.524807128906250000e+03
4.525848144531250000e+03
4.526891601562500000e+03
4.527933105468750000e+03
4.528974609375000000e+03
4.530019042968750000e+03
4.531061035156250000e+03
4.532105957031250000e+03
4.533148925781250000e+03
4.534193847656250000e+03
4.535237304687500000e+03
4.536280273437500000e+03
4.537326660156250000e+03
4.538370117187500000e+03
4.539416992187500000e+03
4.540460937500000000e+03
4.541508300781250000e+03
4.542552734375000000e+03
4.543598144531250000e+03
4.544645507812500000e+03
4.545690917968750000e+03
4.546739257812500000e+03
4.547785156250000000e+03
4.548833984375000000e+03
4.549880371093750000e+03
4.550927246093750000e+03
4.551976562500000000e+03
4.553023925781250000e+03
4.554073730468750000e+03
4.555121582031250000e+03
4.556171875000000000e+03
4.557219726562500000e+03
4.558268554687500000e+03
4.559319335937500000e+03
4.560368164062500000e+03
4.561419921875000000e+03
4.562469238281250000e+03
4.563521484375000000e+03
4.564571289062500000e+03
4.565621093750000000e+03
4.566674316406250000e+03
4.567724609375000000e+03
4.568777832031250000e+03
4.569829101562500000e+03
4.570882812500000000e+03
4.571934082031250000e+03
4.572988769531250000e+03
4.574040527343750000e+03
4.575092773437500000e+03
4.576147949218750000e+03
4.577200683593750000e+03
4.578255859375000000e+03
4.579309082031250000e+03
4.580365234375000000e+03
4.581418945312500000e+03
4.582473144531250000e+03
4.583529785156250000e+03
4.584583984375000000e+03
4.585641113281250000e+03
4.586696289062500000e+03
4.587753906250000000e+03
4.588809082031250000e+03
4.589864746093750000e+03
4.590923339843750000e+03
4.591979492187500000e+03
4.593038574218750000e+03
4.594095214843750000e+03
4.595154296875000000e+03
4.596211425781250000e+03
4.597269042968750000e+03
4.598329101562500000e+03
4.599386718750000000e+03
4.600447265625000000e+03
4.601505859375000000e+03
4.602566894531250000e+03
4.603625488281250000e+03
4.604684570312500000e+03
4.605746582031250000e+03
4.606806152343750000e+03
4.607868652343750000e+03
4.608928710937500000e+03
4.609991210937500000e+03
4.611051757812500000e+03
4.612112792968750000e+03
4.613176269531250000e+03
4.614237304687500000e+03
4.615301269531250000e+03
4.616363281250000000e+03
4.617427734375000000e+03
4.618489746093750000e+03
4.619552246093750000e+03
4.620617675781250000e+03
4.621680664062500000e+03
4.622746582031250000e+03
4.623809570312500000e+03
4.624875976562500000e+03
4.625939941406250000e+03
4.627004394531250000e+03
4.628071289062500000e+03
4.629135742187500000e+03
4.630203125000000000e+03
4.631268554687500000e+03
4.632336425781250000e+03
4.633402343750000000e+03
4.634467773437500000e+03
4.635536621093750000e+03
4.636603027343750000e+03
4.637672363281250000e+03
4.638739257812500000e+03
4.639809082031250000e+03
4.640876464843750000e+03
4.641943847656250000e+03
4.643014160156250000e+03
4.644082519531250000e+03
4.645153320312500000e+03
4.646222167968750000e+03
4.647293457031250000e+03
4.648362304687500000e+03
4.649431640625000000e+03
4.650503906250000000e+03
4.651573730468750000e+03
4.652646484375000000e+03
4.653716796875000000e+03
4.654790039062500000e+03
4.655860839843750000e+03
4.656934570312500000e+03
4.658005859375000000e+03
4.659077148437500000e+03
4.660151855468750000e+03
4.661223632812500000e+03
4.662298339843750000e+03
4.663371093750000000e+03
4.664446289062500000e+03
4.665519531250000000e+03
4.666592773437500000e+03
4.667668945312500000e+03
4.668742675781250000e+03
4.669819335937500000e+03
4.670893554687500000e+03
4.671970703125000000e+03
4.673045410156250000e+03
4.674120605468750000e+03
4.675198242187500000e+03
4.676273925781250000e+03
4.677352050781250000e+03
4.678428222656250000e+03
4.679507324218750000e+03
4.680583496093750000e+03
4.681660156250000000e+03
4.682739746093750000e+03
4.683817382812500000e+03
4.684897460937500000e+03
4.685975097656250000e+03
4.687055664062500000e+03
4.688133789062500000e+03
4.689212402343750000e+03
4.690293457031250000e+03
4.691372558593750000e+03
4.692454589843750000e+03
4.693534179687500000e+03
4.694616210937500000e+03
4.695696289062500000e+03
4.696776367187500000e+03
4.697859375000000000e+03
4.698940429687500000e+03
4.700023925781250000e+03
4.701104980468750000e+03
4.702188964843750000e+03
4.703270996093750000e+03
4.704353027343750000e+03
4.705437500000000000e+03
4.706520019531250000e+03
4.707605468750000000e+03
4.708688476562500000e+03
4.709774414062500000e+03
4.710857910156250000e+03
4.711941406250000000e+03
4.713028320312500000e+03
4.714112304687500000e+03
4.715199218750000000e+03
4.716284179687500000e+03
4.717371582031250000e+03
4.718457031250000000e+03
4.719542480468750000e+03
4.720630859375000000e+03
4.721716796875000000e+03
4.722805664062500000e+03
4.723892089843750000e+03
4.724981445312500000e+03
4.726068359375000000e+03
4.727155273437500000e+03
4.728245605468750000e+03
4.729333496093750000e+03
4.730423828125000000e+03
4.731512207031250000e+03
4.732603027343750000e+03
4.733691894531250000e+03
4.734780761718750000e+03
4.735872558593750000e+03
4.736962402343750000e+03
4.738054687500000000e+03
4.739144531250000000e+03
4.740237304687500000e+03
4.741327636718750000e+03
4.742421386718750000e+03
4.743512207031250000e+03
4.744603515625000000e+03
4.745697265625000000e+03
4.746789062500000000e+03
4.747883789062500000e+03
4.748976074218750000e+03
4.750071289062500000e+03
4.751164062500000000e+03
4.752256835937500000e+03
4.753352539062500000e+03
4.754446289062500000e+03
4.755542480468750000e+03
4.756636718750000000e+03
4.757733398437500000e+03
4.758828125000000000e+03
4.759922851562500000e+03
4.761020507812500000e+03
4.762115722656250000e+03
4.763213867187500000e+03
4.764309570312500000e+03
4.765408203125000000e+03
4.766504394531250000e+03
4.767601074218750000e+03
4.768700195312500000e+03
4.769797363281250000e+03
4.770897460937500000e+03
4.771995117187500000e+03
4.773095214843750000e+03
4.774193359375000000e+03
4.775291503906250000e+03
4.776392578125000000e+03
4.777491699218750000e+03
4.778593261718750000e+03
4.779692382812500000e+03
4.780794921875000000e+03
4.781894531250000000e+03
4.782994628906250000e+03
4.784097656250000000e+03
4.785198242187500000e+03
4.786301757812500000e+03
4.787402832031250000e+03
4.788506835937500000e+03
4.789608398437500000e+03
4.790709960937500000e+03
4.791814941406250000e+03
4.792916992187500000e+03
4.794022460937500000e+03
4.795125488281250000e+03
4.796230957031250000e+03
4.797334472656250000e+03
4.798437988281250000e+03
4.799544433593750000e+03
4.800648925781250000e+03
4.801755859375000000e+03
4.802860351562500000e+03
4.803967773437500000e+03
4.805073242187500000e+03
4.806178222656250000e+03
4.807286621093750000e+03
4.808392578125000000e+03
4.809501464843750000e+03
4.810607910156250000e+03
4.811717285156250000e+03
4.812824218750000000e+03
4.813931152343750000e+03
4.815041503906250000e+03
4.816148925781250000e+03
4.817259765625000000e+03
4.818367675781250000e+03
4.819479003906250000e+03
4.820587890625000000e+03
4.821696777343750000e+03
4.822808593750000000e+03
4.823917968750000000e+03
4.825030273437500000e+03
4.826140136718750000e+03
4.827253417968750000e+03
4.828363769531250000e+03
4.829477050781250000e+03
4.830588378906250000e+03
4.831699218750000000e+03
4.832813476562500000e+03
4.833925292968750000e+03
4.835040039062500000e+03
4.836152343750000000e+03
4.837267578125000000e+03
4.838380371093750000e+03
4.839493652343750000e+03
4.840609375000000000e+03
4.841723144531250000e+03
4.842839355468750000e+03
4.843953613281250000e+03
4.845070800781250000e+03
4.846185058593750000e+03
4.847300292968750000e+03
4.848417968750000000e+03
4.849533203125000000e+03
4.850651367187500000e+03
4.851767578125000000e+03
4.852886230468750000e+03
4.854002441406250000e+03
4.855119140625000000e+03
4.856238769531250000e+03
4.857355957031250000e+03
4.858476074218750000e+03
4.859593750000000000e+03
4.860714355468750000e+03
4.861832519531250000e+03
4.862951171875000000e+03
4.864072265625000000e+03
4.865191406250000000e+03
4.866313476562500000e+03
4.867432617187500000e+03
4.868555175781250000e+03
4.869675292968750000e+03
4.870795410156250000e+03
4.871918945312500000e+03
4.873039550781250000e+03
4.874163085937500000e+03
4.875284667968750000e+03
4.876408691406250000e+03
4.877530761718750000e+03
4.878652832031250000e+03
4.879777832031250000e+03
4.880900390625000000e+03
4.882025878906250000e+03
4.883148925781250000e+03
4.884274902343750000e+03
4.885398437500000000e+03
4.886522460937500000e+03
4.887649414062500000e+03
4.888773437500000000e+03
4.889900878906250000e+03
4.891025878906250000e+03
4.892153808593750000e+03
4.893279296875000000e+03
4.894404785156250000e+03
4.895533691406250000e+03
4.896659667968750000e+03
4.897789062500000000e+03
4.898915527343750000e+03
4.900045410156250000e+03
4.901172363281250000e+03
4.902299804687500000e+03
4.903430664062500000e+03
4.904558593750000000e+03
4.905689453125000000e+03
4.906817871093750000e+03
4.907949707031250000e+03
4.909078613281250000e+03
4.910208007812500000e+03
4.911340332031250000e+03
4.912470214843750000e+03
4.913603027343750000e+03
4.914733398437500000e+03
4.915866699218750000e+03
4.916997558593750000e+03
4.918131347656250000e+03
4.919262695312500000e+03
4.920394531250000000e+03
4.921528808593750000e+03
4.922661132812500000e+03
4.923796386718750000e+03
4.924929199218750000e+03
4.926064941406250000e+03
4.927197753906250000e+03
4.928331542968750000e+03
4.929467773437500000e+03
4.930602050781250000e+03
4.931738769531250000e+03
4.932873535156250000e+03
4.934010742187500000e+03
4.935145996093750000e+03
4.936281250000000000e+03
4.937419433593750000e+03
4.938555664062500000e+03
4.939694335937500000e+03
4.940830566406250000e+03
4.941970214843750000e+03
4.943106933593750000e+03
4.944244140625000000e+03
4.945384277343750000e+03
4.946521972656250000e+03
4.947662597656250000e+03
4.948800781250000000e+03
4.949941894531250000e+03
4.951080566406250000e+03
4.952219726562500000e+03
4.953361816406250000e+03
4.954500976562500000e+03
4.955643554687500000e+03
4.956783691406250000e+03
4.957926757812500000e+03
4.959067382812500000e+03
4.960208007812500000e+03
4.961352050781250000e+03
4.962493164062500000e+03
4.963637695312500000e+03
4.964779296875000000e+03
4.965924316406250000e+03
4.967066894531250000e+03
4.968209472656250000e+03
4.969354980468750000e+03
4.970498046875000000e+03
4.971644531250000000e+03
4.972788085937500000e+03
4.973935058593750000e+03
4.975079101562500000e+03
4.976223632812500000e+03
4.977371093750000000e+03
4.978516113281250000e+03
4.979664062500000000e+03
4.980809570312500000e+03
4.981958496093750000e+03
4.983104492187500000e+03
4.984250976562500000e+03
4.985400390625000000e+03
4.986546875000000000e+03
4.987696777343750000e+03
4.988844238281250000e+03
4.989994628906250000e+03
4.991142578125000000e+03
4.992291015625000000e+03
4.993441894531250000e+03
4.994590820312500000e+03
4.995742675781250000e+03
4.996892089843750000e+03
4.998043945312500000e+03
4.999193847656250000e+03
5.000343750000000000e+03
5.001497070312500000e+03
5.002647460937500000e+03
5.003801269531250000e+03
5.004952148437500000e+03
5.006106445312500000e+03
5.007258300781250000e+03
5.008412597656250000e+03
5.009564941406250000e+03
5.010717285156250000e+03
5.011873046875000000e+03
5.013025878906250000e+03
5.014181640625000000e+03
5.015335449218750000e+03
5.016491699218750000e+03
5.017645996093750000e+03
5.018800292968750000e+03
5.019957519531250000e+03
5.021112304687500000e+03
5.022270019531250000e+03
5.023425781250000000e+03
5.024583984375000000e+03
5.025739746093750000e+03
5.026895996093750000e+03
5.028055175781250000e+03
5.029211914062500000e+03
5.030371582031250000e+03
5.031528808593750000e+03
5.032688964843750000e+03
5.033847167968750000e+03
5.035004882812500000e+03
5.036166015625000000e+03
5.037324707031250000e+03
5.038486328125000000e+03
5.039645507812500000e+03
5.040807617187500000e+03
5.041966796875000000e+03
5.043126953125000000e+03
5.044290039062500000e+03
5.045450195312500000e+03
5.046613769531250000e+03
5.047774902343750000e+03
5.048938964843750000e+03
5.050100097656250000e+03
5.051262207031250000e+03
5.052426757812500000e+03
5.053589355468750000e+03
5.054754394531250000e+03
5.055917480468750000e+03
5.057083007812500000e+03
5.058246582031250000e+03
5.059410156250000000e+03
5.060577148437500000e+03
5.061741210937500000e+03
5.062908203125000000e+03
5.064073242187500000e+03
5.065240722656250000e+03
5.066406250000000000e+03
5.067571777343750000e+03
5.068740234375000000e+03
5.069906250000000000e+03
5.071075195312500000e+03
5.072241699218750000e+03
5.073411621093750000e+03
5.074578613281250000e+03
5.075746093750000000e+03
5.076916503906250000e+03
5.078084472656250000e+03
5.079255371093750000e+03
5.080423828125000000e+03
5.081595703125000000e+03
5.082764648437500000e+03
5.083933593750000000e+03
5.085105957031250000e+03
5.086275878906250000e+03
5.087448730468750000e+03
5.088619140625000000e+03
5.089792480468750000e+03
5.090963378906250000e+03
5.092134765625000000e+03
5.093309082031250000e+03
5.094480468750000000e+03
5.095655273437500000e+03
5.096827636718750000e+03
5.098002929687500000e+03
5.099175781250000000e+03
5.100351562500000000e+03
5.101524902343750000e+03
5.102698730468750000e+03
5.103875000000000000e+03
5.105049316406250000e+03
5.106226562500000000e+03
5.107401367187500000e+03
5.108579101562500000e+03
5.109754394531250000e+03
5.110929687500000000e+03
5.112108398437500000e+03
5.113284179687500000e+03
5.114463378906250000e+03
5.115640136718750000e+03
5.116819824218750000e+03
5.117996582031250000e+03
5.119174316406250000e+03
5.120354492187500000e+03
5.121532714843750000e+03
5.122713378906250000e+03
5.123892089843750000e+03
5.125073730468750000e+03
5.126252441406250000e+03
5.127432128906250000e+03
5.128614257812500000e+03
5.129793945312500000e+03
5.130977050781250000e+03
5.132157226562500000e+03
5.133340820312500000e+03
5.134521972656250000e+03
5.135703125000000000e+03
5.136887207031250000e+03
5.138068847656250000e+03
5.139253906250000000e+03
5.140436035156250000e+03
5.141621582031250000e+03
5.142804199218750000e+03
5.143987304687500000e+03
5.145173828125000000e+03
5.146357421875000000e+03
5.147543945312500000e+03
5.148728027343750000e+03
5.149915527343750000e+03
5.151100097656250000e+03
5.152285156250000000e+03
5.153473144531250000e+03
5.154658691406250000e+03
5.155847656250000000e+03
5.157033691406250000e+03
5.158222656250000000e+03
5.159409667968750000e+03
5.160596191406250000e+03
5.161786132812500000e+03
5.162973632812500000e+03
5.164164550781250000e+03
5.165352539062500000e+03
5.166543457031250000e+03
5.167731933593750000e+03
5.168920898437500000e+03
5.170112792968750000e+03
5.171302246093750000e+03
5.172494628906250000e+03
5.173684570312500000e+03
5.174877929687500000e+03
5.176068359375000000e+03
5.177258789062500000e+03
5.178452636718750000e+03
5.179644042968750000e+03
5.180838378906250000e+03
5.182030273437500000e+03
5.183225097656250000e+03
5.184417480468750000e+03
5.185610351562500000e+03
5.186806152343750000e+03
5.187999511718750000e+03
5.189195800781250000e+03
5.190389648437500000e+03
5.191586425781250000e+03
5.192780761718750000e+03
5.193978027343750000e+03
5.195172851562500000e+03
5.196368164062500000e+03
5.197566406250000000e+03
5.198762207031250000e+03
5.199960937500000000e+03
5.201157226562500000e+03
5.202356445312500000e+03
5.203553222656250000e+03
5.204750488281250000e+03
5.205950683593750000e+03
5.207148437500000000e+03
5.208349121093750000e+03
5.209547363281250000e+03
5.210748535156250000e+03
5.211947265625000000e+03
5.213145996093750000e+03
5.214348144531250000e+03
5.215547851562500000e+03
5.216750488281250000e+03
5.217950683593750000e+03
5.219153808593750000e+03
5.220354492187500000e+03
5.221555664062500000e+03
5.222759765625000000e+03
5.223960937500000000e+03
5.225165527343750000e+03
5.226367675781250000e+03
5.227572753906250000e+03
5.228775390625000000e+03
5.229978515625000000e+03
5.231184570312500000e+03
5.232387695312500000e+03
5.233594238281250000e+03
5.234798339843750000e+03
5.236005371093750000e+03
5.237209960937500000e+03
5.238415039062500000e+03
5.239623046875000000e+03
5.240828125000000000e+03
5.242036621093750000e+03
5.243242675781250000e+03
5.244451660156250000e+03
5.245658203125000000e+03
5.246865234375000000e+03
5.248074707031250000e+03
5.249282226562500000e+03
5.250492675781250000e+03
5.251700683593750000e+03
5.252911621093750000e+03
5.254120117187500000e+03
5.255328613281250000e+03
5.256540527343750000e+03
5.257750000000000000e+03
5.258962402343750000e+03
5.260172363281250000e+03
5.261385253906250000e+03
5.262595703125000000e+03
5.263806152343750000e+03
5.265020019531250000e+03
5.266230957031250000e+03
5.267445800781250000e+03
5.268657226562500000e+03
5.269872070312500000e+03
5.271084472656250000e+03
5.272297363281250000e+03
5.273513183593750000e+03
5.274726074218750000e+03
5.275942382812500000e+03
5.277156250000000000e+03
5.278373046875000000e+03
5.279587402343750000e+03
5.280804687500000000e+03
5.282019531250000000e+03
5.283234863281250000e+03
5.284453125000000000e+03
5.285668945312500000e+03
5.286887695312500000e+03
5.288104003906250000e+03
5.289323242187500000e+03
5.290540039062500000e+03
5.291757324218750000e+03
5.292977539062500000e+03
5.294195312500000000e+03
5.295416015625000000e+03
5.296634277343750000e+03
5.297855468750000000e+03
5.299074218750000000e+03
5.300293457031250000e+03
5.301515625000000000e+03
5.302735351562500000e+03
5.303958007812500000e+03
5.305178222656250000e+03
5.306401367187500000e+03
5.307622070312500000e+03
5.308843261718750000e+03
5.310067382812500000e+03
5.311289062500000000e+03
5.312513671875000000e+03
5.313735839843750000e+03
5.314961425781250000e+03
5.316184082031250000e+03
5.317407226562500000e+03
5.318633300781250000e+03
5.319856933593750000e+03
5.321083496093750000e+03
5.322307617187500000e+03
5.323534667968750000e+03
5.324759765625000000e+03
5.325984375000000000e+03
5.327212890625000000e+03
5.328437988281250000e+03
5.329666992187500000e+03
5.330893066406250000e+03
5.332122070312500000e+03
5.333349121093750000e+03
5.334575683593750000e+03
5.335806152343750000e+03
5.337033691406250000e+03
5.338264160156250000e+03
5.339492187500000000e+03
5.340723632812500000e+03
5.341952148437500000e+03
5.343181152343750000e+03
5.344413085937500000e+03
5.345642578125000000e+03
5.346875488281250000e+03
5.348105468750000000e+03
5.349338867187500000e+03
5.350569335937500000e+03
5.351800292968750000e+03
5.353034179687500000e+03
5.354265625000000000e+03
5.355500488281250000e+03
5.356732421875000000e+03
5.357967773437500000e+03
5.359200195312500000e+03
5.360433105468750000e+03
5.361669433593750000e+03
5.362902832031250000e+03
5.364139160156250000e+03
5.365373535156250000e+03
5.366610839843750000e+03
5.367845214843750000e+03
5.369080078125000000e+03
5.370318359375000000e+03
5.371553710937500000e+03
5.372792480468750000e+03
5.374028320312500000e+03
5.375267578125000000e+03
5.376503906250000000e+03
5.377744140625000000e+03
5.378980957031250000e+03
5.380218261718750000e+03
5.381458984375000000e+03
5.382697265625000000e+03
5.383938476562500000e+03
5.385176757812500000e+03
5.386418945312500000e+03
5.387657714843750000e+03
5.388897460937500000e+03
5.390140136718750000e+03
5.391379882812500000e+03
5.392623046875000000e+03
5.393863769531250000e+03
5.395107421875000000e+03
5.396348632812500000e+03
5.397590332031250000e+03
5.398834960937500000e+03
5.400076660156250000e+03
5.401322265625000000e+03
5.402564453125000000e+03
5.403810546875000000e+03
5.405053710937500000e+03
5.406296875000000000e+03
5.407543945312500000e+03
5.408787597656250000e+03
5.410035156250000000e+03
5.411279785156250000e+03
5.412527343750000000e+03
5.413772460937500000e+03
5.415018066406250000e+03
5.416266601562500000e+03
5.417512695312500000e+03
5.418761718750000000e+03
5.420008300781250000e+03
5.421258300781250000e+03
5.422505371093750000e+03
5.423752929687500000e+03
5.425003417968750000e+03
5.426251464843750000e+03
5.427502929687500000e+03
5.428751464843750000e+03
5.430003417968750000e+03
5.431252441406250000e+03
5.432501953125000000e+03
5.433754882812500000e+03
5.435004882812500000e+03
5.436257812500000000e+03
5.437508789062500000e+03
5.438762695312500000e+03
5.440013671875000000e+03
5.441265136718750000e+03
5.442520019531250000e+03
5.443771972656250000e+03
5.445027343750000000e+03
5.446279785156250000e+03
5.447535644531250000e+03
5.448789062500000000e+03
5.450042480468750000e+03
5.451299316406250000e+03
5.452553222656250000e+03
5.453810546875000000e+03
5.455065429687500000e+03
5.456323242187500000e+03
5.457578613281250000e+03
5.458833984375000000e+03
5.460092773437500000e+03
5.461348632812500000e+03
5.462608398437500000e+03
5.463864746093750000e+03
5.465125000000000000e+03
5.466382324218750000e+03
5.467639648437500000e+03
5.468900390625000000e+03
5.470158691406250000e+03
5.471419921875000000e+03
5.472678710937500000e+03
5.473940429687500000e+03
5.475199707031250000e+03
5.476462402343750000e+03
5.477722167968750000e+03
5.478982421875000000e+03
5.480246093750000000e+03
5.481506835937500000e+03
5.482770507812500000e+03
5.484032226562500000e+03
5.485296386718750000e+03
5.486558593750000000e+03
5.487820800781250000e+03
5.489085937500000000e+03
5.490349121093750000e+03
5.491614746093750000e+03
5.492878417968750000e+03
5.494145019531250000e+03
5.495408691406250000e+03
5.496672851562500000e+03
5.497940429687500000e+03
5.499205566406250000e+03
5.500473632812500000e+03
5.501738769531250000e+03
5.503007324218750000e+03
5.504273437500000000e+03
5.505539550781250000e+03
5.506809570312500000e+03
5.508076171875000000e+03
5.509346191406250000e+03
5.510613769531250000e+03
5.511884277343750000e+03
5.513152343750000000e+03
5.514420898437500000e+03
5.515692382812500000e+03
5.516961425781250000e+03
5.518233398437500000e+03
5.519502929687500000e+03
5.520775878906250000e+03
5.522045898437500000e+03
5.523315917968750000e+03
5.524589843750000000e+03
5.525860839843750000e+03
5.527134765625000000e+03
5.528406250000000000e+03
5.529681152343750000e+03
5.530953613281250000e+03
5.532225585937500000e+03
5.533501464843750000e+03
5.534774414062500000e+03
5.536050781250000000e+03
5.537324218750000000e+03
5.538601074218750000e+03
5.539875488281250000e+03
5.541149902343750000e+03
5.542427734375000000e+03
5.543702636718750000e+03
5.544980957031250000e+03
5.546256835937500000e+03
5.547535644531250000e+03
5.548811523437500000e+03
5.550088378906250000e+03
5.551368164062500000e+03
5.552645019531250000e+03
5.553925781250000000e+03
5.555203125000000000e+03
5.556484375000000000e+03
5.557762695312500000e+03
5.559041015625000000e+03
5.560323242187500000e+03
5.561602050781250000e+03
5.562884765625000000e+03
5.564164550781250000e+03
5.565447265625000000e+03
5.566728027343750000e+03
5.568008300781250000e+03
5.569292480468750000e+03
5.570573730468750000e+03
5.571857910156250000e+03
5.585989257812500000e+03
5.587274414062500000e+03
5.588560058593750000e+03
5.589848632812500000e+03
5.591134765625000000e+03
5.592423828125000000e+03
5.593710449218750000e+03
5.595000488281250000e+03
5.596287597656250000e+03
5.597574707031250000e+03
5.598865722656250000e+03
5.600153808593750000e+03
5.601444824218750000e+03
5.602733398437500000e+03
5.604025390625000000e+03
5.605314941406250000e+03
5.606604492187500000e+03
5.607896972656250000e+03
5.609187011718750000e+03
5.610480468750000000e+03
5.611771484375000000e+03
5.613065429687500000e+03
5.614356933593750000e+03
5.615648437500000000e+03
5.616943359375000000e+03
5.618235351562500000e+03
5.619530761718750000e+03
5.620823730468750000e+03
5.622120117187500000e+03
5.623413085937500000e+03
5.624707031250000000e+03
5.626003906250000000e+03
5.627298339843750000e+03
5.628595703125000000e+03
5.629890625000000000e+03
5.631188964843750000e+03
5.632484375000000000e+03
5.633780273437500000e+03
5.635079101562500000e+03
5.636375488281250000e+03
5.637675292968750000e+03
5.638972167968750000e+03
5.640272460937500000e+03
5.641570312500000000e+03
5.642868164062500000e+03
5.644169433593750000e+03
5.645467773437500000e+03
5.646769531250000000e+03
5.648068359375000000e+03
5.649371093750000000e+03
5.650670410156250000e+03
5.651970703125000000e+03
5.653273925781250000e+03
5.654574218750000000e+03
5.655878417968750000e+03
5.657179687500000000e+03
5.658483886718750000e+03
5.659785644531250000e+03
5.661087890625000000e+03
5.662393066406250000e+03
5.663695800781250000e+03
5.665001953125000000e+03
5.666305175781250000e+03
5.667611816406250000e+03
5.668915527343750000e+03
5.670219726562500000e+03
5.671527343750000000e+03
5.672832031250000000e+03
5.674140136718750000e+03
5.675445312500000000e+03
5.676753906250000000e+03
5.678060058593750000e+03
5.679369628906250000e+03
5.680675781250000000e+03
5.681982910156250000e+03
5.683292968750000000e+03
5.684600585937500000e+03
5.685911132812500000e+03
5.687219238281250000e+03
5.688530761718750000e+03
5.689839355468750000e+03
5.691148437500000000e+03
5.692460937500000000e+03
5.693770507812500000e+03
5.695083496093750000e+03
5.696393554687500000e+03
5.697707031250000000e+03
5.699017578125000000e+03
5.700328613281250000e+03
5.701643066406250000e+03
5.702955078125000000e+03
5.704270019531250000e+03
5.705582519531250000e+03
5.706897949218750000e+03
5.708210937500000000e+03
5.709523925781250000e+03
5.710840820312500000e+03
5.712154296875000000e+03
5.713471679687500000e+03
5.714786132812500000e+03
5.716104003906250000e+03
5.717418945312500000e+03
5.718733886718750000e+03
5.720052734375000000e+03
5.721368652343750000e+03
5.722687988281250000e+03
5.724004394531250000e+03
5.725324218750000000e+03
5.726641601562500000e+03
5.727958984375000000e+03
5.729279785156250000e+03
5.730597656250000000e+03
5.731919433593750000e+03
5.733237792968750000e+03
5.734560058593750000e+03
5.735879394531250000e+03
5.737198730468750000e+03
5.738521484375000000e+03
5.739841796875000000e+03
5.741165527343750000e+03
5.742486328125000000e+03
5.743810546875000000e+03
5.745131835937500000e+03
5.746453613281250000e+03
5.747778320312500000e+03
5.749100585937500000e+03
5.750426757812500000e+03
5.751749511718750000e+03
5.753075683593750000e+03
5.754399414062500000e+03
5.755723144531250000e+03
5.757050292968750000e+03
5.758374511718750000e+03
5.759702636718750000e+03
5.761027343750000000e+03
5.762355957031250000e+03
5.763681640625000000e+03
5.765007812500000000e+03
5.766336914062500000e+03
5.767663574218750000e+03
5.768993652343750000e+03
5.770320800781250000e+03
5.771651367187500000e+03
5.772979003906250000e+03
5.774307128906250000e+03
5.775638671875000000e+03
5.776967285156250000e+03
5.778299316406250000e+03
5.779628906250000000e+03
5.780961425781250000e+03
5.782291503906250000e+03
5.783625000000000000e+03
5.784955566406250000e+03
5.786286132812500000e+03
5.787620605468750000e+03
5.788952148437500000e+03
5.790287109375000000e+03
5.791619140625000000e+03
5.792954589843750000e+03
5.794287109375000000e+03
5.795620117187500000e+03
5.796956542968750000e+03
5.798290039062500000e+03
5.799627441406250000e+03
5.800961425781250000e+03
5.802299316406250000e+03
5.803633789062500000e+03
5.804969238281250000e+03
5.806307617187500000e+03
5.807643554687500000e+03
5.808982421875000000e+03
5.810318847656250000e+03
5.811658691406250000e+03
5.812995605468750000e+03
5.814333007812500000e+03
5.815673828125000000e+03
5.817011718750000000e+03
5.818353027343750000e+03
5.819691406250000000e+03
5.821033691406250000e+03
5.822372558593750000e+03
5.823711914062500000e+03
5.825055175781250000e+03
5.826395019531250000e+03
5.827738769531250000e+03
5.829079101562500000e+03
5.830423339843750000e+03
5.831764648437500000e+03
5.833106445312500000e+03
5.834451660156250000e+03
5.835793457031250000e+03
5.837139648437500000e+03
5.838482421875000000e+03
5.839828613281250000e+03
5.841171875000000000e+03
5.842515625000000000e+03
5.843863281250000000e+03
5.845207519531250000e+03
5.846555175781250000e+03
5.847900390625000000e+03
5.849249023437500000e+03
5.850594238281250000e+03
5.851940429687500000e+03
5.853289550781250000e+03
5.854636230468750000e+03
5.855986328125000000e+03
5.857333496093750000e+03
5.858684082031250000e+03
5.860032226562500000e+03
5.861379882812500000e+03
5.862731933593750000e+03
5.864080566406250000e+03
5.865432617187500000e+03
5.866782226562500000e+03
5.868134765625000000e+03
5.869484863281250000e+03
5.870834960937500000e+03
5.872188964843750000e+03
5.873540039062500000e+03
5.874894042968750000e+03
5.876245605468750000e+03
5.877600585937500000e+03
5.878953125000000000e+03
5.880305175781250000e+03
5.881661132812500000e+03
5.883014648437500000e+03
5.884371093750000000e+03
5.885724609375000000e+03
5.887082031250000000e+03
5.888436523437500000e+03
5.889793945312500000e+03
5.891148925781250000e+03
5.892504394531250000e+03
5.893863281250000000e+03
5.895219238281250000e+03
5.896578613281250000e+03
5.897935058593750000e+03
5.899294921875000000e+03
5.900652343750000000e+03
5.902009765625000000e+03
5.903370605468750000e+03
5.904728515625000000e+03
5.906090332031250000e+03
5.907448730468750000e+03
5.908811035156250000e+03
5.910170410156250000e+03
5.911530273437500000e+03
5.912893066406250000e+03
5.914253417968750000e+03
5.915617187500000000e+03
5.916978027343750000e+03
5.918342773437500000e+03
5.919704101562500000e+03
5.921065917968750000e+03
5.922431152343750000e+03
5.923793945312500000e+03
5.925159667968750000e+03
5.926522949218750000e+03
5.927889648437500000e+03
5.929253417968750000e+03
5.930617187500000000e+03
5.931984863281250000e+03
5.933349609375000000e+03
5.934717773437500000e+03
5.936083007812500000e+03
5.937451660156250000e+03
5.938817871093750000e+03
5.940184082031250000e+03
5.941553710937500000e+03
5.942920410156250000e+03
5.944291015625000000e+03
5.945658691406250000e+03
5.947029785156250000e+03
5.948397460937500000e+03
5.949766113281250000e+03
5.951138183593750000e+03
5.952507324218750000e+03
5.953879882812500000e+03
5.955249511718750000e+03
5.956622558593750000e+03
5.957993164062500000e+03
5.959363769531250000e+03
5.960737792968750000e+03
5.962109375000000000e+03
5.963483886718750000e+03
5.964855957031250000e+03
5.966231445312500000e+03
5.967604003906250000e+03
5.968976562500000000e+03
5.970353027343750000e+03
5.971726562500000000e+03
5.973103515625000000e+03
5.974478027343750000e+03
5.975855468750000000e+03
5.977230468750000000e+03
5.978605468750000000e+03
5.979983886718750000e+03
5.981359863281250000e+03
5.982738769531250000e+03
5.984115234375000000e+03
5.985495117187500000e+03
5.986872070312500000e+03
5.988249511718750000e+03
5.989630371093750000e+03
5.991008300781250000e+03
5.992389648437500000e+03
5.993768066406250000e+03
5.995150390625000000e+03
5.996529785156250000e+03
5.997912597656250000e+03
5.999291992187500000e+03
6.000672363281250000e+03
6.002056152343750000e+03
6.003437011718750000e+03
6.004821289062500000e+03
6.006202636718750000e+03
6.007587402343750000e+03
6.008969726562500000e+03
6.010352050781250000e+03
6.011737792968750000e+03
6.013121093750000000e+03
6.014507812500000000e+03
6.015891113281250000e+03
6.017278320312500000e+03
6.018662597656250000e+03
6.020047363281250000e+03
6.021435546875000000e+03
6.022820800781250000e+03
6.024209472656250000e+03
6.025595703125000000e+03
6.026984863281250000e+03
6.028371582031250000e+03
6.029758300781250000e+03
6.031148925781250000e+03
6.032536132812500000e+03
6.033927246093750000e+03
6.035315429687500000e+03
6.036707031250000000e+03
6.038095703125000000e+03
6.039484863281250000e+03
6.040877441406250000e+03
6.042267089843750000e+03
6.043660644531250000e+03
6.045050781250000000e+03
6.046444824218750000e+03
6.047835937500000000e+03
6.049227050781250000e+03
6.050622070312500000e+03
6.052014160156250000e+03
6.053409667968750000e+03
6.054802246093750000e+03
6.056198242187500000e+03
6.057591796875000000e+03
6.058985351562500000e+03
6.060382324218750000e+03
6.061776367187500000e+03
6.063174316406250000e+03
6.064569335937500000e+03
6.065967773437500000e+03
6.067363281250000000e+03
6.068758789062500000e+03
6.070158203125000000e+03
6.071554687500000000e+03
6.072955078125000000e+03
6.074352050781250000e+03
6.075752929687500000e+03
6.077150390625000000e+03
6.078548339843750000e+03
6.079950195312500000e+03
6.081349121093750000e+03
6.082751464843750000e+03
6.084150390625000000e+03
6.085553710937500000e+03
6.086953613281250000e+03
6.088354003906250000e+03
6.089757812500000000e+03
6.091158691406250000e+03
6.092563476562500000e+03
6.093964843750000000e+03
6.095370117187500000e+03
6.096772460937500000e+03
6.098178222656250000e+03
6.099581054687500000e+03
6.100984375000000000e+03
6.102391113281250000e+03
6.103794921875000000e+03
6.105202636718750000e+03
6.106606933593750000e+03
6.108015136718750000e+03
6.109420410156250000e+03
6.110825683593750000e+03
6.112234863281250000e+03
6.113641113281250000e+03
6.115050781250000000e+03
6.116457519531250000e+03
6.117868164062500000e+03
6.119275390625000000e+03
6.120683105468750000e+03
6.122094726562500000e+03
6.123502929687500000e+03
6.124915039062500000e+03
6.126324218750000000e+03
6.127736816406250000e+03
6.129146484375000000e+03
6.130556640625000000e+03
6.131970214843750000e+03
6.133380859375000000e+03
6.134795410156250000e+03
6.136206542968750000e+03
6.137621582031250000e+03
6.139033691406250000e+03
6.140445800781250000e+03
6.141861816406250000e+03
6.143274902343750000e+03
6.144691406250000000e+03
6.146104980468750000e+03
6.147521972656250000e+03
6.148936523437500000e+03
6.150351074218750000e+03
6.151769042968750000e+03
6.153184570312500000e+03
6.154603515625000000e+03
6.156019042968750000e+03
6.157438964843750000e+03
6.158855468750000000e+03
6.160271972656250000e+03
6.161692871093750000e+03
6.163110351562500000e+03
6.164531250000000000e+03
6.165949707031250000e+03
6.167371093750000000e+03
6.168790039062500000e+03
6.170209472656250000e+03
6.171632324218750000e+03
6.173051757812500000e+03
6.174475585937500000e+03
6.175895996093750000e+03
6.177319824218750000e+03
6.178741210937500000e+03
6.180162597656250000e+03
6.181587402343750000e+03
6.183009765625000000e+03
6.184435546875000000e+03
6.185857910156250000e+03
6.187284667968750000e+03
6.188708007812500000e+03
6.190131835937500000e+03
6.191559082031250000e+03
6.192983398437500000e+03
6.194411621093750000e+03
6.195836425781250000e+03
6.197265136718750000e+03
6.198690917968750000e+03
6.200117187500000000e+03
6.201546875000000000e+03
6.202973144531250000e+03
6.204403808593750000e+03
6.205831054687500000e+03
6.207262207031250000e+03
6.208689941406250000e+03
6.210121582031250000e+03
6.211550292968750000e+03
6.212979492187500000e+03
6.214412109375000000e+03
6.215841796875000000e+03
6.217274902343750000e+03
6.218705566406250000e+03
6.220139160156250000e+03
6.221570312500000000e+03
6.223001464843750000e+03
6.224436523437500000e+03
6.225868652343750000e+03
6.227304199218750000e+03
6.228736816406250000e+03
6.230172851562500000e+03
6.231606445312500000e+03
6.233040039062500000e+03
6.234477050781250000e+03
6.235911621093750000e+03
6.237349609375000000e+03
6.238784179687500000e+03
6.240223144531250000e+03
6.241658691406250000e+03
6.243094238281250000e+03
6.244534179687500000e+03
6.245970703125000000e+03
6.247411132812500000e+03
6.248848144531250000e+03
6.250289062500000000e+03
6.251727050781250000e+03
6.253165039062500000e+03
6.254606933593750000e+03
6.256045898437500000e+03
6.257488769531250000e+03
6.258928222656250000e+03
6.260371582031250000e+03
6.261811523437500000e+03
6.263251953125000000e+03
6.264696289062500000e+03
6.266137695312500000e+03
6.267582519531250000e+03
6.269024414062500000e+03
6.270470214843750000e+03
6.271912597656250000e+03
6.273355468750000000e+03
6.274802246093750000e+03
6.276245605468750000e+03
6.277692871093750000e+03
6.279137207031250000e+03
6.280584960937500000e+03
6.282029785156250000e+03
6.283475097656250000e+03
6.284923828125000000e+03
6.286369628906250000e+03
6.287819335937500000e+03
6.289266113281250000e+03
6.290716308593750000e+03
6.292163574218750000e+03
6.293610839843750000e+03
6.295062011718750000e+03
6.296510253906250000e+03
6.297962402343750000e+03
6.299411132812500000e+03
6.300863769531250000e+03
6.302313476562500000e+03
6.303763183593750000e+03
6.305216796875000000e+03
6.306667480468750000e+03
6.308121582031250000e+03
6.309572753906250000e+03
6.311027832031250000e+03
6.312479492187500000e+03
6.313931640625000000e+03
6.315387695312500000e+03
6.316840332031250000e+03
6.318297363281250000e+03
6.319750976562500000e+03
6.321208007812500000e+03
6.322662109375000000e+03
6.324120117187500000e+03
6.325575195312500000e+03
6.327030273437500000e+03
6.328489257812500000e+03
6.329945312500000000e+03
6.331404785156250000e+03
6.332861328125000000e+03
6.334321777343750000e+03
6.335778808593750000e+03
6.337236328125000000e+03
6.338697753906250000e+03
6.340155761718750000e+03
6.341618164062500000e+03
6.343076660156250000e+03
6.344539550781250000e+03
6.345999023437500000e+03
6.347458984375000000e+03
6.348922851562500000e+03
6.350383300781250000e+03
6.351847656250000000e+03
6.353309082031250000e+03
6.354773925781250000e+03
6.356235839843750000e+03
6.357698242187500000e+03
6.359164062500000000e+03
6.360626953125000000e+03
6.362093750000000000e+03
6.363557617187500000e+03
6.365024902343750000e+03
6.366489257812500000e+03
6.367953613281250000e+03
6.369422363281250000e+03
6.370887695312500000e+03
6.372356445312500000e+03
6.373822753906250000e+03
6.375292480468750000e+03
6.376758789062500000e+03
6.378226074218750000e+03
6.379696777343750000e+03
6.381164550781250000e+03
6.382635742187500000e+03
6.384104003906250000e+03
6.385576171875000000e+03
6.387045410156250000e+03
6.388514648437500000e+03
6.389987792968750000e+03
6.391458007812500000e+03
6.392931640625000000e+03
6.394402343750000000e+03
6.395876953125000000e+03
6.397348144531250000e+03
6.398819824218750000e+03
6.400295410156250000e+03
6.401768066406250000e+03
6.403244140625000000e+03
6.404717285156250000e+03
6.406194335937500000e+03
6.407667968750000000e+03
6.409142089843750000e+03
6.410619628906250000e+03
6.412094726562500000e+03
6.413573242187500000e+03
6.415048828125000000e+03
6.416527832031250000e+03
6.418003906250000000e+03
6.419480468750000000e+03
6.420960937500000000e+03
6.422437988281250000e+03
6.423918945312500000e+03
6.425396972656250000e+03
6.426878417968750000e+03
6.428356933593750000e+03
6.429835937500000000e+03
6.431318359375000000e+03
6.432797851562500000e+03
6.434281250000000000e+03
6.435761718750000000e+03
6.437245605468750000e+03
6.438726562500000000e+03
6.440211425781250000e+03
6.441692871093750000e+03
6.443174804687500000e+03
6.444660644531250000e+03
6.446143066406250000e+03
6.447629394531250000e+03
6.449112792968750000e+03
6.450600097656250000e+03
6.452083984375000000e+03
6.453568359375000000e+03
6.455056640625000000e+03
6.456541503906250000e+03
6.458030273437500000e+03
6.459516113281250000e+03
6.461005371093750000e+03
6.462491699218750000e+03
6.463978515625000000e+03
6.465469238281250000e+03
6.466956542968750000e+03
6.468447753906250000e+03
6.469936035156250000e+03
6.471427734375000000e+03
6.472916503906250000e+03
6.474405761718750000e+03
6.475898437500000000e+03
6.477388183593750000e+03
6.478881835937500000e+03
6.480372558593750000e+03
6.481866699218750000e+03
6.483357910156250000e+03
6.484849609375000000e+03
6.486344726562500000e+03
6.487836914062500000e+03
6.489333007812500000e+03
6.490826171875000000e+03
6.492322753906250000e+03
6.493816406250000000e+03
6.495310058593750000e+03
6.496808105468750000e+03
6.498302734375000000e+03
6.499801269531250000e+03
6.501296386718750000e+03
6.502795410156250000e+03
6.504291503906250000e+03
6.505787597656250000e+03
6.507288085937500000e+03
6.508785156250000000e+03
6.510286132812500000e+03
6.511783691406250000e+03
6.513285156250000000e+03
6.514783691406250000e+03
6.516282226562500000e+03
6.517785156250000000e+03
6.519284179687500000e+03
6.520787597656250000e+03
6.522287597656250000e+03
6.523791992187500000e+03
6.525292480468750000e+03
6.526793945312500000e+03
6.528298828125000000e+03
6.529800781250000000e+03
6.531306152343750000e+03
6.532809082031250000e+03
6.534315429687500000e+03
6.535818359375000000e+03
6.537322265625000000e+03
6.538829589843750000e+03
6.540333984375000000e+03
6.541842285156250000e+03
6.543347167968750000e+03
6.544855957031250000e+03
6.546361328125000000e+03
6.547867675781250000e+03
6.549377441406250000e+03
6.550884277343750000e+03
6.552394531250000000e+03
6.553901855468750000e+03
6.555413574218750000e+03
6.556921386718750000e+03
6.558433593750000000e+03
6.616069335937500000e+03
6.617591308593750000e+03
6.619117187500000000e+03
6.620639648437500000e+03
6.622166503906250000e+03
6.623689941406250000e+03
6.625213867187500000e+03
6.626741699218750000e+03
6.628266113281250000e+03
6.629794433593750000e+03
6.631319824218750000e+03
6.632848632812500000e+03
6.634374511718750000e+03
6.635900878906250000e+03
6.637431152343750000e+03
6.638958007812500000e+03
6.640488769531250000e+03
6.642016601562500000e+03
6.643548339843750000e+03
6.645076660156250000e+03
6.646605468750000000e+03
6.648138183593750000e+03
6.649667480468750000e+03
6.651200683593750000e+03
6.652730957031250000e+03
6.654265136718750000e+03
6.655795898437500000e+03
6.657327148437500000e+03
6.658862304687500000e+03
6.660394042968750000e+03
6.661929687500000000e+03
6.663462402343750000e+03
6.664999023437500000e+03
6.666532226562500000e+03
6.668065917968750000e+03
6.669603515625000000e+03
6.671137695312500000e+03
6.672676269531250000e+03
6.674211425781250000e+03
6.675750488281250000e+03
6.677286132812500000e+03
6.678825683593750000e+03
6.680362304687500000e+03
6.681898925781250000e+03
6.683439941406250000e+03
6.684977539062500000e+03
6.686519042968750000e+03
6.688057128906250000e+03
6.689599609375000000e+03
6.691138183593750000e+03
6.692677734375000000e+03
6.694221191406250000e+03
6.695760742187500000e+03
6.697305175781250000e+03
6.698845703125000000e+03
6.700390625000000000e+03
6.701931640625000000e+03
6.703473632812500000e+03
6.705019531250000000e+03
6.706562011718750000e+03
6.708108398437500000e+03
6.709651855468750000e+03
6.711198730468750000e+03
6.712742675781250000e+03
6.714287109375000000e+03
6.715835449218750000e+03
6.717380371093750000e+03
6.718929199218750000e+03
6.720475097656250000e+03
6.722024902343750000e+03
6.723571289062500000e+03
6.725117675781250000e+03
6.726668457031250000e+03
6.728216308593750000e+03
6.729767578125000000e+03
6.731315917968750000e+03
6.732868164062500000e+03
6.734416992187500000e+03
6.735966308593750000e+03
6.737519531250000000e+03
6.739069335937500000e+03
6.740623535156250000e+03
6.742174316406250000e+03
6.743729003906250000e+03
6.745280273437500000e+03
6.746832031250000000e+03
6.748387695312500000e+03
6.749940429687500000e+03
6.751496582031250000e+03
6.753049804687500000e+03
6.754606933593750000e+03
6.756161132812500000e+03
6.757715332031250000e+03
6.759273437500000000e+03
6.760828613281250000e+03
6.762387695312500000e+03
6.763943359375000000e+03
6.765502929687500000e+03
6.767059570312500000e+03
6.768616210937500000e+03
6.770177246093750000e+03
6.771734375000000000e+03
6.773295898437500000e+03
6.774854003906250000e+03
6.776416503906250000e+03
6.777975585937500000e+03
6.779534667968750000e+03
6.781098144531250000e+03
6.782658203125000000e+03
6.784222167968750000e+03
6.785782714843750000e+03
6.787347656250000000e+03
6.788909179687500000e+03
6.790470703125000000e+03
6.792036621093750000e+03
6.793599121093750000e+03
6.795165527343750000e+03
6.796729003906250000e+03
6.798296386718750000e+03
6.799860351562500000e+03
6.801428222656250000e+03
6.802992675781250000e+03
6.804558105468750000e+03
6.806126953125000000e+03
6.807692871093750000e+03
6.809262695312500000e+03
6.810829101562500000e+03
6.812399414062500000e+03
6.813966796875000000e+03
6.815534179687500000e+03
6.817105957031250000e+03
6.818674316406250000e+03
6.820246582031250000e+03
6.821815429687500000e+03
6.823388671875000000e+03
6.824958496093750000e+03
6.826528320312500000e+03
6.828102539062500000e+03
6.829673339843750000e+03
6.831248535156250000e+03
6.832819824218750000e+03
6.834395507812500000e+03
6.835967773437500000e+03
6.837540527343750000e+03
6.839117187500000000e+03
6.840690429687500000e+03
6.842268066406250000e+03
6.843841796875000000e+03
6.845419921875000000e+03
6.846994628906250000e+03
6.848569824218750000e+03
6.850149414062500000e+03
6.851725097656250000e+03
6.853305175781250000e+03
6.854881835937500000e+03
6.856462402343750000e+03
6.858039550781250000e+03
6.859617675781250000e+03
6.861199218750000000e+03
6.862777832031250000e+03
6.864360351562500000e+03
6.865939453125000000e+03
6.867522460937500000e+03
6.869102539062500000e+03
6.870682617187500000e+03
6.872267089843750000e+03
6.873848144531250000e+03
6.875433105468750000e+03
6.877014648437500000e+03
6.878600585937500000e+03
6.880183105468750000e+03
6.881765625000000000e+03
6.883352539062500000e+03
6.884936035156250000e+03
6.886523925781250000e+03
6.888107910156250000e+03
6.889696289062500000e+03
6.891281250000000000e+03
6.892866699218750000e+03
6.894456054687500000e+03
6.896042480468750000e+03
6.897632324218750000e+03
6.899219238281250000e+03
6.900810546875000000e+03
6.902397949218750000e+03
6.903985839843750000e+03
6.905577636718750000e+03
6.907166503906250000e+03
6.908759277343750000e+03
6.910348632812500000e+03
6.911941894531250000e+03
6.913532226562500000e+03
6.915122558593750000e+03
6.916717285156250000e+03
6.918308105468750000e+03
6.919903808593750000e+03
6.921495605468750000e+03
6.923091796875000000e+03
6.924684570312500000e+03
6.926281250000000000e+03
6.927874511718750000e+03
6.929468261718750000e+03
6.931066406250000000e+03
6.932660644531250000e+03
6.934259277343750000e+03
6.935854492187500000e+03
6.937454101562500000e+03
6.939049804687500000e+03
6.940645996093750000e+03
6.942246582031250000e+03
6.943843750000000000e+03
6.945444824218750000e+03
6.947042968750000000e+03
6.948644531250000000e+03
6.950243164062500000e+03
6.951842285156250000e+03
6.953445312500000000e+03
6.955044921875000000e+03
6.956648925781250000e+03
6.958249023437500000e+03
6.959853515625000000e+03
6.961454589843750000e+03
6.963056152343750000e+03
6.964662109375000000e+03
6.966264160156250000e+03
6.967870605468750000e+03
6.969473632812500000e+03
6.971080566406250000e+03
6.972684082031250000e+03
6.974288574218750000e+03
6.975896484375000000e+03
6.977501464843750000e+03
6.979110351562500000e+03
6.980715820312500000e+03
6.982325683593750000e+03
6.983932128906250000e+03
6.985538574218750000e+03
6.987149414062500000e+03
6.988756835937500000e+03
6.990368652343750000e+03
6.991976562500000000e+03
6.993588867187500000e+03
6.995197753906250000e+03
6.996807128906250000e+03
6.998420410156250000e+03
7.000030273437500000e+03
7.001644531250000000e+03
7.003255371093750000e+03
7.004870117187500000e+03
7.006481933593750000e+03
7.008093750000000000e+03
7.009709472656250000e+03
7.011322265625000000e+03
7.012938964843750000e+03
7.014552246093750000e+03
7.016169921875000000e+03
7.017783691406250000e+03
7.019398437500000000e+03
7.021017089843750000e+03
7.022632324218750000e+03
7.024251464843750000e+03
7.025867675781250000e+03
7.027487792968750000e+03
7.029104492187500000e+03
7.030721191406250000e+03
7.032342773437500000e+03
7.033960449218750000e+03
7.035582519531250000e+03
7.037200683593750000e+03
7.038823730468750000e+03
7.040442871093750000e+03
7.042066406250000000e+03
7.043686523437500000e+03
7.045306640625000000e+03
7.046931640625000000e+03
7.048552734375000000e+03
7.050178222656250000e+03
7.051799804687500000e+03
7.053426269531250000e+03
7.055048828125000000e+03
7.056671875000000000e+03
7.058298828125000000e+03
7.059922851562500000e+03
7.061550781250000000e+03
7.063175292968750000e+03
7.064803710937500000e+03
7.066429199218750000e+03
7.068054687500000000e+03
7.069684570312500000e+03
7.071311035156250000e+03
7.072941894531250000e+03
7.074568847656250000e+03
7.076200195312500000e+03
7.077828125000000000e+03
7.079456054687500000e+03
7.081088867187500000e+03
7.082717773437500000e+03
7.084351074218750000e+03
7.085980957031250000e+03
7.087614746093750000e+03
7.089245117187500000e+03
7.090875976562500000e+03
7.092511230468750000e+03
7.094143066406250000e+03
7.095778808593750000e+03
7.097411132812500000e+03
7.099047851562500000e+03
7.100681152343750000e+03
7.102314453125000000e+03
7.103952148437500000e+03
7.105586425781250000e+03
7.107225097656250000e+03
7.108859863281250000e+03
7.110499511718750000e+03
7.112135253906250000e+03
7.113771484375000000e+03
7.115411621093750000e+03
7.117048339843750000e+03
7.118689941406250000e+03
7.120327148437500000e+03
7.121969238281250000e+03
7.123607910156250000e+03
7.125246582031250000e+03
7.126889648437500000e+03
7.128529296875000000e+03
7.130172851562500000e+03
7.131812988281250000e+03
7.133458007812500000e+03
7.135098632812500000e+03
7.136740234375000000e+03
7.138385742187500000e+03
7.140028320312500000e+03
7.141674804687500000e+03
7.143317382812500000e+03
7.144964843750000000e+03
7.146608398437500000e+03
7.148252441406250000e+03
7.149900878906250000e+03
7.151545898437500000e+03
7.153194824218750000e+03
7.154840332031250000e+03
7.156490234375000000e+03
7.158136718750000000e+03
7.159783203125000000e+03
7.161434570312500000e+03
7.163082031250000000e+03
7.164733886718750000e+03
7.166381835937500000e+03
7.168034667968750000e+03
7.169683593750000000e+03
7.171336914062500000e+03
7.172986328125000000e+03
7.174636718750000000e+03
7.176291015625000000e+03
7.177941894531250000e+03
7.179597167968750000e+03
7.181249023437500000e+03
7.182904785156250000e+03
7.184557128906250000e+03
7.186209960937500000e+03
7.187867187500000000e+03
7.189520996093750000e+03
7.191178710937500000e+03
7.192833007812500000e+03
7.194491699218750000e+03
7.196146484375000000e+03
7.197802246093750000e+03
7.199461914062500000e+03
7.201118164062500000e+03
7.202778808593750000e+03
7.204435546875000000e+03
7.206097167968750000e+03
7.207754882812500000e+03
7.209413085937500000e+03
7.211075683593750000e+03
7.212734375000000000e+03
7.214397460937500000e+03
7.216057128906250000e+03
7.217721191406250000e+03
7.219381835937500000e+03
7.221042480468750000e+03
7.222707519531250000e+03
7.224369140625000000e+03
7.226035156250000000e+03
7.227697265625000000e+03
7.229364257812500000e+03
7.231027343750000000e+03
7.232690917968750000e+03
7.234358398437500000e+03
7.236022949218750000e+03
7.237691406250000000e+03
7.239356445312500000e+03
7.241025878906250000e+03
7.242691894531250000e+03
7.244357910156250000e+03
7.246028320312500000e+03
7.247695312500000000e+03
7.249366699218750000e+03
7.251034179687500000e+03
7.252706542968750000e+03
7.254375000000000000e+03
7.256043945312500000e+03
7.257716796875000000e+03
7.259386718750000000e+03
7.261060546875000000e+03
7.262730957031250000e+03
7.264405761718750000e+03
7.266077148437500000e+03
7.267748535156250000e+03
7.269424316406250000e+03
7.271096679687500000e+03
7.272773437500000000e+03
7.274446289062500000e+03
7.276124023437500000e+03
7.277797851562500000e+03
7.279472167968750000e+03
7.281150878906250000e+03
7.282825683593750000e+03
7.284505371093750000e+03
7.286181152343750000e+03
7.287861328125000000e+03
7.289537597656250000e+03
7.291214843750000000e+03
7.292895996093750000e+03
7.294573730468750000e+03
7.296255859375000000e+03
7.297934082031250000e+03
7.299617187500000000e+03
7.301296386718750000e+03
7.302979980468750000e+03
7.304660156250000000e+03
7.306340820312500000e+03
7.308025390625000000e+03
7.309706542968750000e+03
7.311392089843750000e+03
7.313074218750000000e+03
7.314760742187500000e+03
7.316443359375000000e+03
7.318126464843750000e+03
7.319813964843750000e+03
7.321498046875000000e+03
7.323186035156250000e+03
7.324871093750000000e+03
7.326560058593750000e+03
7.328245605468750000e+03
7.329931152343750000e+03
7.331621582031250000e+03
7.333308105468750000e+03
7.334999511718750000e+03
7.336686523437500000e+03
7.338378417968750000e+03
7.340066894531250000e+03
7.341755371093750000e+03
7.343448242187500000e+03
7.345137695312500000e+03
7.346831542968750000e+03
7.348521484375000000e+03
7.350216308593750000e+03
7.351906738281250000e+03
7.353598144531250000e+03
7.355293945312500000e+03
7.356985839843750000e+03
7.358682617187500000e+03
7.360375488281250000e+03
7.362072753906250000e+03
7.363766113281250000e+03
7.365460449218750000e+03
7.367158691406250000e+03
7.368853515625000000e+03
7.370552734375000000e+03
7.372248535156250000e+03
7.373948730468750000e+03
7.375645019531250000e+03
7.377341796875000000e+03
7.379042968750000000e+03
7.380740234375000000e+03
7.382442382812500000e+03
7.384140625000000000e+03
7.385843261718750000e+03
7.387542480468750000e+03
7.389242187500000000e+03
7.390945800781250000e+03
7.392646484375000000e+03
7.394351074218750000e+03
7.396052246093750000e+03
7.397757324218750000e+03
7.399459472656250000e+03
7.401161621093750000e+03
7.402868164062500000e+03
7.404571289062500000e+03
7.406278808593750000e+03
7.407982421875000000e+03
7.409690917968750000e+03
7.411395507812500000e+03
7.413100585937500000e+03
7.414810058593750000e+03
7.416515625000000000e+03
7.418226074218750000e+03
7.419932617187500000e+03
7.421643554687500000e+03
7.423350585937500000e+03
7.425058593750000000e+03
7.426770507812500000e+03
7.428479492187500000e+03
7.430192382812500000e+03
7.431901367187500000e+03
7.433615234375000000e+03
7.435325195312500000e+03
7.437040039062500000e+03
7.438750976562500000e+03
7.440462402343750000e+03
7.442177734375000000e+03
7.443890136718750000e+03
7.445606445312500000e+03
7.447319335937500000e+03
7.449036621093750000e+03
7.450750488281250000e+03
7.452464355468750000e+03
7.454183105468750000e+03
7.455897949218750000e+03
7.457617187500000000e+03
7.459332519531250000e+03
7.461052734375000000e+03
7.462769042968750000e+03
7.464485839843750000e+03
7.466207031250000000e+03
7.467924804687500000e+03
7.469646972656250000e+03
7.471365234375000000e+03
7.473088378906250000e+03
7.474807617187500000e+03
7.476526855468750000e+03
7.478250976562500000e+03
7.479971191406250000e+03
7.481696289062500000e+03
7.483417480468750000e+03
7.485143066406250000e+03
7.486865234375000000e+03
7.488587402343750000e+03
7.490314453125000000e+03
7.492037109375000000e+03
7.493765136718750000e+03
7.495488769531250000e+03
7.497217285156250000e+03
7.498941894531250000e+03
7.500666992187500000e+03
7.502396972656250000e+03
7.504122558593750000e+03
7.505853027343750000e+03
7.507580078125000000e+03
7.509311035156250000e+03
7.511038574218750000e+03
7.512766601562500000e+03
7.514499023437500000e+03
7.516227539062500000e+03
7.517960937500000000e+03
7.519690429687500000e+03
7.521424316406250000e+03
7.523154785156250000e+03
7.524885253906250000e+03
7.526620605468750000e+03
7.528352050781250000e+03
7.530088378906250000e+03
7.531820312500000000e+03
7.533557128906250000e+03
7.535290527343750000e+03
7.537023925781250000e+03
7.538761718750000000e+03
7.540496093750000000e+03
7.542234863281250000e+03
7.543970214843750000e+03
7.545709472656250000e+03
7.547445312500000000e+03
7.549181640625000000e+03
7.550922851562500000e+03
7.552659667968750000e+03
7.554401367187500000e+03
7.556139160156250000e+03
7.557881835937500000e+03
7.559620117187500000e+03
7.561359375000000000e+03
7.563103027343750000e+03
7.564842773437500000e+03
7.566587402343750000e+03
7.568328125000000000e+03
7.570073242187500000e+03
7.571814941406250000e+03
7.573561035156250000e+03
7.575303222656250000e+03
7.577045898437500000e+03
7.578792968750000000e+03
7.580536621093750000e+03
7.582284667968750000e+03
7.584028808593750000e+03
7.585777832031250000e+03
7.587522949218750000e+03
7.589268554687500000e+03
7.591018554687500000e+03
7.592764648437500000e+03
7.594515625000000000e+03
7.596262695312500000e+03
7.598014160156250000e+03
7.599762207031250000e+03
7.601510742187500000e+03
7.603263671875000000e+03
7.605012695312500000e+03
7.606766113281250000e+03
7.608516113281250000e+03
7.610270996093750000e+03
7.612021484375000000e+03
7.613772460937500000e+03
7.615528320312500000e+03
7.617280273437500000e+03
7.619036621093750000e+03
7.620789550781250000e+03
7.622546875000000000e+03
7.624300292968750000e+03
7.626054199218750000e+03
7.627812988281250000e+03
7.629567871093750000e+03
7.631327148437500000e+03
7.633082519531250000e+03
7.634842773437500000e+03
7.636599121093750000e+03
7.638355957031250000e+03
7.640117187500000000e+03
7.641875000000000000e+03
7.643637207031250000e+03
7.645395507812500000e+03
7.647158691406250000e+03
7.648917968750000000e+03
7.650677246093750000e+03
7.652441894531250000e+03
7.654202148437500000e+03
7.655967285156250000e+03
7.657728515625000000e+03
7.659494140625000000e+03
7.661256347656250000e+03
7.663018554687500000e+03
7.664785644531250000e+03
7.666549316406250000e+03
7.668316894531250000e+03
7.670081054687500000e+03
7.671849609375000000e+03
7.673614746093750000e+03
7.675379882812500000e+03
7.677149902343750000e+03
7.678916015625000000e+03
7.680687011718750000e+03
7.682453613281250000e+03
7.684225097656250000e+03
7.685993164062500000e+03
7.687761230468750000e+03
7.689534179687500000e+03
7.691302734375000000e+03
7.693076660156250000e+03
7.694846191406250000e+03
7.696620605468750000e+03
7.698391113281250000e+03
7.700162109375000000e+03
7.701937988281250000e+03
7.703709960937500000e+03
7.705486328125000000e+03
7.707258789062500000e+03
7.709036132812500000e+03
7.710809570312500000e+03
7.712587890625000000e+03
7.714361816406250000e+03
7.716136718750000000e+03
7.717916015625000000e+03
7.719691406250000000e+03
7.721471679687500000e+03
7.723248046875000000e+03
7.725028808593750000e+03
7.726806152343750000e+03
7.728583496093750000e+03
7.730365722656250000e+03
7.732144042968750000e+03
7.733927246093750000e+03
7.735706542968750000e+03
7.737490234375000000e+03
7.739270019531250000e+03
7.741050781250000000e+03
7.742835449218750000e+03
7.744616699218750000e+03
7.746402832031250000e+03
7.748185058593750000e+03
7.749971679687500000e+03
7.751754394531250000e+03
7.753537597656250000e+03
7.755325683593750000e+03
7.757109863281250000e+03
7.758898437500000000e+03
7.760683593750000000e+03
7.762473144531250000e+03
7.764258789062500000e+03
7.766044921875000000e+03
7.767835937500000000e+03
7.769622558593750000e+03
7.771414550781250000e+03
7.773202148437500000e+03
7.774994628906250000e+03
7.776783203125000000e+03
7.778572265625000000e+03
7.780366210937500000e+03
7.782155761718750000e+03
7.783950683593750000e+03
7.785741210937500000e+03
7.787536621093750000e+03
7.789328125000000000e+03
7.791120117187500000e+03
7.792916503906250000e+03
7.794709472656250000e+03
7.796506835937500000e+03
7.798300292968750000e+03
7.800098632812500000e+03
7.801893066406250000e+03
7.803687988281250000e+03
7.805487304687500000e+03
7.807283203125000000e+03
7.809083496093750000e+03
7.810879882812500000e+03
7.812681152343750000e+03
7.814478515625000000e+03
7.816275878906250000e+03
7.818078613281250000e+03
7.819876953125000000e+03
7.821680175781250000e+03
7.823479492187500000e+03
7.825283691406250000e+03
7.827083984375000000e+03
7.828884277343750000e+03
7.830689941406250000e+03
7.832491210937500000e+03
7.834297363281250000e+03
7.836099609375000000e+03
7.837906738281250000e+03
7.839709960937500000e+03
7.841513183593750000e+03
7.843321289062500000e+03
7.845125976562500000e+03
7.846935058593750000e+03
7.848740234375000000e+03
7.850549804687500000e+03
7.852355957031250000e+03
7.854166503906250000e+03
7.855973632812500000e+03
7.857780761718750000e+03
7.859592773437500000e+03
7.861400878906250000e+03
7.863213867187500000e+03
7.865022460937500000e+03
7.866836425781250000e+03
7.868645996093750000e+03
7.870456054687500000e+03
7.872270996093750000e+03
7.874082031250000000e+03
7.875897949218750000e+03
7.877709960937500000e+03
7.879526367187500000e+03
7.881338867187500000e+03
7.883151855468750000e+03
7.884969726562500000e+03
7.886783691406250000e+03
7.888602539062500000e+03
7.890417480468750000e+03
7.892236816406250000e+03
7.894052246093750000e+03
7.895868652343750000e+03
7.897688964843750000e+03
7.899505859375000000e+03
7.901327636718750000e+03
7.903145507812500000e+03
7.904967773437500000e+03
7.906786132812500000e+03
7.908605468750000000e+03
7.910429199218750000e+03
7.912248535156250000e+03
7.914073242187500000e+03
7.915894042968750000e+03
7.917719238281250000e+03
7.919540527343750000e+03
7.921362792968750000e+03
7.923189453125000000e+03
7.925012207031250000e+03
7.926839355468750000e+03
7.928663085937500000e+03
7.930491210937500000e+03
7.932315917968750000e+03
7.934140625000000000e+03
7.935970214843750000e+03
7.937795898437500000e+03
7.939626464843750000e+03
7.941452636718750000e+03
7.943284179687500000e+03
7.945111328125000000e+03
7.946938964843750000e+03
7.948771972656250000e+03
7.950600585937500000e+03
7.952433593750000000e+03
7.954263183593750000e+03
7.956097656250000000e+03
7.957927734375000000e+03
7.959758300781250000e+03
7.961593750000000000e+03
7.963425292968750000e+03
7.965261718750000000e+03
7.967094238281250000e+03
7.968931640625000000e+03
7.970764648437500000e+03
7.972598144531250000e+03
7.974437011718750000e+03
7.976271484375000000e+03
7.978110839843750000e+03
7.979945800781250000e+03
7.981786132812500000e+03
7.983622558593750000e+03
7.985458984375000000e+03
7.987300292968750000e+03
7.989137695312500000e+03
7.990979980468750000e+03
7.992818359375000000e+03
7.994661621093750000e+03
7.996500488281250000e+03
7.998344726562500000e+03
8.000184570312500000e+03
8.002024902343750000e+03
8.003870605468750000e+03
8.005711425781250000e+03
8.007557617187500000e+03
8.009399902343750000e+03
8.011247070312500000e+03
8.013089843750000000e+03
8.014933105468750000e+03
8.016781250000000000e+03
8.018625488281250000e+03
8.020474609375000000e+03
8.022319824218750000e+03
8.024169921875000000e+03
8.026015625000000000e+03
8.027862304687500000e+03
8.029713378906250000e+03
8.031560546875000000e+03
8.033412597656250000e+03
8.035260742187500000e+03
8.037113769531250000e+03
8.038962402343750000e+03
8.040812011718750000e+03
8.042666015625000000e+03
8.044516113281250000e+03
8.046371093750000000e+03
8.048222167968750000e+03
8.050078125000000000e+03
8.051930175781250000e+03
8.053782714843750000e+03
8.055639648437500000e+03
8.057492675781250000e+03
8.059351074218750000e+03
8.061205078125000000e+03
8.063063964843750000e+03
8.064918945312500000e+03
8.066773925781250000e+03
8.068634277343750000e+03
8.070490234375000000e+03
8.072351562500000000e+03
8.074208496093750000e+03
8.076070312500000000e+03
8.077928222656250000e+03
8.079786621093750000e+03
8.081649902343750000e+03
8.083508789062500000e+03
8.085373046875000000e+03
8.087232910156250000e+03
8.089098144531250000e+03
8.090958984375000000e+03
8.092820312500000000e+03
8.094686523437500000e+03
8.096548339843750000e+03
8.098415527343750000e+03
8.100278808593750000e+03
8.102146484375000000e+03
8.104010253906250000e+03
8.105874511718750000e+03
8.107744140625000000e+03
8.109608886718750000e+03
8.111479003906250000e+03
8.113345214843750000e+03
8.115216308593750000e+03
8.117083007812500000e+03
8.118950195312500000e+03
8.120822753906250000e+03
8.122690917968750000e+03
8.124563964843750000e+03
8.126432617187500000e+03
8.128306640625000000e+03
8.130176757812500000e+03
8.132051269531250000e+03
8.133922363281250000e+03
8.135793457031250000e+03
8.137669433593750000e+03
8.139541503906250000e+03
8.141418457031250000e+03
8.143291503906250000e+03
8.145169433593750000e+03
8.147042968750000000e+03
8.148917480468750000e+03
8.150796386718750000e+03
8.152671386718750000e+03
8.154551269531250000e+03
8.156427246093750000e+03
8.158308105468750000e+03
8.160185058593750000e+03
8.162062500000000000e+03
8.163944335937500000e+03
8.165822753906250000e+03
8.167705566406250000e+03
8.169584472656250000e+03
8.171468261718750000e+03
8.173348144531250000e+03
8.175228515625000000e+03
8.177113769531250000e+03
8.178995117187500000e+03
8.180880859375000000e+03
8.182763183593750000e+03
8.184649902343750000e+03
8.186532714843750000e+03
8.188416015625000000e+03
8.190304199218750000e+03
8.192188476562500000e+03
8.194077148437500000e+03
8.195962890625000000e+03
8.197852539062500000e+03
8.199738281250000000e+03
8.201625000000000000e+03
8.203515625000000000e+03
8.205403320312500000e+03
8.207295898437500000e+03
8.209183593750000000e+03
8.211076171875000000e+03
8.212965820312500000e+03
8.214854492187500000e+03
8.216749023437500000e+03
8.218639648437500000e+03
8.220534179687500000e+03
8.222425781250000000e+03
8.224322265625000000e+03
8.226213867187500000e+03
8.228106445312500000e+03
8.230003906250000000e+03
8.231896484375000000e+03
8.233794921875000000e+03
8.235689453125000000e+03
8.237588867187500000e+03
8.239483398437500000e+03
8.241378906250000000e+03
8.243279296875000000e+03
8.245175781250000000e+03
8.247077148437500000e+03
8.248974609375000000e+03
8.250876953125000000e+03
8.252774414062500000e+03
8.254672851562500000e+03
8.256577148437500000e+03
8.258476562500000000e+03
8.260380859375000000e+03
8.262281250000000000e+03
8.264186523437500000e+03
8.266086914062500000e+03
8.267989257812500000e+03
8.269895507812500000e+03
8.271797851562500000e+03
8.273705078125000000e+03
8.275608398437500000e+03
8.277516601562500000e+03
8.279420898437500000e+03
8.281330078125000000e+03
8.283235351562500000e+03
8.285141601562500000e+03
8.287051757812500000e+03
8.288958007812500000e+03
8.290869140625000000e+03
8.292777343750000000e+03
8.294689453125000000e+03
8.296597656250000000e+03
8.298505859375000000e+03
8.300419921875000000e+03
8.302329101562500000e+03
8.304243164062500000e+03
8.306154296875000000e+03
8.308069335937500000e+03
8.309980468750000000e+03
8.311892578125000000e+03
8.313808593750000000e+03
8.315721679687500000e+03
8.317639648437500000e+03
8.319552734375000000e+03
8.321470703125000000e+03
8.323385742187500000e+03
8.325299804687500000e+03
8.327219726562500000e+03
8.329135742187500000e+03
8.331056640625000000e+03
8.332972656250000000e+03
8.334894531250000000e+03
8.336811523437500000e+03
8.338729492187500000e+03
8.340652343750000000e+03
8.342571289062500000e+03
8.344495117187500000e+03
8.346415039062500000e+03
8.348339843750000000e+03
8.350259765625000000e+03
8.352180664062500000e+03
8.354107421875000000e+03
8.356029296875000000e+03
8.357956054687500000e+03
8.359878906250000000e+03
8.361806640625000000e+03
8.363729492187500000e+03
8.365654296875000000e+03
8.367583007812500000e+03
8.369507812500000000e+03
8.371437500000000000e+03
8.373364257812500000e+03
8.375294921875000000e+03
8.377221679687500000e+03
8.379148437500000000e+03
8.381081054687500000e+03
8.383008789062500000e+03
