4.772383995931939893e+01
4.513430987876632372e+01
4.568758416170091863e+01
4.148622880759138809e+01
3.906218245147257306e+01
3.713482121063110952e+01
3.767290641693045927e+01
3.682326773757348803e+01
3.584037961242875525e+01
3.486779996956451555e+01
3.415031102395358431e+01
3.371689491492162460e+01
3.467501920651550762e+01
3.413266316969338732e+01
3.456091691616749273e+01
3.457837833451311838e+01
3.499326711000376378e+01
3.398986234288403807e+01
3.273987433676521874e+01
3.247847037004483184e+01
3.294304140472107179e+01
3.260171808556059858e+01
3.138835224627294807e+01
3.039014042326853726e+01
3.170388739353446894e+01
3.101595195569743524e+01
3.105252715453568513e+01
3.104848029215438387e+01
3.161286812860680939e+01
3.242947155670339043e+01
3.163280591907863482e+01
3.417326332948317713e+01
3.386284088074711462e+01
3.221104307630213981e+01
3.180450682576050525e+01
3.161432519909366690e+01
3.071037872643664102e+01
3.039186970901250362e+01
2.980014684090577859e+01
2.884670360411017498e+01
2.967818714604731767e+01
2.970941287753015203e+01
2.924225000262253715e+01
2.915637493072341968e+01
2.829438610908824003e+01
2.812704812751801242e+01
2.792967064392934873e+01
2.732616654487055285e+01
2.719646665942795138e+01
2.830710628479996060e+01
2.752924555690966812e+01
2.657691409296002405e+01
2.651355719795617105e+01
2.631004395369358306e+01
2.609417044990089352e+01
2.706471609621844721e+01
2.651019192688686132e+01
2.559051951443463935e+01
2.647945480965649878e+01
2.712324467748288015e+01
2.711430917377130712e+01
2.584509194933660226e+01
2.573047098822869572e+01
2.532314892240208337e+01
2.431287378671962429e+01
2.443084441619591729e+01
2.531296905466246017e+01
2.486383344110060634e+01
2.517309786835427232e+01
2.431152539876048024e+01
2.494132667434103823e+01
2.670623964987198562e+01
2.567089072176417730e+01
2.557857070205904648e+01
2.554661706573663693e+01
2.517019869155360823e+01
2.418975773538025464e+01
2.333391983571799244e+01
2.419355749129237054e+01
2.390346236768285948e+01
2.434227227275183836e+01
2.578039479658096056e+01
2.649258791704181348e+01
2.692717419195911788e+01
2.641636666876782868e+01
2.481937112186386685e+01
2.367174732518510893e+01
2.319441982875711616e+01
2.297797120728110443e+01
2.305940434814085194e+01
2.310592021498785442e+01
2.346629936974640174e+01
2.423204573190077227e+01
2.424308128989727962e+01
2.398105958092184764e+01
2.405786248411755324e+01
2.244922885797159040e+01
1.998082393522473765e+01
2.204465218308213892e+01
2.174966754170258909e+01
2.175555744751623521e+01
2.165266523868823967e+01
2.171226384032263823e+01
2.199637896098158052e+01
2.248139531560523707e+01
2.225671230094081210e+01
2.367406297062445475e+01
2.363272691985258334e+01
2.376223145266577674e+01
2.403355364079364520e+01
2.269332632886049339e+01
2.251567444105694804e+01
2.245429610965083711e+01
2.239897797755923747e+01
2.266348774390224108e+01
2.232536908022775890e+01
2.262204564146470886e+01
2.407318141714003445e+01
2.372219255327603804e+01
2.495076627596691665e+01
2.498340851962458231e+01
2.489114563995907403e+01
2.438795073561092863e+01
2.410680824905310615e+01
2.420778420269619247e+01
2.332676482665145556e+01
2.372957195035701261e+01
2.398139969966855034e+01
2.312317161403959886e+01
2.371951151563600391e+01
2.364960172193027432e+01
2.258537933125343500e+01
2.201076898463418985e+01
2.171165087155777584e+01
2.145244793720957333e+01
2.085886493466473368e+01
2.151385310287154340e+01
2.094035103538499243e+01
2.102685655636396334e+01
2.076156006891971373e+01
2.067182997405620171e+01
2.032902095054131664e+01
2.011443546459114629e+01
1.994797820221361917e+01
1.850968935736610277e+01
1.960761033404114784e+01
2.022435168246607518e+01
1.977732113735607200e+01
1.962063653488042902e+01
2.056676018932276406e+01
2.075631553850865174e+01
2.037061270022880777e+01
2.005402394112955378e+01
2.021668550473226844e+01
2.078599076011805735e+01
2.203526608127402397e+01
2.330279972284526480e+01
2.498499692147536777e+01
2.396004975117983093e+01
2.318300646138012411e+01
2.174741351880068407e+01
2.113894681358566174e+01
2.167361910307856476e+01
2.175949543108045958e+01
2.178693743381226966e+01
2.241534970866883825e+01
2.071465892877920467e+01
2.065018781945733650e+01
2.066711488619635517e+01
2.017033521173690147e+01
2.006326754249068856e+01
2.022975737097365467e+01
2.004895776995212842e+01
1.992191593073000888e+01
1.950710832303336772e+01
1.950126714556766672e+01
2.126876113770023835e+01
2.096060681511518808e+01
2.029238438387853805e+01
1.982189898982269938e+01
1.911782973094081228e+01
1.830140437682599241e+01
1.844139580472795714e+01
1.862706854737506745e+01
1.870991518410850674e+01
1.827337328221069157e+01
1.847056311154610597e+01
1.825527576125602280e+01
1.876179424978587917e+01
1.979202295288918023e+01
1.970800937417930498e+01
1.882810214118530823e+01
1.898455865866988646e+01
1.972641471026625126e+01
1.999181442340180936e+01
1.994591644637453243e+01
1.921362820390383774e+01
1.850135043551965452e+01
1.884899581772751276e+01
1.956460324185534105e+01
1.872921192360862364e+01
1.839420477324891579e+01
1.865606392701286254e+01
1.785393319748807173e+01
1.805242126086926291e+01
1.746072384141317713e+01
1.760735953914214136e+01
1.780690823647261212e+01
1.795689623237793597e+01
1.797815399744535014e+01
1.814867333144850647e+01
1.830368201989550059e+01
1.881103058242845094e+01
1.879996897709890646e+01
1.829794845664006075e+01
1.879188987869489935e+01
1.941155600996235009e+01
1.959933225819379032e+01
1.898948098273939067e+01
1.822721510683674140e+01
1.829009002877405976e+01
1.897647065071967987e+01
1.795382297445500797e+01
1.779001075358446116e+01
1.909461436235439891e+01
1.933485687003708620e+01
1.954826284345150000e+01
1.922935855480789158e+01
1.946276144695056942e+01
1.962838587726592010e+01
1.940665877818925722e+01
1.951788051999477247e+01
1.912060316219395517e+01
1.825097684405749376e+01
1.893342907353301641e+01
1.906592712216473728e+01
2.011653264845400813e+01
2.022042817690353900e+01
1.973231427721806952e+01
1.879592887365507181e+01
1.838477176601023544e+01
2.031901565389850361e+01
2.187682529093762795e+01
2.199561890912785600e+01
2.175001617653427388e+01
2.183734785684357860e+01
2.166179741834132599e+01
2.094103120695620390e+01
1.986822894515657367e+01
1.900656733970902934e+01
1.889569540835392303e+01
1.933143967613958480e+01
2.003014999181996814e+01
1.937306064672683092e+01
1.855706518945412498e+01
1.832204769742558526e+01
1.775247557656568631e+01
1.721308936403298873e+01
1.729457312110151790e+01
1.792452637101442292e+01
1.843025897591362394e+01
1.905791781659420536e+01
1.933360275774765924e+01
2.018403611326626290e+01
2.002866697683411701e+01
1.985958908525751809e+01
1.984644083459245678e+01
1.973486269542323868e+01
1.982393316444200693e+01
2.118858293364352008e+01
2.859036459480818948e+01
2.903814867710477543e+01
2.211667500341665260e+01
1.956924168768388128e+01
1.889480821172445246e+01
1.923483132262592932e+01
1.983440565246329612e+01
2.009007870100327509e+01
2.015020181987305037e+01
1.944893695936228895e+01
1.853349649236342245e+01
1.819548566425001823e+01
1.835329952250547692e+01
1.993745017226116900e+01
1.989903794109894264e+01
2.048152326165501691e+01
1.979818272501135112e+01
1.981782662920742055e+01
1.990178267755086594e+01
1.993369878293424691e+01
2.073317971798791248e+01
2.074968811952158987e+01
2.012129622622584435e+01
2.099457962770207686e+01
2.076685484420067596e+01
1.943737862100422831e+01
1.871297918420818363e+01
1.865390981150874339e+01
1.897363793272715426e+01
1.852673356760378098e+01
1.812964033231488870e+01
1.915478713895141283e+01
2.012873954617910854e+01
2.012906223720195342e+01
1.908483446915995430e+01
1.995795264322602591e+01
1.966940725666458434e+01
1.939607045637714933e+01
1.961112744562090526e+01
1.985663167107527016e+01
1.990312663715841879e+01
1.933304667588687309e+01
1.902168849853448052e+01
1.887455867115862418e+01
1.922700207149646801e+01
1.865314226324049329e+01
1.931882678984678492e+01
2.013322356458703410e+01
2.093629399686764714e+01
2.108419198829523467e+01
2.043761359058446558e+01
1.944838319615922018e+01
1.994112094323293860e+01
1.942108883161579058e+01
1.920481862705234022e+01
1.797682835915765764e+01
1.789389240917138935e+01
1.785867251765790087e+01
1.778990149211205107e+01
1.718655233713568009e+01
1.701545733801259530e+01
1.745617594951996310e+01
1.810244807254420607e+01
1.855504206282371626e+01
1.905241269261323467e+01
1.889839956720912895e+01
1.821259990396671924e+01
1.846418010889000882e+01
1.855216395860109557e+01
1.838211428744401132e+01
1.831863859612673195e+01
1.806685714730010872e+01
1.755743423253609237e+01
1.773413473699401166e+01
1.781076222508022155e+01
1.731437683389059501e+01
1.746373126453581293e+01
1.746906699075717029e+01
1.755302674839382604e+01
1.760262274885706191e+01
1.752288932060414695e+01
1.763881208007778056e+01
1.796517184638302567e+01
1.879114931865411009e+01
1.919843517060029825e+01
1.872328843717547642e+01
1.810726449817574135e+01
1.847897961233525166e+01
1.839052065652234447e+01
1.836412118332610888e+01
1.801721323932789787e+01
1.789455509388759680e+01
1.821295948064928183e+01
1.837210880965888649e+01
1.925570672187931009e+01
1.987993461622440350e+01
1.911435147841207893e+01
1.957550054891475710e+01
1.903271182745185541e+01
1.803321257157564617e+01
1.761399979720710007e+01
1.725786763206436092e+01
1.681684602398047090e+01
1.705550659573254180e+01
1.739107326197738956e+01
1.717965023241075428e+01
1.763942877052773994e+01
1.652148821534522583e+01
1.680380746396323133e+01
1.711567868467257014e+01
1.772995573308556772e+01
1.773531310250281123e+01
1.738555374462841741e+01
1.744737441390849852e+01
1.780932836286183374e+01
1.809967408536243383e+01
1.819650629045488444e+01
1.836304735244781128e+01
1.926738013738173905e+01
1.846787675833232001e+01
1.903900672003997130e+01
1.937922413488114870e+01
1.942483153386574557e+01
1.966015803631646008e+01
2.131456852181926820e+01
2.411739520269992099e+01
2.535261457186258838e+01
2.740476882185909702e+01
2.840547140031819850e+01
2.929994255774126444e+01
2.843022553773537098e+01
2.511478463515662085e+01
2.148615074371742040e+01
1.953440520447012219e+01
1.865976961712872040e+01
1.812086481924196946e+01
1.893009294724560121e+01
2.130841487717576754e+01
2.139205435946156086e+01
2.097875033229403030e+01
1.964294887972893378e+01
1.861217748879396439e+01
1.826292391891550437e+01
1.804758127849888183e+01
1.705933269642945405e+01
1.638897777169475134e+01
1.726230288164158111e+01
1.709147187996619266e+01
1.698325936814417503e+01
1.669081765475846524e+01
1.680080040005974951e+01
1.736387024037341220e+01
1.760287478856439947e+01
1.704865572092552028e+01
1.661138457095928445e+01
1.676252919356951310e+01
1.694413301796128835e+01
1.659667519181788009e+01
1.731272130884946847e+01
1.886751735501213645e+01
1.884528314372364122e+01
1.762261599057578110e+01
1.748459401287784232e+01
1.754540886549443357e+01
1.680620094757220784e+01
1.638112784304646397e+01
1.671673839318789945e+01
1.740192115324161648e+01
1.737721472394461486e+01
1.742364568277137948e+01
1.786179123125697643e+01
1.835294555792055604e+01
1.760205627761147085e+01
1.815013747605634364e+01
1.799983811845152815e+01
1.716482558340854325e+01
1.655604556056892207e+01
1.676046805289947983e+01
1.804341682993934981e+01
1.830568917778566629e+01
1.788476313151273800e+01
1.710705475535418785e+01
1.750562822689342823e+01
1.753140653213619160e+01
1.787846072550988552e+01
1.772031658080281602e+01
1.782234621295120647e+01
1.803704299544619261e+01
1.820811733584388037e+01
1.786586002087735636e+01
1.730035987185753044e+01
1.707263550563601129e+01
1.721340612238223144e+01
1.807596511248158322e+01
1.823045757363999186e+01
1.790263031421143580e+01
1.774051724778608730e+01
1.761118638374487588e+01
1.745910634134808603e+01
1.764155574437797824e+01
1.761405937594212645e+01
1.707928834943133722e+01
1.810431224274142181e+01
1.750084671224692912e+01
1.827788565217812078e+01
1.747877924376190606e+01
1.648869795950208328e+01
1.645161352061608895e+01
1.658781297898111973e+01
1.727076381410649830e+01
1.820307368654929192e+01
1.817232582178450073e+01
1.753972238888857405e+01
1.765102383977244571e+01
1.704040855998346515e+01
1.766391504136145585e+01
1.776211124112674611e+01
1.815950866147108655e+01
1.829303130363242857e+01
1.805724316315696498e+01
1.841434651870561368e+01
1.867507928940916173e+01
1.818403779630963157e+01
1.820872438952607908e+01
1.798344696366196160e+01
1.789272725804319464e+01
1.721169796194993751e+01
1.722506205245773003e+01
1.726453683254064941e+01
1.773473316339704553e+01
1.798667077613678700e+01
1.799031347375415280e+01
1.773274445196762272e+01
1.779300934394459333e+01
1.811366899949310749e+01
1.816920074700479404e+01
1.810900862416869472e+01
1.843997506194204661e+01
1.847467193666773966e+01
1.847842946692303912e+01
1.731904696505224450e+01
1.764566551230062785e+01
1.751438117609303546e+01
1.741156399484315287e+01
1.795660294115917921e+01
1.849298134752357470e+01
1.864710713972449341e+01
1.909567434273929010e+01
1.921059453760473446e+01
1.757352977354836909e+01
1.717800465677348498e+01
1.652655584626942797e+01
1.648413263867146838e+01
1.636005276959230770e+01
1.649212462908204557e+01
1.736628469173268741e+01
1.821001335890142059e+01
1.811799158542182298e+01
1.757961937043437572e+01
1.737680192400473445e+01
1.671043580575108578e+01
1.756789303516423573e+01
1.834446542711616246e+01
1.782830595821879882e+01
1.764169194071712354e+01
1.831015487514842377e+01
1.816165110964012896e+01
1.737394167603443762e+01
1.731573504665681895e+01
1.791653920454745474e+01
1.794906458765847290e+01
1.698664334748385940e+01
1.718160272186055693e+01
1.807863378076079286e+01
1.804398693342277937e+01
1.775456810769894034e+01
1.771087660409720144e+01
1.819484275901465153e+01
1.848233739447468693e+01
1.864117917257699375e+01
1.919782081349455893e+01
2.003448443559425840e+01
2.024068817913967422e+01
1.980438044028371181e+01
2.012179631718104389e+01
2.065219793394872383e+01
2.098564285458025225e+01
1.991374873778013566e+01
1.872574096258334109e+01
1.810263149119696990e+01
1.830417811348084811e+01
1.846407388121993165e+01
1.792689365479473196e+01
1.826723911184060256e+01
1.895481871668368257e+01
1.846197129167574502e+01
1.854463787533009622e+01
1.775846647578199722e+01
1.797300199773685137e+01
1.831113056182925902e+01
1.819607977825422651e+01
1.820220665020660533e+01
1.850538353098616895e+01
1.854238427042836079e+01
1.844968977998589921e+01
1.884607394610709719e+01
1.829222555961775498e+01
1.739712959766556111e+01
1.763468079861905480e+01
1.807015793885802779e+01
1.920111620765720062e+01
1.969684661776023304e+01
2.042686920055439259e+01
2.029084502804204604e+01
1.913307680757347384e+01
1.848596668384657349e+01
1.826968060447138598e+01
1.802394119690160323e+01
1.842498743749558088e+01
1.840746167850507931e+01
1.852302137039578156e+01
2.206581444755552823e+01
2.791800671070032180e+01
3.221318553811615715e+01
2.651018228171840718e+01
2.122652937566774511e+01
1.882888840343197501e+01
1.919991235096503246e+01
2.056816929726338117e+01
1.985572759687009636e+01
1.938186543915506732e+01
1.932846548927352615e+01
1.942688469552433261e+01
1.961818993428714819e+01
1.898069250160499877e+01
1.748337261202463111e+01
1.772102003000934900e+01
1.804868462630875925e+01
1.798939118749201782e+01
1.812812724121009822e+01
1.837380934868847859e+01
1.824219108773359466e+01
1.737754196661022732e+01
1.786915782543855968e+01
1.888803094370061686e+01
1.953024444243530411e+01
1.892734798449438927e+01
1.888285932392800248e+01
1.817425225945437006e+01
1.798653562469364076e+01
1.822570212582915161e+01
1.910959128387037964e+01
1.955417000736917998e+01
1.918206105387103122e+01
1.797296666597855719e+01
1.730988606254096140e+01
2.134903667003678862e+01
2.059146422819246780e+01
2.118848028059019128e+01
2.004395389755917023e+01
1.979827706886104011e+01
2.076588532687079436e+01
2.028652077453256553e+01
1.680884658065826898e+01
1.780134922185045809e+01
1.912844102155771964e+01
1.980859794317633416e+01
1.969353354369195941e+01
1.897550563298459636e+01
1.851605298810020628e+01
1.918153692929125143e+01
1.922378694695241208e+01
1.965872330032324911e+01
1.926173657118225790e+01
1.888210327384502918e+01
1.964121442382093008e+01
2.062183034863152642e+01
2.063955015226719070e+01
1.990370421955897484e+01
1.943560586684701263e+01
1.902299233137960499e+01
1.776952790984835673e+01
1.765679642464631272e+01
1.846883349965926158e+01
1.873320016586225023e+01
1.846440444412021975e+01
1.812917410678812402e+01
1.833844454885421271e+01
1.845502743713395333e+01
1.888942310006228098e+01
1.983492665859129289e+01
2.046248935575039951e+01
2.019243845032855234e+01
1.951428229779849843e+01
1.843318994269668565e+01
1.805185944546976984e+01
1.756387202898291733e+01
1.715755375789396808e+01
1.612276121664674378e+01
1.620483857059463872e+01
1.668474999330764774e+01
1.703510549835255716e+01
1.707606007295894202e+01
1.717098977992331044e+01
1.698607384716385127e+01
1.663918122188930937e+01
1.685419009144062130e+01
1.808829869023166026e+01
1.863175648106564353e+01
2.017249400811732229e+01
2.017802708013789115e+01
1.893241630653185581e+01
1.808157864089842448e+01
1.787500739785860659e+01
1.775686686284051419e+01
1.751422240898881810e+01
1.776777635184550164e+01
1.819463725563653611e+01
1.833185937468372373e+01
1.849359044803878760e+01
1.778073281865363242e+01
1.750649243811095346e+01
1.823872389244523262e+01
1.813454698709447044e+01
1.796236328318949305e+01
1.790434022776355860e+01
1.788606720375410930e+01
1.749460616061069373e+01
1.770992942709760243e+01
1.792845675529402172e+01
1.777952290714950578e+01
1.823449454043964835e+01
1.813258267317709382e+01
1.772375629394716867e+01
1.779796899436088253e+01
1.934047540437526180e+01
2.009941798156839354e+01
1.956475646194151707e+01
1.822011850531904287e+01
1.751162704345928134e+01
1.773827302774989789e+01
1.742125884801362901e+01
1.751260983401717297e+01
1.811249784144386865e+01
1.791153300569068563e+01
1.763288807534352998e+01
1.836963373985028980e+01
1.866065697632044618e+01
1.905178499459541541e+01
1.842130821822674847e+01
1.790314274255701932e+01
1.789789238153803907e+01
1.938408954736548750e+01
2.006498067192367429e+01
1.915223910054429268e+01
1.863338618060183904e+01
1.856015029877202593e+01
1.805824620038963602e+01
1.756460447331119923e+01
1.774716982771485974e+01
1.766635608366851784e+01
1.782001210730005880e+01
1.799157366755329690e+01
1.875609611568780721e+01
2.100381441476851663e+01
2.052964998056784651e+01
1.904674394041480667e+01
1.859159955662889274e+01
1.902439322670242206e+01
1.891277465245363842e+01
1.861578196840847355e+01
1.833775770410018069e+01
1.821298195676584797e+01
1.814226474166031977e+01
1.810769409463410184e+01
1.801978841369375317e+01
1.856136664718959040e+01
1.898346898272856009e+01
1.891397833157955333e+01
1.877624752404275199e+01
1.859175321476858045e+01
1.851666457285079304e+01
1.899126644769410888e+01
1.946399841140796028e+01
1.891954693867048931e+01
1.743614457920410388e+01
1.678379102933891076e+01
1.731395980682678726e+01
1.759689337555646915e+01
1.834948428237616724e+01
1.831034904034736854e+01
1.892778133486037717e+01
1.999065996178885030e+01
2.031408884710362983e+01
1.948828125242067344e+01
1.892535405249488534e+01
1.831476292481741552e+01
1.850105823998253740e+01
1.845767227464589766e+01
1.836566074211660649e+01
1.822305524785048192e+01
1.838208680742620160e+01
1.882388424767724544e+01
1.820562105372395223e+01
1.791085887819164313e+01
1.806485746580309026e+01
2.012169330683105883e+01
2.173917681623929354e+01
2.149338159387567160e+01
2.016575257341752447e+01
1.970943438204441733e+01
2.015636154851443962e+01
1.983621627848014768e+01
1.909289292949269523e+01
1.843179492502596872e+01
1.794941915787951103e+01
1.803944519791682666e+01
1.789939132771150909e+01
1.764341068972812110e+01
1.733926269500895856e+01
1.834031288345111577e+01
1.757916238449743673e+01
1.871763224503641609e+01
1.826908778173283565e+01
1.799099481181745475e+01
1.836156709106700902e+01
1.899177706018241452e+01
1.960975862851293883e+01
1.978177412643558242e+01
1.975339838396311265e+01
1.955010863005251309e+01
1.890411675534923930e+01
1.810077807798863248e+01
1.741127581355297949e+01
1.781105605971618289e+01
1.856312896130745571e+01
1.875483685620040575e+01
1.900036286170853472e+01
1.897772802666018421e+01
1.845574519409661107e+01
1.782551449738861038e+01
1.748885246253776771e+01
1.779484483001751371e+01
1.760201805623038140e+01
1.749079006634904232e+01
1.750901275425060888e+01
1.730650164587964923e+01
1.697224835366094098e+01
1.708588023663722666e+01
1.868379514075832049e+01
1.808778922395627120e+01
1.800203219158892409e+01
1.723198488706659859e+01
1.719314499328867640e+01
1.749387653355111283e+01
1.811694809721538491e+01
1.827217745865088716e+01
1.808010059650287715e+01
1.744368159580868394e+01
1.725238962521454056e+01
1.748275599378126799e+01
1.799749737455620391e+01
1.820285723903109698e+01
1.815574083963732832e+01
1.800941631118047681e+01
1.750006446449506115e+01
1.800179233235178344e+01
1.797927671219083834e+01
1.742576351556510517e+01
1.853122070222436690e+01
1.844296481461785575e+01
1.870396086531049207e+01
1.780983803191914916e+01
1.786950159143739114e+01
1.795207539398460383e+01
1.817845615138530846e+01
1.826624243548292981e+01
1.858043283925092837e+01
1.880289639816064806e+01
1.828960815406709983e+01
1.795988190833334031e+01
1.833986220551930302e+01
1.818388906222855894e+01
1.761665131249771576e+01
1.849372061846013793e+01
1.913501694818497612e+01
1.860366910853800348e+01
1.774871500142420899e+01
1.688806196687394490e+01
1.671664293087536635e+01
1.722496657553823951e+01
1.770542430592693606e+01
1.793689284878183443e+01
1.815174852369623437e+01
1.820103873733789612e+01
1.771325779815708401e+01
1.757587774199515707e+01
1.738623689622751556e+01
1.681517767693544130e+01
1.719238578445632015e+01
1.708618104685966799e+01
1.740882563261383353e+01
1.784647010333388195e+01
1.830830541102815445e+01
1.850540192014097585e+01
1.797168639503436083e+01
1.809673099218229453e+01
1.789902790813546574e+01
1.755936630515052599e+01
1.745241535791677023e+01
1.806062502991768781e+01
1.919626335534670858e+01
1.959321735962679156e+01
1.919672826097711749e+01
1.915968025222495541e+01
1.893128219552070490e+01
1.872337215655780795e+01
1.926929727295431505e+01
1.895386511510429628e+01
1.921044559454910683e+01
1.853851649578789562e+01
1.795001851749971777e+01
1.741686103882208414e+01
1.809489211727904845e+01
1.885845419486947350e+01
1.904825735166793166e+01
1.865383636898466335e+01
1.821371053850275601e+01
1.829570653377877676e+01
1.799726306065598180e+01
1.795054603223445611e+01
1.878441063045024251e+01
1.813229051997302577e+01
1.733097254418247601e+01
1.815218093090344098e+01
1.781174485623282777e+01
1.835778866856632519e+01
1.791060515518191920e+01
1.805019489519190756e+01
1.766555213569100502e+01
1.838947147965821216e+01
1.874767376456201617e+01
1.856702047612996509e+01
1.807173458298889557e+01
1.738845278829352381e+01
1.689022745370717260e+01
1.709103556998366713e+01
1.760267618578929927e+01
1.801742108141452903e+01
1.860165241045907081e+01
1.866075697527650235e+01
1.841124310306106793e+01
1.770830327083877975e+01
1.796501888452475271e+01
1.868306092812992958e+01
1.959654149274743062e+01
1.771385253072323351e+01
1.790167415322740396e+01
1.731176921439335814e+01
1.743300440150686725e+01
1.797667487673479059e+01
1.852364331422694121e+01
1.882448644719569231e+01
1.910969573642353581e+01
1.888082507033029245e+01
1.806685829765775964e+01
1.749453271810534005e+01
1.781374023262419470e+01
1.843620637376974969e+01
1.902933363248710563e+01
1.904042043927335470e+01
1.838123759917143474e+01
1.770348769208024819e+01
1.726018338933404905e+01
1.875598825654591195e+01
2.002957522189187856e+01
1.926083054613289391e+01
1.862661267037209356e+01
1.840788562049855770e+01
1.877472153952967204e+01
1.897159838748642358e+01
1.854400548225305556e+01
1.848240324389760048e+01
1.857419884147831013e+01
1.808629676975778722e+01
1.827104977043197209e+01
1.943454500101310956e+01
2.062381082329279991e+01
1.834476224699137248e+01
1.804968228224149129e+01
1.816055897073796288e+01
1.761241723620048916e+01
1.813766287075506511e+01
1.803109641858201329e+01
1.736597698313276794e+01
1.756857394056090627e+01
1.759134058638243658e+01
1.693571169136922805e+01
1.747091577879644575e+01
1.823568569960647778e+01
1.836187097966607240e+01
1.813360046668706715e+01
1.738205198951513708e+01
1.723046766387868090e+01
1.792348250802119125e+01
1.821987197978544870e+01
1.786022259986703986e+01
1.759763134463785406e+01
1.771422772697368941e+01
1.729666609664352350e+01
1.711354766566956442e+01
1.721539993544511304e+01
1.701278696346058084e+01
1.871135935402084272e+01
1.815197138210164240e+01
1.749535365744857884e+01
1.793152132641471042e+01
1.795519889731277630e+01
1.754890363367026040e+01
1.806053490328681121e+01
1.951039548728140716e+01
1.964028373659860449e+01
1.900574112924832448e+01
1.941003198163751975e+01
1.851301029536536902e+01
1.758613312096034420e+01
1.716709645254169914e+01
1.757529581947758146e+01
1.773103489415784040e+01
1.850003531843127291e+01
2.270032074382270793e+01
2.252756310426432762e+01
1.744036013571005839e+01
1.757488864071206791e+01
1.694788457948954985e+01
1.735617167707995279e+01
1.704022643729874176e+01
1.709779481819701630e+01
1.728825396255708569e+01
1.793303933843906250e+01
1.809636002999295101e+01
1.793943812977154550e+01
1.835645516133466870e+01
1.859273871946556511e+01
1.865181531654943115e+01
1.867572495062671223e+01
1.834619274897378105e+01
1.791893821094533124e+01
1.735009990247703016e+01
1.654760065634399169e+01
1.698174203648327918e+01
1.684413671512992750e+01
1.676778588431477957e+01
1.764336265769151524e+01
1.900740509429584435e+01
1.857146439537285332e+01
1.882308051769964763e+01
1.771429936532497607e+01
1.774301688166357849e+01
1.779866509474009106e+01
1.852969875039241288e+01
1.931015437671926449e+01
1.867010724611015249e+01
1.891451107802009446e+01
2.002122624813602414e+01
2.030534293475241725e+01
1.940839077815051539e+01
1.893604496971128270e+01
1.896155537031800264e+01
1.909704741114925497e+01
1.877993211742762014e+01
1.902723938096452727e+01
1.886425367910062434e+01
1.925542087296352634e+01
1.974401362302938523e+01
1.947738500670579498e+01
1.883563888320730229e+01
1.812628530590737341e+01
1.813428759171389970e+01
1.820252877937269176e+01
1.838688130603287973e+01
1.830782337161583229e+01
1.810535195827878496e+01
1.830716073311347003e+01
1.807143484160018687e+01
1.827772044727873180e+01
1.900845286745259699e+01
1.940282096493389830e+01
2.034469265889304523e+01
2.030273878677870414e+01
1.949394130897563571e+01
1.875096106695063014e+01
1.774228072800365652e+01
1.726720715074094770e+01
1.741572577847583503e+01
1.817768604635622154e+01
1.912165817144828850e+01
1.887069638413586503e+01
1.873473693588600142e+01
1.817534223521632342e+01
1.796785814311057905e+01
1.785484661234085024e+01
1.781544997351188186e+01
1.792718825656946890e+01
1.873061812516379021e+01
1.953616510640563675e+01
1.899596241631940785e+01
1.896863500079946974e+01
1.898229790214920243e+01
1.925874757054201325e+01
1.951880456712368428e+01
1.982679065376066063e+01
1.931670024441681832e+01
1.945872910671896960e+01
2.021360880938123117e+01
2.022229642187543774e+01
1.962746337237499716e+01
1.921162858352656500e+01
1.916839995345359071e+01
1.959343755467739001e+01
1.972450937414266292e+01
1.952646648776314819e+01
1.978055010719170426e+01
2.074555207341012064e+01
2.000943775122724233e+01
2.086209890114091436e+01
2.057140896673978503e+01
1.990068801787533914e+01
2.030706272667393009e+01
2.070219376584892146e+01
2.029757819952317632e+01
1.843072332539426128e+01
1.798768975727174535e+01
1.834247427955178722e+01
1.773237749484149006e+01
1.830762509779157554e+01
1.820258816211457287e+01
1.875061741160176609e+01
1.975265760372039026e+01
1.967141639550298393e+01
1.929304687462052570e+01
1.892094777442387610e+01
1.878149616820533652e+01
1.904986660974887158e+01
1.878622904887084388e+01
1.862020397039316322e+01
1.907807606405210521e+01
1.901954547120239170e+01
1.888397537545910865e+01
1.898600750243816648e+01
1.853604485455747408e+01
1.956319923125749227e+01
2.068364230239703261e+01
1.962246424230137976e+01
1.753890773752545940e+01
1.761538719678404874e+01
1.739200293255461816e+01
1.756578857915072689e+01
1.750916392249326847e+01
1.829455861957855589e+01
1.854396695440346576e+01
1.852636799777434007e+01
1.833763015083840031e+01
1.779684680649626927e+01
1.744312495704792809e+01
1.783551117693288290e+01
1.784886498210936168e+01
1.785649050947048977e+01
1.787856209337403257e+01
1.792208861066542624e+01
1.804049924310194442e+01
1.842256982452397907e+01
1.818562570701076453e+01
1.781834787151854371e+01
1.835804725192027931e+01
1.933708951900647577e+01
1.984772854401778019e+01
1.981072148254261123e+01
1.957367123126445563e+01
1.927308523560598275e+01
1.838233021379809884e+01
1.831049099012514247e+01
1.867302785472640991e+01
1.864944239560172790e+01
1.915566603038883287e+01
1.956804373887199944e+01
1.988866626496746193e+01
1.984676252146095621e+01
1.888156065683528695e+01
1.854622932553495929e+01
1.831447552492006636e+01
1.863758137479672072e+01
1.822797961850517012e+01
1.842609093949737442e+01
1.852674591330969989e+01
1.872069899548082361e+01
1.833577214037367042e+01
1.897379594382004342e+01
1.885612653157175345e+01
1.847764187754427212e+01
1.907439088197078192e+01
1.907245806566504243e+01
1.890666829634156443e+01
1.941334427386759032e+01
1.936069912885815114e+01
1.953531062625160786e+01
1.949694569285356849e+01
1.919039074507264431e+01
1.875487304531200650e+01
1.840756026808394452e+01
1.840238422516230088e+01
1.838414395846086791e+01
1.799320785936307843e+01
1.763953702174807248e+01
1.826652792541682047e+01
1.897993446454275457e+01
1.881273967583546636e+01
1.825841623107192291e+01
1.801412905994328995e+01
1.801945506285686704e+01
1.810773126546423129e+01
1.938819885355072969e+01
1.943970448499227643e+01
1.864106206641097785e+01
1.838773124029217598e+01
1.801276405127148550e+01
1.791601747524325461e+01
1.707660066316167402e+01
1.756500031204538104e+01
1.760276140915441445e+01
1.773203495900158444e+01
1.853455406320695786e+01
1.967641338836797971e+01
1.950355462801995188e+01
1.906208564651478099e+01
1.881498879671298141e+01
1.805639036520688379e+01
1.753760740653069661e+01
1.848032207595744936e+01
1.915758153221521809e+01
1.807132322805874480e+01
1.756136673830080142e+01
1.771322322237855929e+01
1.809285715938047900e+01
1.869772899477040795e+01
1.898047681558322353e+01
1.829549436273165952e+01
1.832904700854143698e+01
1.787427469825913917e+01
1.787383200741226830e+01
1.787782948971233310e+01
1.836361259042107363e+01
1.903288025963047048e+01
1.871549656490014968e+01
1.858550348522608431e+01
1.911214358699056604e+01
1.883469186797957562e+01
1.834045099943987012e+01
1.860439609933239069e+01
1.863407994948784108e+01
1.877350797569599195e+01
1.824007719934537874e+01
1.778838252739920023e+01
1.811290360893162443e+01
1.813772616855644415e+01
1.835262477350789467e+01
1.814510756080275655e+01
1.779572008381372328e+01
1.688640775378623360e+01
1.779425341461401899e+01
1.842952816266569371e+01
1.858103222789438647e+01
1.845170529921432845e+01
1.764808916503910652e+01
1.830427681663929462e+01
1.915122070088626671e+01
1.889206020334783886e+01
1.942659014499604098e+01
1.990044175811284077e+01
1.935120024827832452e+01
1.919581267561593307e+01
1.832626457217686422e+01
1.773821544173489784e+01
1.810542591243726207e+01
1.843321124517962417e+01
1.773723032297950652e+01
1.826537968290713465e+01
1.900733529517181708e+01
1.921523113479825895e+01
1.911560789498854618e+01
1.895112620285167537e+01
1.892514152055104404e+01
2.014190726908149998e+01
1.947586343367215989e+01
1.915034916692549416e+01
1.929802123411355552e+01
1.915700722731236638e+01
1.933561509172260884e+01
1.783129144502298757e+01
1.707602283090484008e+01
1.763302031959504390e+01
1.843529345026168542e+01
1.879820695380144358e+01
1.883836618119120843e+01
1.921205298818793850e+01
1.957087766731783063e+01
1.926060513920202411e+01
1.865255621960924159e+01
1.761261989439923425e+01
1.757648067786997004e+01
1.838523653676168834e+01
1.851734309745991069e+01
1.855378036534881758e+01
1.837724313992354297e+01
1.758056782250966776e+01
1.764925981167437996e+01
1.861457424879107592e+01
1.891237049589856056e+01
1.828449081645161556e+01
1.796302321203978636e+01
1.854754111229626545e+01
1.824207200813811269e+01
1.803170782723295673e+01
1.841600179060212028e+01
1.854966933764241332e+01
1.873106689564444594e+01
1.902400943947017709e+01
1.859080472044891152e+01
1.826255934695994299e+01
1.815916995765240216e+01
1.805636021363866917e+01
1.803898847866098620e+01
1.863471686647520542e+01
1.861138420401797688e+01
1.875759389395386378e+01
1.899153378554328597e+01
1.824567078048530888e+01
1.899883028229372428e+01
1.810232720836425813e+01
1.801432148452273196e+01
1.798038421180606150e+01
1.782572838797531034e+01
1.770578406691474171e+01
1.836280405795154991e+01
1.909187248705685747e+01
2.005791431590190754e+01
1.949267067861833524e+01
1.884700857800059026e+01
1.832034677047971272e+01
1.788841085873669812e+01
1.918834511261695752e+01
1.924584072094820542e+01
1.866749141063986173e+01
1.853374785576846051e+01
1.722149265709684229e+01
1.878976910080839957e+01
1.869534991069613739e+01
1.854525697796985995e+01
1.828267310657542311e+01
1.799516587298521131e+01
1.771144409565585320e+01
1.857251445137163159e+01
1.942916143310738519e+01
1.919407832541762104e+01
1.883209261099542786e+01
1.837507761086023095e+01
1.735219294799304990e+01
1.837411370051537318e+01
1.816346015037369810e+01
1.861371514112612147e+01
1.821591426249932155e+01
1.860363714734117480e+01
1.809054458456577663e+01
1.856615668644860406e+01
1.796095941313292599e+01
1.753751706771479490e+01
1.715746961947347771e+01
1.772620014822379630e+01
1.862805304494396808e+01
1.829030453949012625e+01
1.828845600793006554e+01
1.865656511117627403e+01
1.872218780756666234e+01
1.796158866635605023e+01
1.776212028782003216e+01
1.795959856351773354e+01
1.798238075759903509e+01
1.965532613183444965e+01
2.110297475847979598e+01
2.136068123946948916e+01
2.036974193703472835e+01
1.949821674988163878e+01
1.836599953073548974e+01
1.847275989055168566e+01
1.807987820267049628e+01
1.806755939730336280e+01
1.794166161518754166e+01
1.824434131747525001e+01
1.853896202266664872e+01
1.885843735518833242e+01
1.853358824689796336e+01
1.832018999840630613e+01
1.786986974940205286e+01
1.775316184614549897e+01
1.787619750923659723e+01
1.812014750678072161e+01
1.812279643153029340e+01
1.852717747924732805e+01
1.901980563935310187e+01
1.907926721691370275e+01
1.877679790004876281e+01
1.865628211380650470e+01
1.804468528431172558e+01
1.860345879394645863e+01
1.905538502160440828e+01
2.014399444232407888e+01
2.011770958716502022e+01
1.985380485799256789e+01
1.971635796435322519e+01
1.857562368920912022e+01
1.891024874331458250e+01
1.866269120767610090e+01
1.862241017092705420e+01
1.869253622996457764e+01
1.822997549050696620e+01
1.839584460156869028e+01
1.818396319146134488e+01
1.813127198400519902e+01
1.762484499608188315e+01
1.834323323493206104e+01
1.812013714493512495e+01
1.800294068988938179e+01
1.801650190306708410e+01
1.864007792394185259e+01
1.954506667280220356e+01
1.980066679148400155e+01
2.004652986865459141e+01
1.897932528004614738e+01
1.841923521882473125e+01
1.805736149402792634e+01
1.799992504208071864e+01
1.824834895656427847e+01
1.813311421701509829e+01
1.819862678778858367e+01
1.749616520170389933e+01
1.723967240360329001e+01
1.884009112401648167e+01
1.901853234793225766e+01
1.817335225551122235e+01
1.845330116274200449e+01
1.891749352849597088e+01
1.922980922417576721e+01
1.972418377485044871e+01
1.932738202662014615e+01
1.836197705201218611e+01
1.887213435418058793e+01
1.958375931687733029e+01
2.010264879913221137e+01
1.901989896552779058e+01
1.802361271576102553e+01
1.800226036260273332e+01
1.811978839966661781e+01
1.895384315815746845e+01
1.904254506579178141e+01
1.898363048893435945e+01
1.888058890941726631e+01
1.845901712542973883e+01
1.873312256237026574e+01
1.807814573509689993e+01
1.975765691870692464e+01
2.026511274716845890e+01
2.019888437131423231e+01
1.991350339498833932e+01
1.905204881423053820e+01
1.948633642995613613e+01
1.924547894930528713e+01
1.962195867945204242e+01
1.955841405905545471e+01
1.962688677090994815e+01
1.917716336589002424e+01
1.897772490478925178e+01
1.860008546703840082e+01
1.882868278105566517e+01
1.925190497912052479e+01
1.886042695249766155e+01
1.821762950262138148e+01
1.802864178441724619e+01
1.860193103932309455e+01
1.943669903447602820e+01
1.910043393743013951e+01
1.858862820475900079e+01
1.840992491029757616e+01
1.854130488415494327e+01
1.942089068014114872e+01
1.979511015964328635e+01
1.976306515176811018e+01
1.926605485241971394e+01
1.880747799623222249e+01
1.912146216064312654e+01
1.880597039485821398e+01
1.874949518247061775e+01
1.932498592681693594e+01
1.996164340994079822e+01
2.036315716850876711e+01
1.957404044782959573e+01
1.850357113701771894e+01
1.855501769729153949e+01
1.952840125003994842e+01
1.981795343470976434e+01
1.981238320710974321e+01
1.939742977353639120e+01
1.880126327811705877e+01
1.850241049984649777e+01
1.872149959300845978e+01
1.950630882443257974e+01
1.979654296492793009e+01
1.966125462427773485e+01
1.938131268079323632e+01
1.973871777380323067e+01
1.977439594026538572e+01
1.994479962352455971e+01
1.950724288820135044e+01
1.934526423113580762e+01
1.925361956455295953e+01
1.980534623645212022e+01
2.062620744507262671e+01
2.086659951576211114e+01
2.007351878237261644e+01
1.952788758571214700e+01
1.899037073276031506e+01
1.921368500226348175e+01
1.991484675999719300e+01
1.942457601323530980e+01
1.947031991236609727e+01
1.896052121203321406e+01
1.914966691134037902e+01
1.881751028542724313e+01
1.914147194326518431e+01
1.864871618852137303e+01
1.888366728450156273e+01
1.971255990905874356e+01
1.950435937164146338e+01
1.969167596996407710e+01
2.041681492314557289e+01
2.037153550298522120e+01
2.071263269564542497e+01
2.023253607927246023e+01
2.018890088888922563e+01
1.993852209684965260e+01
2.024554516351243549e+01
2.594682921666614916e+01
2.547117293048436437e+01
2.531165218363058855e+01
1.916166521006579870e+01
1.795837733722325780e+01
1.870966914763809186e+01
1.919293874858268723e+01
1.861548072211197535e+01
1.951661689298338942e+01
1.989823384838376796e+01
1.965801404079789094e+01
1.896182600730147172e+01
1.859096056733046609e+01
1.853302759365476504e+01
1.902737688688509010e+01
1.926263833808702230e+01
1.924113793468783840e+01
1.874182149541412556e+01
1.858660000244468335e+01
1.849850852264652090e+01
1.836774068149708938e+01
1.818219489504960151e+01
1.845063534177549158e+01
1.867871595929269191e+01
1.868882225142564124e+01
1.907176253578093394e+01
1.884610690824470325e+01
1.898655605013528458e+01
1.950224968539421866e+01
2.050949808825763654e+01
2.330024392965503921e+01
2.455656905236568832e+01
2.541564355095023231e+01
2.238434813616670027e+01
2.023135815677600746e+01
1.913288613147949491e+01
1.857708479950109748e+01
1.884823703598244293e+01
1.902322629003253240e+01
1.950754794505541057e+01
1.896766984692963476e+01
1.872206373167462701e+01
2.009373894154306583e+01
2.073708537817233122e+01
2.118016880306896255e+01
2.137361449164610150e+01
2.067102943370460011e+01
1.941889844622502537e+01
1.903956101545774260e+01
1.949236734124367487e+01
2.069437198501203312e+01
2.353564662724522094e+01
2.845833011295954762e+01
2.868964695431465373e+01
2.513857423648455836e+01
2.166920240739857206e+01
1.986739348057765042e+01
1.970556603893948378e+01
2.042171383981871458e+01
2.195647057614122843e+01
2.189640396928962929e+01
2.094216077787441321e+01
2.096247181798230130e+01
2.157791712101344928e+01
2.051264811004266875e+01
2.143032182537713481e+01
2.063733591916345489e+01
1.987838442023453212e+01
2.050621543960531312e+01
2.083013715752285933e+01
1.999660318777829815e+01
1.980547897947710467e+01
2.434995237529983925e+01
2.492482225947476593e+01
1.997766455261538354e+01
1.929683550167201744e+01
1.982517957414376397e+01
1.988200621680341840e+01
2.013739269114915587e+01
1.954227769169178686e+01
1.964428456002898571e+01
1.979912591064727678e+01
2.071640030969575008e+01
2.128750958350614653e+01
2.070761725529527908e+01
1.990586794506495139e+01
1.945352540181136192e+01
1.975505052133367201e+01
2.006452885499924932e+01
1.955933380697038615e+01
1.970995843969551231e+01
2.052358561674549264e+01
1.941715744420435996e+01
1.892247966169126272e+01
1.957029192210919533e+01
2.024181893961248591e+01
2.041300313020474988e+01
1.950908772602331709e+01
1.908904748926155293e+01
1.892944706363202201e+01
1.993710292519950400e+01
2.009701578453755744e+01
2.017595712814477693e+01
2.076040320164325692e+01
2.128737136601728608e+01
2.130215199600237952e+01
2.100335977865826109e+01
1.993187165317431564e+01
2.017064546739420194e+01
2.010077345778194413e+01
2.532022157400976781e+01
2.531020347728724573e+01
2.517835289242802332e+01
2.053890071310607368e+01
2.126179520024770042e+01
2.159143010436935484e+01
2.151104731687721028e+01
2.285619903531145525e+01
2.372471235908380649e+01
2.313195275801530215e+01
2.194632997492672288e+01
2.040347876522379167e+01
1.981217242789825761e+01
2.013752428320220389e+01
2.058130251379875730e+01
2.033995480026404934e+01
1.977109365663411467e+01
1.947052131948238340e+01
2.020428432913088201e+01
1.945041127955778748e+01
1.954079601563049096e+01
1.964917271587706438e+01
1.977197033673194682e+01
1.985893711479901924e+01
2.021111902661285242e+01
2.002692810272770529e+01
1.935093060312239643e+01
2.034438650217689570e+01
2.151561724928670927e+01
2.076244812279546181e+01
2.091634984071063386e+01
2.071633159613937991e+01
2.098585980860441680e+01
2.177648665268766592e+01
2.119787650280308000e+01
2.116492948095357463e+01
2.143937868525539869e+01
2.310250414150103992e+01
2.618257423446966570e+01
2.926090472437727996e+01
2.982297163043931221e+01
2.657475161503285577e+01
2.254734782906109558e+01
2.090416821190053653e+01
2.051658432214614791e+01
2.110932182043461935e+01
2.197409432322021416e+01
2.632466600814778346e+01
2.368207237014480881e+01
1.965250144077637628e+01
1.968653568719185287e+01
1.967378255300896228e+01
1.956166127692445400e+01
1.986171262752048960e+01
1.938194971123652266e+01
1.974529371095920993e+01
2.043485170723604938e+01
2.053745304188976561e+01
2.111074446744128608e+01
2.161254690091690378e+01
2.175113728414250147e+01
2.109878330059342133e+01
2.029663797557562077e+01
2.034444029750590488e+01
2.061287463419919064e+01
2.110661138898588973e+01
2.100615828102925065e+01
1.995974009873679478e+01
1.930112477156865580e+01
1.918696089066516208e+01
1.986132618023996343e+01
2.099153167119314745e+01
2.244050486812396628e+01
2.304063344512197986e+01
2.285625759037851878e+01
2.134864054814010004e+01
2.059439338024889921e+01
2.059759540797332988e+01
2.146309082935900037e+01
2.230593268208199120e+01
2.181685543062679855e+01
2.687440585091100687e+01
2.666302228642209826e+01
2.199141162048082521e+01
2.141678646832458810e+01
2.070700074109011624e+01
2.032077661176203165e+01
2.060252736503590754e+01
2.108930171462408865e+01
2.161056911116494206e+01
2.124549893354320673e+01
2.077874583807162878e+01
2.096526701753873567e+01
2.222281057431931472e+01
2.244526695064672239e+01
2.247501014766533345e+01
2.177466463099644756e+01
2.161244086602822989e+01
2.140325701681791770e+01
2.163799127924088239e+01
2.168870771367708272e+01
2.128837180505351512e+01
2.132788434697166124e+01
2.084896919909169455e+01
2.250670580136666743e+01
2.268122187508796372e+01
2.282506688653579374e+01
2.300028075325903743e+01
2.404254990580568574e+01
2.436925685613661940e+01
2.415106130880474922e+01
2.395743151283337014e+01
2.508909613583839615e+01
2.465957837957554588e+01
2.260399941388803313e+01
2.222490974305542011e+01
2.172097669360172034e+01
2.098795954075307435e+01
2.139094448557491290e+01
2.211418320940205717e+01
2.155126188319045966e+01
2.167838561078979254e+01
2.142391901778109187e+01
2.141103184773098533e+01
2.177065333920556967e+01
2.298538368418842381e+01
2.288023851600607372e+01
2.232259694284288898e+01
2.161727590856274972e+01
2.240641296391558868e+01
2.302047232497792351e+01
2.245686444587639841e+01
2.207404831723907890e+01
2.175903488492763671e+01
2.213525899742846548e+01
2.203103127817662710e+01
2.192078437097214660e+01
2.200854447282133464e+01
2.133564069435354327e+01
2.102673183347091879e+01
2.169558364272743134e+01
2.193829422442007626e+01
2.137701582314259952e+01
2.153097603469690924e+01
2.294913254085951593e+01
2.382664509402571795e+01
2.265902309873879616e+01
2.194529844231574245e+01
2.209250133609394950e+01
2.231269052245225026e+01
2.186696275631314634e+01
2.152254129127856075e+01
2.276493903700677635e+01
2.238898891239578148e+01
2.140512991648405361e+01
2.186891111365732598e+01
2.409363292804695433e+01
2.179738825456663776e+01
2.324912361800577187e+01
2.264285626100750903e+01
2.133020745535617380e+01
2.152256432882720816e+01
2.137592287765068377e+01
2.177947271111409933e+01
2.259472419769166862e+01
2.221363743924464984e+01
2.200092504183568920e+01
2.252364659276431169e+01
2.252958328195951054e+01
2.350965446267061409e+01
2.485886846189793431e+01
2.644422155428611632e+01
2.688129539934275058e+01
2.528146834789252040e+01
2.275673515322669260e+01
2.159200737075339305e+01
2.209615976046225683e+01
2.119481276958456917e+01
2.114768551000156904e+01
2.139487487279437161e+01
2.196575968530295953e+01
2.246017272129348896e+01
2.241200308832235777e+01
2.239282432849384818e+01
2.451481065995856312e+01
2.509315847443319214e+01
2.586916009171470066e+01
2.620612545469246157e+01
2.494367605883623540e+01
2.392973444995629606e+01
2.267405907707814805e+01
2.304426500886161122e+01
2.392050998287179553e+01
2.438662515430301880e+01
2.394378871085492477e+01
2.264131278944134706e+01
2.361261722212451986e+01
2.456411130478776528e+01
2.404746958711820426e+01
2.393397190684681419e+01
2.476246264500410277e+01
2.420106920454346877e+01
2.457187474876262456e+01
2.569989153038144991e+01
2.655692863995881936e+01
2.540687352735188043e+01
2.527410000965709713e+01
2.577654340947006517e+01
2.536173917523429822e+01
2.551802446584467887e+01
2.313689208836823497e+01
2.374073844717010573e+01
2.398037249340805488e+01
2.486686171215787411e+01
2.536799375409027846e+01
2.623192179943981373e+01
2.682388141579423291e+01
3.191804371572193588e+01
2.899511134416393077e+01
2.430939963029504369e+01
2.456925742973327687e+01
2.585976019655092628e+01
2.682841648581909766e+01
2.645738824866597838e+01
2.401898489260464231e+01
2.424707125843716682e+01
2.445763249788420168e+01
2.547269490120195456e+01
2.629441909279121248e+01
2.625904360621820288e+01
2.549743675557256495e+01
2.512418512856339348e+01
2.486457505038848126e+01
2.439629846578196393e+01
2.482092412673823034e+01
2.454276011086216158e+01
2.424843712883503244e+01
2.492708643669742585e+01
2.486074854399254264e+01
2.434398882132774489e+01
2.451957080612463713e+01
2.480978470832665295e+01
2.567376685521286461e+01
2.600750046060238674e+01
2.569837034041059454e+01
2.531419839215020673e+01
2.422287355840319023e+01
2.404758713714737439e+01
2.365839746415329259e+01
2.409316902207315181e+01
2.405241500439852587e+01
2.324154716096427720e+01
2.279390819731250417e+01
2.283441653048136644e+01
2.262576124234105990e+01
2.274766609610342272e+01
2.370368492867789456e+01
2.389635733531770612e+01
2.492241004028119988e+01
2.852848090420224025e+01
3.908420791579299447e+01
4.786451905389643713e+01
3.887527951689082784e+01
2.889560869249270425e+01
3.239350567754795662e+01
4.197464859622688493e+01
4.008241379272583771e+01
2.862348262399503795e+01
2.357590409156800249e+01
2.227022280673669385e+01
2.178686313509528105e+01
2.172187130440307357e+01
2.315464427334433850e+01
2.326199130049421626e+01
2.161545449183893552e+01
2.163047259707487413e+01
2.156034864924831496e+01
2.165977717612672393e+01
2.269960225089326045e+01
2.326361580490537762e+01
2.297736026450401781e+01
2.152740781358535216e+01
2.104753721332064487e+01
2.138319803690073684e+01
2.182540941163169990e+01
2.109954668863186811e+01
2.109435811622564216e+01
2.139199042454403710e+01
2.139472106661795081e+01
2.118021195189522388e+01
2.139981823449717524e+01
2.262660371677426241e+01
2.470016101832897348e+01
2.379880768895585064e+01
2.158348903985809386e+01
2.082686870296693726e+01
2.130388506326372422e+01
2.110912284617087664e+01
2.076747427583465466e+01
2.055721412292839645e+01
2.047884816126327934e+01
2.071262874777162111e+01
2.051451123575080970e+01
2.018473494389415634e+01
2.033528875321306728e+01
2.031060811104289954e+01
2.080532020212394784e+01
2.143862010078205671e+01
2.157498632185788878e+01
2.072910318097022397e+01
1.984946411682252432e+01
1.981596995494057722e+01
2.020663978953524875e+01
2.086999855852215902e+01
2.061865431193376352e+01
2.058546059081143298e+01
2.006734522889416894e+01
2.062641223398797052e+01
2.127337500646890334e+01
2.123028553168215637e+01
2.130694869331974317e+01
2.070478077663440786e+01
2.095365199294141689e+01
2.079697901203907051e+01
2.014229889385964256e+01
2.041661751005645087e+01
2.017998582086840642e+01
1.982781222528626941e+01
1.988948849182925471e+01
1.964165317762906682e+01
1.954955729138946552e+01
2.021186313641080901e+01
2.025660128391787040e+01
2.035862617623805448e+01
1.964769943060220214e+01
1.905389541284395705e+01
1.958313335872518124e+01
1.959893848606161981e+01
2.006442718651283386e+01
2.023012406144946951e+01
2.037091230616903559e+01
2.004746366307666250e+01
1.933365964034211615e+01
1.925310040568146519e+01
2.027888166990585717e+01
2.030452353388625397e+01
1.919314472452528619e+01
1.925770522843655286e+01
1.951622548809648805e+01
1.966120916940849384e+01
1.942025906447104333e+01
1.975800231092278025e+01
1.935929888311271441e+01
1.934991943853328777e+01
1.951735839497658986e+01
1.974777029094042291e+01
1.991500805076655212e+01
1.946398892008012993e+01
1.915299901877170896e+01
1.962922849420261073e+01
1.907498377739018736e+01
1.887674140831859049e+01
1.885995858920701806e+01
1.912837168625366857e+01
1.875614148014356175e+01
1.931268399813293613e+01
1.921284760763712285e+01
1.886533156556042812e+01
1.928088110962315582e+01
1.998450357257327070e+01
2.012718068828844764e+01
1.995375724698301667e+01
1.893183087298066525e+01
1.876291381564670857e+01
1.893442860648634962e+01
1.914325066790037511e+01
1.946673596948414797e+01
1.945138800165080184e+01
1.975308091762783036e+01
1.943397466138887353e+01
1.927547042142701272e+01
1.956332849015819164e+01
1.929384075553190669e+01
1.908342026192124408e+01
1.920161385858053649e+01
1.914235168903417161e+01
1.847036864424842051e+01
1.875209003461846180e+01
1.913123122655114372e+01
1.862938217332441937e+01
1.898351634893215945e+01
1.868606934985727364e+01
1.855518646720155473e+01
1.827566822631227694e+01
1.830626250513643782e+01
1.844851517359449034e+01
1.861187271202968674e+01
1.871910307093333969e+01
1.848230480574995482e+01
1.855218947814242014e+01
1.850200227714173096e+01
1.817143533299558200e+01
1.832301569873083125e+01
1.821560292676087656e+01
1.822887258245134490e+01
1.799583537056377835e+01
2.022865477787805588e+01
2.186567828729240404e+01
1.993919557683304333e+01
1.966787358046756040e+01
1.860159729620574254e+01
1.786141674821960024e+01
1.790707770221690609e+01
1.882694819941087516e+01
1.937378850774732086e+01
1.852612763651580607e+01
1.818401435254117970e+01
1.791428265434446843e+01
1.736941564504341429e+01
1.766500122474492684e+01
1.800941357659194608e+01
1.763959684622016511e+01
1.766367155385570342e+01
1.796729625750869985e+01
1.766190766769629761e+01
1.732551232029454269e+01
1.740240919100207151e+01
1.720623703367621005e+01
1.813035429814799926e+01
1.774571942467843400e+01
1.741315166554195315e+01
1.705168879834364049e+01
1.714643427197247050e+01
1.727200592063911699e+01
1.725555206387055307e+01
1.754179761373426771e+01
1.779446071258020012e+01
1.778654948923668044e+01
1.803910194201220207e+01
1.847873023278102877e+01
1.851613035785686634e+01
1.788093129518303925e+01
1.784955001658617135e+01
1.826236357607163185e+01
1.958041610784539444e+01
1.946577721845456566e+01
1.849238133374295856e+01
1.803822596975963322e+01
1.856101989300960398e+01
1.879149285537307179e+01
1.922995797079866520e+01
1.975285398320400532e+01
1.920531637268532421e+01
1.890362242718216024e+01
1.873429415220978811e+01
1.856328257493655443e+01
1.922817568424327561e+01
1.942322569566152168e+01
1.887949756690227332e+01
1.913329794251149352e+01
1.834863637745200649e+01
1.854234587195221451e+01
1.909042476848843251e+01
1.995340104688406768e+01
2.013826662913597332e+01
1.926439335336480241e+01
1.875300419579023981e+01
1.921509814838680441e+01
1.968288591447292291e+01
1.927075430203976936e+01
1.911133202441057577e+01
1.950139709287613599e+01
1.936967668679343646e+01
1.951067274781497929e+01
1.976466457124871923e+01
2.026987949626345298e+01
1.988484935060069247e+01
1.958033754275788851e+01
1.983193009047325361e+01
2.025076375750486335e+01
1.985752281007390962e+01
1.917428778623935415e+01
1.905062882228681787e+01
1.865167689253019034e+01
1.904070853365156424e+01
1.947466081075388900e+01
2.040703549676889139e+01
2.070553855364002160e+01
2.082738817348354132e+01
2.035497269646210938e+01
2.023386162276850797e+01
1.955705317899711559e+01
1.958343135538539670e+01
1.921513510021972593e+01
1.873854157559341971e+01
1.841092304378720712e+01
1.809929030563449004e+01
1.817803341994174104e+01
1.956746881967174900e+01
1.989700668526628746e+01
1.939312957648085600e+01
1.869668985518553939e+01
1.790861898125515594e+01
1.863211829431165967e+01
1.839030699116725032e+01
1.851168411390055724e+01
1.870718165036992175e+01
1.979763939757993541e+01
2.190500186945256900e+01
2.311783909908317725e+01
2.198459089271525002e+01
2.045789721850521659e+01
1.982436562206014941e+01
1.952030851127415190e+01
1.902537832324318146e+01
1.825221879323839147e+01
1.812479875696383758e+01
1.828383597748200629e+01
1.821760523384778452e+01
1.789003331044890999e+01
1.747221137900884358e+01
1.735840634707123442e+01
1.937354879070703007e+01
2.266653674505215932e+01
2.391517970754000544e+01
2.166785688980315072e+01
1.900778067087828660e+01
1.795157055112882460e+01
1.830002574605847698e+01
1.891450771916454698e+01
1.943583444003674643e+01
1.851389739019153780e+01
1.790063808047004557e+01
1.707300147907019294e+01
1.697903798836379252e+01
1.749452157420656206e+01
1.768872901647822360e+01
1.754759703897048695e+01
1.696005960763104881e+01
1.715569931759504740e+01
1.708301502263908844e+01
1.680612130275988036e+01
1.691384134845175780e+01
1.750033302441848093e+01
1.873731243908474298e+01
1.878957526033568115e+01
1.782413671281251766e+01
1.647274396601569180e+01
1.652440041711889407e+01
1.674867238694151084e+01
1.839925253237785441e+01
2.194606691286364253e+01
4.016249818718380027e+01
8.565284074045783314e+01
9.512635761411530666e+01
3.402050042008993103e+01
2.167991035680791967e+01
1.929323866533908927e+01
2.021764403252301534e+01
1.985906367639482895e+01
1.734306281643076986e+01
1.606612964562798851e+01
1.642729759805500223e+01
1.672300102329610993e+01
1.678308269546981890e+01
1.584409291736191960e+01
1.638725020563696688e+01
1.701965919027613694e+01
1.704788987496029051e+01
1.737662460868234504e+01
1.690856804360517529e+01
1.673985426514132158e+01
1.747097418026954330e+01
1.890216216358979651e+01
1.940594652939881470e+01
1.877289594313752374e+01
1.747134711243756655e+01
1.658588607441625840e+01
1.624124566246080903e+01
1.737481735085089696e+01
1.703869351227568885e+01
1.688293348521789738e+01
1.642255541094658255e+01
1.738957682948680983e+01
1.859310780172942401e+01
1.875806195737585114e+01
1.772531049238111223e+01
1.718149863175575831e+01
1.691225018933919699e+01
1.709416285578377170e+01
1.746895182363560650e+01
1.841073626922698381e+01
1.951292533503149684e+01
1.794518142820724549e+01
1.761025651994384589e+01
2.043273836640263497e+01
2.938295547192939239e+01
4.160688560409011671e+01
3.802574279430034210e+01
2.038985939729543517e+01
1.816082547148183579e+01
1.764673556489618278e+01
1.735810785305116966e+01
1.729793956727809956e+01
1.747888311254221705e+01
1.764391867549134574e+01
1.756972821301846466e+01
1.743615741440695999e+01
1.739278222012732655e+01
1.708518758295896234e+01
1.669221038999149798e+01
1.738815938666196814e+01
1.748790622308785458e+01
1.758548332770844880e+01
1.731357301982044206e+01
1.755387373759166181e+01
1.779750153659105294e+01
1.792186669329915105e+01
1.705280935865392777e+01
1.679645392352794886e+01
1.693609698390562812e+01
1.782213217896504887e+01
1.795723866726706675e+01
1.730536487890604747e+01
1.686465669766334585e+01
1.689631168646592485e+01
1.701542382274797660e+01
1.682564644572824619e+01
1.719149148860963194e+01
1.691399819216969291e+01
1.738640611994082974e+01
1.758897909122811853e+01
1.711552133172321888e+01
1.693613645097596532e+01
1.731483094257483657e+01
1.740001604727156703e+01
1.704949310981680810e+01
1.722290277873015540e+01
1.786835793072514633e+01
1.781028393385128439e+01
1.753738723091532137e+01
1.746945732453243139e+01
1.745776379798437006e+01
2.105903035698655046e+01
2.091914244088430053e+01
2.178407018491577674e+01
1.799505363851869433e+01
1.760426307321026940e+01
1.707322463324084083e+01
1.763964861332874179e+01
1.656986710308903810e+01
1.635104673768892525e+01
1.668615759478590377e+01
1.686464642219299748e+01
1.794227241620626856e+01
1.864298939690544543e+01
1.834498231754790254e+01
1.776063711222701258e+01
1.732986620227351082e+01
1.711236436022245755e+01
1.741229300489330356e+01
1.749989256831242201e+01
1.678004137470500012e+01
1.666160622958082982e+01
1.721072981643820654e+01
1.844022938752458884e+01
1.873434989174642951e+01
1.810493821315413854e+01
1.829895916142236700e+01
1.952362464385994301e+01
1.920058146686907463e+01
1.750370886977717788e+01
1.692800562983827461e+01
1.768813511905913316e+01
1.833709344160478238e+01
1.805470015944183615e+01
1.735934531785001056e+01
1.715477581528906725e+01
1.706208243667965618e+01
1.738951398838999651e+01
1.768845595488842548e+01
1.743474081451763524e+01
1.744355357810317386e+01
1.825162539520583138e+01
1.819877542098254963e+01
1.736933362364597855e+01
1.756726311853639544e+01
1.943193174641783116e+01
2.102769292261010037e+01
2.021054913518215912e+01
1.867222644125628861e+01
1.954915738121988866e+01
1.987924956735747273e+01
1.918992901106490478e+01
1.808113337124704501e+01
1.766186559930293853e+01
1.796322407413583022e+01
1.856360316256073162e+01
1.875970105967511969e+01
1.822044183592046807e+01
1.727051298057076778e+01
1.753363012570862978e+01
1.874881742937456863e+01
1.909895273639089908e+01
1.902404862709299493e+01
1.868442189020826660e+01
1.888845387169899226e+01
1.897517498172981121e+01
1.778121018071170667e+01
1.828007527165337365e+01
2.006986531994497724e+01
2.124513602083602137e+01
2.008682330337460087e+01
1.842518560676120387e+01
1.796847113308480814e+01
1.801592422550589845e+01
1.826398085683978323e+01
1.839836334870138046e+01
1.853263731339907494e+01
1.828402819915978483e+01
1.748316315776825647e+01
1.779043654705501964e+01
1.791021437606499234e+01
1.835725109039729119e+01
2.011591016604794291e+01
2.082457778319670894e+01
1.891308102107389999e+01
1.796197966893993581e+01
1.763194421336780593e+01
1.697962310897302274e+01
1.700290091045082264e+01
1.788777096373540587e+01
1.786785502597290076e+01
1.726558338115479074e+01
1.742817201304286456e+01
1.720537291858204654e+01
1.724425779045343177e+01
1.725620773302759758e+01
1.722673305295229440e+01
1.753583013665052803e+01
1.801497005527850703e+01
1.840497252129491912e+01
1.775449210548671530e+01
1.736715008304012997e+01
1.711125095748143821e+01
1.703170189430858272e+01
1.767748017085079582e+01
1.796167822841155015e+01
1.853818560935316739e+01
1.830823051021826231e+01
1.744563644542871117e+01
1.707295794094150310e+01
1.675323542789198328e+01
1.694500166259458496e+01
1.714520581195609594e+01
1.646571535642736350e+01
1.644065084460112303e+01
1.610427605290714936e+01
1.629436791015332631e+01
1.663493649012802678e+01
1.720889970310669526e+01
1.767993268890685954e+01
1.718329345741931036e+01
1.693312786069180120e+01
1.704672064808140064e+01
1.778590293307064130e+01
1.854993296204683517e+01
1.841541958757244757e+01
1.740592437636190937e+01
1.684155953604916789e+01
1.720429303387440001e+01
1.744401292888529298e+01
1.703091504837503578e+01
1.670418863915262264e+01
1.650127026556170762e+01
1.671804779671340313e+01
1.644118210123200186e+01
1.691657498092205358e+01
1.705010199374642710e+01
1.697609946214983978e+01
1.667383298221957943e+01
1.688254429566648440e+01
1.634077496092528037e+01
1.701999232572165255e+01
1.725938062194304479e+01
1.690017013980385840e+01
1.657424095211532489e+01
1.711735969212758945e+01
1.738593107162890661e+01
1.740170874954549873e+01
1.728935778211151941e+01
1.656552652413321525e+01
1.621314651520889427e+01
1.657630169910726181e+01
1.673916406573255600e+01
1.664226909932019893e+01
1.673005235046239747e+01
1.698383081058902633e+01
1.685616545815446088e+01
1.647308659416487941e+01
1.626576912106879291e+01
1.705124535514687523e+01
1.695525549826993839e+01
1.646085568405576538e+01
1.639364630863416750e+01
1.668517005356389404e+01
1.692428814067634590e+01
1.747294487299438615e+01
1.759593018355860039e+01
1.724071143576922083e+01
1.659306749569255146e+01
1.672534753023314025e+01
1.759305626127783384e+01
1.724433210748250289e+01
1.707444539983240617e+01
1.738277729686350881e+01
1.766831078988963455e+01
1.738055987248424827e+01
1.759627954521250004e+01
1.734974444479945532e+01
1.722483320343572188e+01
1.738194907619806884e+01
1.717725508155045588e+01
1.708531787057475171e+01
1.724011143899527454e+01
1.722693199044327628e+01
1.738953032992983339e+01
1.735573314567429293e+01
1.699410329273754527e+01
1.752363203247791290e+01
1.796384943251882049e+01
1.816661657172404887e+01
1.755511547531401462e+01
1.700685704541139387e+01
1.714132448808201659e+01
1.751182702028237514e+01
1.797831815806302203e+01
1.764669712326280049e+01
1.805667818509062172e+01
1.774631640350283490e+01
1.799737236334521739e+01
1.763962519506086224e+01
1.750260413123440273e+01
1.771176093770009885e+01
1.779062733235233296e+01
1.785631297372588122e+01
1.740436819510620836e+01
1.711455631064112382e+01
1.712907052326395174e+01
1.700780460283647955e+01
1.720536360014111565e+01
1.758766060107388896e+01
1.788968946553966788e+01
1.771926243347778751e+01
1.741294599843046598e+01
1.712646180422031250e+01
1.752117933027724916e+01
1.721769083024592462e+01
1.726499817760000965e+01
1.789272994660114691e+01
1.823661810119022064e+01
1.791696083075211376e+01
1.749041773430671043e+01
1.713289620327165963e+01
1.832427808106601930e+01
1.943053395844894027e+01
2.317527629085875063e+01
2.420438786940379217e+01
2.385221309337271123e+01
2.354803597681860694e+01
2.212380928511492684e+01
1.921103271660699008e+01
1.796393816439957902e+01
1.806169857879735474e+01
1.890801679027792659e+01
1.915292822589991673e+01
1.848648314266178971e+01
1.796212351593208467e+01
1.762630551033112170e+01
1.826976813345354955e+01
1.903644400070290033e+01
1.863189890218171030e+01
1.834593313836254680e+01
1.766138543628621704e+01
1.729935232698274916e+01
1.758925764435441508e+01
1.804258204456169423e+01
2.001705272591549090e+01
2.609567080065004419e+01
2.883570712242154244e+01
2.517225150408070178e+01
2.231964091203794354e+01
2.394500649544932713e+01
2.294715249340813656e+01
2.103957021201117428e+01
2.045366606689494660e+01
2.021069463522845311e+01
2.033947834509855568e+01
1.959852319756518213e+01
1.922724581533419297e+01
1.895980355558823760e+01
1.897250708540048691e+01
1.964773424897431298e+01
1.955522734323977474e+01
2.141496365290021586e+01
2.057747496833663803e+01
1.897846669787678664e+01
1.910509189189366808e+01
1.995970301580360484e+01
1.868099396499582099e+01
1.789686980455730847e+01
1.919371086980127927e+01
2.000317387737782227e+01
1.911412374625711053e+01
1.950416749776850978e+01
1.994043272313382431e+01
1.960316385174836640e+01
1.934374872976693993e+01
2.061320872780950353e+01
2.253669927841415088e+01
2.126328817713229213e+01
1.864965396106002160e+01
1.774929226072481825e+01
1.828812982169035806e+01
1.964904036635596540e+01
2.267672788162754216e+01
2.547505320190125389e+01
2.327726244836285474e+01
1.881805035163969109e+01
1.766446439357141074e+01
1.831954061112467969e+01
1.808313291932813982e+01
1.677042231138545603e+01
1.770371035473781163e+01
1.795747126011545447e+01
1.901365272001858386e+01
2.007143855687699840e+01
2.064536201152598949e+01
1.822518961106603541e+01
1.756615312466971091e+01
1.772774930367594237e+01
2.423479284676471579e+01
2.839446854919900787e+01
2.552318475344009485e+01
1.931642941353032583e+01
1.852223949289575344e+01
1.816597312516285001e+01
1.817757515690154335e+01
1.776098859549501796e+01
1.779482453933486141e+01
1.790214263693706087e+01
1.751487297414050559e+01
1.761608001934634160e+01
1.781899608997521511e+01
1.865435008454097954e+01
1.944389551455269682e+01
1.882346465390758894e+01
1.798026709017015179e+01
1.791165309027927677e+01
1.892640847440077678e+01
2.091014470747142084e+01
2.148251588867784534e+01
1.904729466192790355e+01
1.739687191663490751e+01
1.742358356187392943e+01
1.787335579239357131e+01
1.834210785474940408e+01
1.775987945259732825e+01
1.683425927851018855e+01
1.758168898864460772e+01
1.798094718211509502e+01
1.794418567692388322e+01
1.720654647049533281e+01
1.800577089466938219e+01
1.845477403759411672e+01
1.854405188773634094e+01
1.846383812845573757e+01
1.810085066698120571e+01
1.721391399321633031e+01
1.887045457628514455e+01
1.827492081089174647e+01
1.939752587300257858e+01
1.881066402896055934e+01
1.694998429068085599e+01
1.773354220013600724e+01
1.830580460363781015e+01
1.820645602739257640e+01
1.693024001315808746e+01
1.756808794245707972e+01
1.829818530638904761e+01
1.782687817289362187e+01
1.854404739336510843e+01
1.866481162466419974e+01
1.814361179753272424e+01
1.816490523849338956e+01
1.815149479335248728e+01
1.773436490369307350e+01
1.781092375794169769e+01
1.828488762654209054e+01
1.909984987761411190e+01
1.909420379862283212e+01
1.916691391579884041e+01
1.988032723369416033e+01
2.009197072885042346e+01
1.952536480063685431e+01
1.876048323823576425e+01
1.864112355002803412e+01
1.904071897818490555e+01
1.853984333513892935e+01
1.781504959796504650e+01
2.124778147686491891e+01
2.114903350054614606e+01
1.732596468759471975e+01
1.747102684817118856e+01
1.777198182848895769e+01
1.755436160627700914e+01
1.793149771365729350e+01
1.798808536281073245e+01
1.763081378719256520e+01
1.791015168251202994e+01
1.805019431951748032e+01
1.766258207121334323e+01
1.748617401587557296e+01
1.797889302430274938e+01
1.822747325149981990e+01
2.295203646799592789e+01
2.229151494056542759e+01
2.252303644904890589e+01
1.891242456965336416e+01
1.812010700833527821e+01
2.255993146605765176e+01
2.126970744752283693e+01
2.121840957131043481e+01
1.752723759439220075e+01
1.704981051098350164e+01
1.715707558721999604e+01
1.708380820782333132e+01
1.695941436248032375e+01
1.682235722469219041e+01
1.655184134074006153e+01
1.706921217001838542e+01
1.737720245043303890e+01
1.770553882920836841e+01
1.739154275550566808e+01
1.724662707180090848e+01
1.763912692887970479e+01
1.796447901210606446e+01
1.702496657845761163e+01
1.727919373703925743e+01
1.708721392117145044e+01
1.751033632401275852e+01
1.842562344364451121e+01
1.799470887527744623e+01
1.719099378090582420e+01
1.744515036395497987e+01
1.821764852631722320e+01
1.791876259837367868e+01
1.696608950237718361e+01
1.685977168625787570e+01
1.704318935048863537e+01
1.755280000764681247e+01
1.766753687389902439e+01
1.794489132973456691e+01
1.818408699880270873e+01
1.837860374262927721e+01
1.815803238927423990e+01
1.778779381021972128e+01
1.708120630188220446e+01
1.731274946860653330e+01
1.773386834673287993e+01
1.818999836958359850e+01
1.820247769481881051e+01
1.778460399843177697e+01
1.745815331009275084e+01
1.753196695788272663e+01
1.789270570335969168e+01
1.871427710829066271e+01
1.936167787948577157e+01
1.794793856059473924e+01
1.768663121662541826e+01
1.778608762722853953e+01
1.887550156575610316e+01
1.918740146487638754e+01
1.816747137838957116e+01
1.791688880535129869e+01
1.813852972712768263e+01
1.788926170408274885e+01
1.847002998373910287e+01
1.834090807778416021e+01
1.854903054500265114e+01
1.819772268909117230e+01
1.846838114896695160e+01
2.306103123796768273e+01
2.263557197757553041e+01
1.786565347121049996e+01
1.819107143371914859e+01
1.870657662156560619e+01
1.901265001005230459e+01
1.979883608664369987e+01
1.990512017547868950e+01
1.998139758154669821e+01
1.900407242824052290e+01
1.815880170091493895e+01
1.746743575374254931e+01
1.750962718885003611e+01
1.792063042221267111e+01
1.818040201437627701e+01
1.817223697625408718e+01
1.849862027976804058e+01
1.894800846853035026e+01
1.863925337854093200e+01
1.869134993822147095e+01
1.904539214626250043e+01
1.959016687014588953e+01
2.025626871737894419e+01
2.035896375349485510e+01
2.045566402819466845e+01
2.071644807024158297e+01
2.201992239778864757e+01
2.594116748782818505e+01
3.206358815144028540e+01
3.465406753562999143e+01
3.530236016850715686e+01
3.794647285357392263e+01
3.515921896977161509e+01
2.450873797906977813e+01
2.054221347835192191e+01
2.209537395199366472e+01
2.393709264710917850e+01
2.347913663300239051e+01
2.243343263336245386e+01
2.085696409149169384e+01
1.969661661452870050e+01
1.946515802807179440e+01
2.016850954527773965e+01
2.103468372695126121e+01
2.105315169977284384e+01
2.095558327121041131e+01
2.093033504884016693e+01
2.142838181767732664e+01
2.466292634406503481e+01
3.587301043003552792e+01
5.370639174994522591e+01
4.126631148974298924e+01
2.556113009030925554e+01
2.267571333094551633e+01
2.682166442620584235e+01
3.109132078065898241e+01
2.694444947325276374e+01
2.325130095020914922e+01
2.259600276211955716e+01
2.210440226745620862e+01
2.267207961383871151e+01
2.414728039355230038e+01
2.443269654494166687e+01
2.240877477902164117e+01
2.125047205536025885e+01
2.323866706032482554e+01
2.537113724288379402e+01
2.520530744370583065e+01
2.287456219780921174e+01
2.212588998076523339e+01
2.298431081986279167e+01
2.279823066183886127e+01
2.677649700494819029e+01
3.980337189470689907e+01
4.705299468375238803e+01
3.649118441325626350e+01
2.986340702429331628e+01
2.511703421906573652e+01
2.262576489811728919e+01
2.275896007393942710e+01
2.611374311839252726e+01
3.118235135044165673e+01
3.249484019424189540e+01
3.194684886824327918e+01
3.750909770093746687e+01
4.819013265569464011e+01
5.056413864653660539e+01
4.966671087175373600e+01
5.429247544805519254e+01
5.045832884515031225e+01
3.048914905988336344e+01
2.418403154104541031e+01
2.322761298042613731e+01
2.272186314953164654e+01
2.204132226876437528e+01
2.228653002513456016e+01
2.329831715886188803e+01
2.690968778379081172e+01
3.471240824974071160e+01
4.134791285111513304e+01
3.726828374839305269e+01
2.941336882149085952e+01
2.484343512896883155e+01
2.502438163953316064e+01
3.337605232650262366e+01
4.570581010951516987e+01
3.676174373836998654e+01
2.319946787212338890e+01
2.072946395296458277e+01
2.179925630321823959e+01
2.124753929377815709e+01
2.076009595887677506e+01
2.074918350813781842e+01
2.133001340699251358e+01
2.161087478790273408e+01
2.110950065604194492e+01
2.100872947542087488e+01
2.358272056408832995e+01
2.787564869094607900e+01
2.819541596286893892e+01
2.324514115285285243e+01
2.082643764560009814e+01
2.122947895414312924e+01
2.653968521003356429e+01
3.219046367900400440e+01
3.250857708658580236e+01
2.328580808783041434e+01
2.081253282615264411e+01
1.994103843733044457e+01
2.076771905695701292e+01
2.059115587300531303e+01
1.992804813555156684e+01
1.996756339873117270e+01
2.053072374288298718e+01
1.998672131112303063e+01
1.938533163487254285e+01
1.919100277154263878e+01
1.918513366062859404e+01
1.944615991805711275e+01
1.962262980044752325e+01
2.085869679261503862e+01
2.211624056265371863e+01
2.078864855369141651e+01
2.036402370305659204e+01
2.115247333241463679e+01
2.445720887820485956e+01
2.470682002393376564e+01
2.142430624357003310e+01
1.903876373308017023e+01
1.867564668598623001e+01
1.912488281407011570e+01
1.908512223168903432e+01
1.875337745893914132e+01
1.818593403792590735e+01
1.903584275278267413e+01
1.950262387422528221e+01
1.943094285494298745e+01
2.015428251739444576e+01
2.120981068746915099e+01
2.081531180606420861e+01
1.956944937070214863e+01
2.024120690480370754e+01
2.206986987518877896e+01
2.109608368213306306e+01
2.073116341815758190e+01
2.340039531395384742e+01
2.344280005375597398e+01
2.083561244570191917e+01
1.994669055833691118e+01
2.218014074869221020e+01
2.284447360230477742e+01
2.295350603767530728e+01
2.401883112586700619e+01
2.316164473242288580e+01
2.087697707332862151e+01
1.968699013616106797e+01
1.976574977848298431e+01
2.081577208590280748e+01
2.154170765671424093e+01
2.023642146113055773e+01
1.913777888577614306e+01
1.947269391566268482e+01
2.048597620060939306e+01
2.078775393628360391e+01
2.153307338186656139e+01
2.372767026961513892e+01
2.507301033046228511e+01
2.423562201324806153e+01
2.176627740324149229e+01
2.030314499994796051e+01
2.031034739972592718e+01
2.063247738115008545e+01
2.090293612725483996e+01
2.100312445240198400e+01
2.747412788763846692e+01
3.543362084993799499e+01
3.474694538421881163e+01
2.624035649214544108e+01
2.320981439086726894e+01
2.295253406524194872e+01
2.253527904907677382e+01
1.936729380139045986e+01
1.940482412474289831e+01
1.958053240770091108e+01
1.996219896514188719e+01
2.068768186760032535e+01
1.954901084391065069e+01
1.876008401880692844e+01
1.859695114846104147e+01
1.944405769382296612e+01
1.993006375543602360e+01
1.939711385153110257e+01
2.001008045094294374e+01
2.067149757864381954e+01
2.227402187581499504e+01
2.364789672413635913e+01
2.171333675466053847e+01
1.948011505481752437e+01
1.984099639188590913e+01
2.045296225160925019e+01
2.068633511728215169e+01
2.169069505185207447e+01
2.771913133212022018e+01
3.474160696854236363e+01
3.002964001193684496e+01
2.380765345295623803e+01
2.072315206492516282e+01
2.428782378578098289e+01
2.459369781801250454e+01
2.512823126478503966e+01
2.236735972135645412e+01
2.533606063696172583e+01
2.290757736804981093e+01
2.023530304681994707e+01
1.955206260405686436e+01
2.191186293075671188e+01
2.843811505780823623e+01
4.188472634547693474e+01
5.902105303939584502e+01
5.852782439092869282e+01
5.279356262232068531e+01
5.320833292074856047e+01
5.195728342106789199e+01
4.927594636611780743e+01
4.219525555925157789e+01
3.963277205673442438e+01
3.426786171577958839e+01
3.045152430586032466e+01
2.897226794165402808e+01
2.679860100760001274e+01
2.641315671589919489e+01
2.764766215221559165e+01
3.033194709696182656e+01
3.143845376123840296e+01
3.610893947355976508e+01
4.118521928620735650e+01
3.775777994096878842e+01
3.263169513441616942e+01
3.095359255949583144e+01
2.975363426202627082e+01
2.801077194201266352e+01
2.816185100903147642e+01
2.761076473627062455e+01
2.702462441367465473e+01
2.627844837830174995e+01
2.600970644733499526e+01
2.496418842789011450e+01
2.425043893265916495e+01
2.440318992570947998e+01
2.523518154711079475e+01
2.544809374856440343e+01
2.293164657725538191e+01
2.346308825712808854e+01
2.522191456854241665e+01
2.619675599853956882e+01
2.478049413281474145e+01
2.421035400354022471e+01
2.241846623285248441e+01
2.156368486612210944e+01
2.158437121119090563e+01
2.108740321758158132e+01
2.160849054729812835e+01
2.084915244782019883e+01
2.102184560079622955e+01
2.177660422189759615e+01
2.183281381170720081e+01
2.216033666414399050e+01
2.236194298530420710e+01
2.217952976711110580e+01
2.242661489323354118e+01
2.222044097588528189e+01
2.256316704582274113e+01
2.224840965064001708e+01
2.215915193715900244e+01
2.236547169038153982e+01
2.344570901787572836e+01
2.425319354640947012e+01
2.292746251624796372e+01
2.171884499123688173e+01
2.114717443844321920e+01
2.161639883029467413e+01
2.499909713343414808e+01
3.672758702561076660e+01
5.111439162830996707e+01
4.818965850556751462e+01
4.885285285062551708e+01
4.006970025218228670e+01
2.599727674228811836e+01
2.413699528780213299e+01
2.813453707326629427e+01
2.810583247271386043e+01
2.704325845339640466e+01
2.261291712023625067e+01
2.256384027752685029e+01
2.285608849068740511e+01
2.341541389385650973e+01
2.423606949219527351e+01
2.287101616445118069e+01
2.240276944409052717e+01
2.232480975293643155e+01
2.155068783749051065e+01
2.177415264541401996e+01
2.525352685193833935e+01
4.169655081057339885e+01
7.374661725395593237e+01
5.069331146719954972e+01
2.871806049809315198e+01
2.390314918765563235e+01
2.752198348743138467e+01
3.487392178309677604e+01
3.462788777037386012e+01
2.555260632595314263e+01
2.296639866017228826e+01
2.326154646086672528e+01
2.413046477076044738e+01
2.470757102367078062e+01
2.762250217222023352e+01
3.009348726261732310e+01
2.983156133187911507e+01
2.467281709149534308e+01
2.978240028364591296e+01
3.373354274773274852e+01
2.878432755814495891e+01
2.450665827938316710e+01
2.444731340638037409e+01
2.480978179981297060e+01
2.463727488745637118e+01
3.002527449250457536e+01
4.915170060493357340e+01
4.956516232150780610e+01
3.097720611852291484e+01
2.355983716329395605e+01
2.262827044787960773e+01
2.259416660567524104e+01
2.330342313949219601e+01
2.620969554426373449e+01
3.502897985888173338e+01
3.917337053527923985e+01
2.759690920608709064e+01
2.402373638838178493e+01
2.509637132420875361e+01
2.483041514106093572e+01
3.049830667500879144e+01
6.450968864396639901e+01
8.251301352076934847e+01
4.516437118739010970e+01
2.389347117664122422e+01
2.433675018233170562e+01
2.424888682444656851e+01
2.300805907741822764e+01
2.356317056850511804e+01
2.448989074963613177e+01
2.405801395024205647e+01
2.524474177991465851e+01
3.127123588412283439e+01
4.009576905840007299e+01
3.198961050810458318e+01
2.514727216632711659e+01
2.585513059539714220e+01
2.967066893733463928e+01
3.828768040121481420e+01
6.657412913388124309e+01
8.612013744613899746e+01
3.878052311943735475e+01
3.093386857210589369e+01
4.234023016621297586e+01
3.963151512368188634e+01
2.742682288074083985e+01
2.539715310336322673e+01
3.098070131045455611e+01
3.864615649722102120e+01
4.244838496408984696e+01
3.735733620409457245e+01
2.849813586476009775e+01
2.804105624088771265e+01
3.415202217900790060e+01
5.956122034073637650e+01
5.601907134274036082e+01
3.269800406234144674e+01
3.105788451981729281e+01
3.225896418198497173e+01
4.238430169955339721e+01
5.192660699351941389e+01
3.464484939224277582e+01
2.586076822635483907e+01
2.519915201643145508e+01
2.571893001817924329e+01
2.475149681647082289e+01
2.346947756623953651e+01
2.533629540716887263e+01
2.717330600183405664e+01
2.727010316677468538e+01
2.648324060217610310e+01
3.373731008995586933e+01
6.821749243926883821e+01
7.815439701227273872e+01
3.877195185124640631e+01
3.514571254919236054e+01
4.851612214190398475e+01
4.843899052773733871e+01
3.126171038856078255e+01
2.610188110951245477e+01
2.581881108355606003e+01
3.174658446329798167e+01
4.750838558030002190e+01
4.549346746436933131e+01
2.963750760743428714e+01
2.552953325625407999e+01
2.605882470502518800e+01
2.540760279759359719e+01
2.526994902481183303e+01
2.657746744428932928e+01
2.686041721783514902e+01
2.991885140493076634e+01
3.585326625139875745e+01
3.430907600768382792e+01
2.820128989773461115e+01
2.553488732764195035e+01
2.487311142364301730e+01
2.592856872837410620e+01
2.835054369457033729e+01
4.236935542934830323e+01
6.562400255461865584e+01
6.414218166610059768e+01
3.673701189163386260e+01
2.972012466379923268e+01
2.813605951189141052e+01
2.658970159218863927e+01
2.833541731098608452e+01
3.085774265579781073e+01
3.693459137885467669e+01
4.156929195694131352e+01
3.137177200052047610e+01
2.602387115769160886e+01
2.647162440870818401e+01
2.669069430081107086e+01
2.755243792162816518e+01
4.449023356664532258e+01
8.295421902837692585e+01
6.889834557238418711e+01
3.396305771053313549e+01
3.000425473926046394e+01
2.785180236080859828e+01
2.676742099213396031e+01
2.610720802967277621e+01
2.606908037870895356e+01
2.640567270752703521e+01
2.784413664844196035e+01
3.027177668210035222e+01
3.490802539111788150e+01
3.430170300527699112e+01
3.052286286269847793e+01
3.031970389187712200e+01
3.000277833977663988e+01
3.296506195880537149e+01
4.772712359638429547e+01
5.717198262018155219e+01
4.296877380886748199e+01
3.170747050253731203e+01
2.786821096172476331e+01
2.691149198519984864e+01
2.533615642175915639e+01
2.515974851298749471e+01
2.609739412808901093e+01
2.667282652080768202e+01
2.607090256982018417e+01
2.585431613908293969e+01
2.726785952743657759e+01
3.059734742429706955e+01
3.602618151151475701e+01
3.635242204180516978e+01
2.892367890735627967e+01
2.587622245160292067e+01
2.774979560710773185e+01
3.156150373525686348e+01
3.975199859547128511e+01
4.082397649383506888e+01
3.223235896016853275e+01
2.729722253267549448e+01
2.519260229095908343e+01
2.595792216781973849e+01
2.689830649347608116e+01
2.734734334934779199e+01
2.737269507694223947e+01
2.678993712708784969e+01
2.506426466495360117e+01
2.602478479795582800e+01
2.863764700153478060e+01
2.945479919397399726e+01
2.748275315195013846e+01
2.616707017886811570e+01
2.734818645500670442e+01
3.093807716256831952e+01
3.109841705718408988e+01
2.793939841865621077e+01
2.651231178234652575e+01
2.866499740968951215e+01
3.293842108270595759e+01
3.293143255612741882e+01
2.952881002279921319e+01
2.761014249135019583e+01
2.719519870134747919e+01
2.669764291142446311e+01
2.613020726241269287e+01
2.675587851318691790e+01
2.669054958232121066e+01
2.545640707010091219e+01
2.537361989709972576e+01
2.628578396142240337e+01
2.689105521190807124e+01
2.753151474931357967e+01
2.673284280036444116e+01
2.628364848118161490e+01
2.729069960113021764e+01
2.763037950770352325e+01
2.793443197484769414e+01
2.813358439010216117e+01
2.806822653733153317e+01
2.714032191222315049e+01
2.651676255359123147e+01
2.795675138675309057e+01
3.073785384852968505e+01
2.779733446655066231e+01
2.628729487155601063e+01
2.734093521640403424e+01
2.764165588131357865e+01
2.816882056128272538e+01
2.820231660023591047e+01
2.817315141191630445e+01
2.780589400906169217e+01
2.902484793428713417e+01
2.735016827082710833e+01
2.814722884318104335e+01
2.762200334422196590e+01
2.742063141503187040e+01
2.812131299767981929e+01
3.065712598097008623e+01
2.999653548577317608e+01
2.929852624535301331e+01
2.959046502527881017e+01
3.138977599510547734e+01
3.170201049002369942e+01
3.042807063524127642e+01
3.110876390172775530e+01
3.039921404215119338e+01
2.983543524572530714e+01
3.200130694130185560e+01
3.231587013472449144e+01
3.170322896905014076e+01
3.098693427171281556e+01
3.016807312420273846e+01
2.958447000627718992e+01
2.933425636099324407e+01
2.788893789307269344e+01
2.774784082900305648e+01
2.739242394796069036e+01
2.826010229832517595e+01
2.876124358496066336e+01
2.888914910439251926e+01
3.022637028002766968e+01
3.056072047729282559e+01
2.818301104347338892e+01
2.802711394552472512e+01
2.992704049659760557e+01
3.091030860635843780e+01
3.015849915616303889e+01
2.985750033265980008e+01
3.032525262309308545e+01
3.012313372658382349e+01
2.908308252049653930e+01
2.956396614147805835e+01
2.990758866803255955e+01
3.023929593899093859e+01
3.038653591112062102e+01
3.072492091651916013e+01
2.990739361911458971e+01
2.953825136219053249e+01
2.940353715727715667e+01
3.017055517903887463e+01
3.082839274166986243e+01
2.915104012041633652e+01
2.941836168280165964e+01
2.933617300619668811e+01
2.879839240773387488e+01
2.887778922630452172e+01
2.798158987544660192e+01
2.882560870659484209e+01
3.072932962300165727e+01
3.058681736561401721e+01
3.427060577309393352e+01
4.268765611502221446e+01
5.379391804013212663e+01
5.284477410571356160e+01
4.279800871487613279e+01
4.207533076445018594e+01
6.800314749738818421e+01
5.913177310284371657e+01
4.098001674440861564e+01
3.667272369749650807e+01
4.648626034197503287e+01
6.702755043344771479e+01
8.268931964555305569e+01
6.634341732373756884e+01
4.172944468412784857e+01
3.468750972484922102e+01
3.246412269152614982e+01
3.906139705808134011e+01
5.148030773434111040e+01
4.519021225398461894e+01
3.411845596089654720e+01
3.364685732402826090e+01
3.572037949415660307e+01
3.490479860158229997e+01
3.252110353150163746e+01
3.063594381615834550e+01
3.082622639882999138e+01
3.218456193027685686e+01
3.162065056794858009e+01
3.124890921191628479e+01
3.299106343157652077e+01
3.405506912001935405e+01
3.475968127793434093e+01
3.470954011273546058e+01
4.707215723026887133e+01
1.136090833833104341e+02
1.572854976724284484e+02
8.291061532193863570e+01
3.862510181966822387e+01
6.223649726840647389e+01
8.855078010785663878e+01
6.916874435199402171e+01
3.989131335559346780e+01
3.447905783658654855e+01
3.772374231997903848e+01
4.279151673311924498e+01
4.707856116054829698e+01
4.538859396346845898e+01
3.678249378857810825e+01
3.331048231440392016e+01
3.460376231808580627e+01
3.437452251578188367e+01
3.488841601824346839e+01
3.667175281669609177e+01
4.731893432333920657e+01
6.678235564254822521e+01
