6.673536685308197214e+00
6.351072134897441046e+00
7.102771020621719167e+00
6.595630320840230709e+00
1.009875948397558787e+01
7.816138307252311179e+00
6.269199799228728054e+00
6.479994675683201422e+00
6.641526671619710775e+00
6.697851831763082409e+00
6.711850035601458764e+00
6.489258001137117482e+00
6.032863755719143128e+00
6.012551398362559141e+00
6.157069806865969497e+00
5.958756702313219300e+00
6.002215200391632699e+00
5.825975079401510826e+00
5.604587074900660326e+00
5.904984992817461809e+00
5.075743861359010900e+00
5.665700337997146896e+00
4.944781514329829264e+00
4.564555557788843920e+00
5.200060651564108127e+00
5.183746262160854101e+00
4.950685125257512809e+00
4.969194993379859149e+00
5.060227108831064413e+00
4.820062226687712226e+00
4.824864924470338323e+00
4.819868218478887023e+00
4.785483611222316469e+00
4.874427818973281035e+00
4.688934278690752855e+00
4.705486729257293277e+00
4.466460864873334380e+00
4.546287029332917839e+00
4.575039831302625259e+00
4.377197673002847900e+00
4.279500457818676828e+00
4.267684495648519594e+00
4.158601841019575751e+00
4.002721637462966164e+00
3.437441149927381367e+00
4.777102922688601261e+00
3.806280555259829335e+00
3.338992216594393270e+00
3.798455360774047218e+00
3.648849944411648671e+00
3.559204126594857520e+00
3.646968116919732772e+00
3.742786067005999584e+00
3.587886552563028353e+00
3.575058659637770475e+00
3.497838232330227282e+00
3.419898166067869560e+00
3.425569858738692908e+00
3.482076230803150096e+00
3.270865425438175933e+00
3.712746161998539574e+00
6.032431759843554175e+00
7.891390332943823971e+00
7.729966240408027822e+00
6.046796001809762622e+00
3.659245688282494413e+00
3.060237238349226008e+00
3.068178280010608550e+00
2.999812865808666018e+00
2.981631592976063949e+00
2.597714835863249139e+00
2.571064851827102427e+00
2.511712039692686194e+00
2.678277790605393616e+00
2.708470479335173486e+00
2.862268680649202146e+00
2.725989343960692590e+00
2.667834270358911297e+00
2.685538676362372534e+00
2.721177257077188827e+00
2.672812125734344235e+00
2.711933451881266777e+00
2.604179505936308203e+00
2.582436289959876508e+00
2.546511380991046458e+00
2.525181843639603851e+00
2.525159316152600031e+00
2.468646305643839245e+00
2.523495839759186232e+00
2.443653565514768200e+00
2.488242168406108679e+00
2.456113823556488107e+00
2.412834801422294895e+00
2.377894250652337504e+00
2.249435932557532603e+00
2.333114838529863011e+00
2.360844062581890057e+00
1.933596987526704281e+00
2.004216804620857495e+00
2.218147349811106839e+00
1.942131409928198771e+00
2.203184461393751903e+00
2.202099512158647521e+00
2.198303319920995591e+00
2.220246896575142515e+00
2.145029025140787304e+00
2.159749249273519744e+00
2.104502254860165067e+00
2.091507547278547818e+00
2.103121118860942662e+00
2.428372313275629413e+00
2.008819062323651927e+00
2.015998736919877743e+00
1.977779150517331885e+00
1.996280914838810761e+00
2.001370364576581906e+00
2.027098841799928941e+00
1.926847401575999541e+00
1.979325250542755210e+00
1.952627742464040139e+00
1.918846940165696902e+00
1.955342202846495736e+00
1.908034327005562192e+00
1.877812798384394188e+00
1.879204199763275351e+00
2.069030090430588054e+00
2.166508792813377493e+00
1.786878168627136221e+00
1.828967691306955246e+00
1.644133400389296451e+00
1.915189853546939158e+00
1.891376143876697835e+00
1.846872748464352121e+00
1.858125613647959140e+00
1.847844276060563340e+00
1.850142840794095189e+00
1.878431801831568437e+00
1.852569999333058659e+00
1.863733768527548351e+00
1.813178380806999446e+00
1.820424926065607574e+00
1.773314038301482043e+00
1.822549442724669788e+00
1.805637960566246036e+00
1.796962258606169316e+00
1.746406550545740233e+00
1.775848032964434831e+00
1.799236209804353948e+00
1.735991453582141686e+00
1.806867925111557360e+00
1.760280371337586081e+00
1.759159407355670668e+00
3.198792726256497243e+00
2.360616829743812595e+00
2.543393717105746799e+00
1.866203130076465655e+00
1.646185166411554324e+00
1.838966325454348461e+00
1.556630075391500334e+00
1.737602075771439658e+00
1.704429512042233918e+00
1.719890846987349731e+00
1.689594989303677686e+00
1.716092762026881546e+00
1.677546077110436684e+00
1.679149631578739754e+00
1.677894562811426571e+00
1.691076674035342675e+00
1.698826530519812250e+00
1.723443627202320139e+00
1.718498770024506239e+00
1.713499532127616742e+00
1.704013601596862770e+00
1.722232181149113917e+00
1.711889219120050765e+00
1.701394850865773467e+00
1.682096395885351425e+00
1.702069945563946751e+00
1.721934130592094547e+00
1.721913734524340933e+00
1.694878313731722708e+00
1.688288678886692651e+00
1.667050181993838809e+00
1.690557949992553821e+00
1.652366224380940496e+00
1.689623109900220799e+00
1.862430271768416912e+00
1.815564871368560818e+00
1.878619651131774537e+00
2.126445849623239237e+00
1.553868477819123184e+00
1.678849964647886717e+00
1.456938324116185068e+00
1.508566923613133381e+00
1.635198182970891700e+00
1.718692551181210559e+00
1.676078841833169797e+00
1.676546745784999182e+00
1.686248695445623502e+00
1.672319087671275462e+00
1.682542760079697386e+00
1.679963015727697684e+00
1.688003862200202265e+00
1.678489374844942539e+00
1.675997291167307113e+00
1.682059106582283858e+00
1.668658534282435157e+00
1.654689514516791693e+00
1.680478361717235414e+00
1.651730054183133234e+00
1.653657711578388589e+00
1.658083963207250600e+00
1.663795160919751659e+00
1.664391894297040375e+00
1.652168991422754418e+00
1.661076923441722641e+00
1.653329489665263941e+00
1.676352127166707007e+00
1.701631403643566021e+00
1.659060252759702259e+00
1.654571188817497429e+00
1.684240399553775802e+00
1.678886710803335625e+00
1.673933355424963576e+00
1.641745340638598671e+00
1.636273921147658905e+00
1.643556440392049067e+00
1.399607905514422379e+00
1.671197970846579395e+00
1.416717836947421372e+00
1.630639317688061585e+00
1.473889240775441367e+00
1.611919197375489832e+00
1.625107343411230643e+00
1.656074806389737475e+00
1.633386735623280517e+00
1.630270617895057894e+00
1.653705242382492280e+00
1.628541243836888919e+00
1.696940559381976854e+00
1.773606319701863665e+00
1.859903347598980794e+00
2.200120818832020486e+00
2.471841761284438999e+00
2.400200164691986604e+00
3.113952087602581464e+00
2.378708915939288016e+00
2.033887368028780340e+00
1.739751791888146659e+00
1.686898590890708372e+00
1.667108283783310885e+00
1.635475240465655844e+00
1.661383170717469326e+00
1.680757792905298587e+00
1.909528161751919528e+00
2.332796277474179281e+00
2.455721672098182928e+00
2.302902182673805420e+00
2.103749340682879776e+00
2.127830755594958934e+00
2.187495658576688928e+00
2.090765249421853156e+00
1.795458896394182657e+00
1.680851688896573881e+00
1.686725889058923178e+00
1.705058090636939472e+00
1.712867123182151063e+00
1.731766954632906641e+00
1.716038281617171313e+00
1.435029547194736299e+00
1.716092574718366182e+00
1.564285181549292636e+00
1.820609287205005256e+00
1.582678447125650978e+00
1.654696923253298646e+00
1.675967484568996690e+00
1.748024611733347777e+00
1.762691103804623127e+00
1.731273975390048347e+00
1.726620052802151806e+00
1.682633455010724921e+00
1.787424178627675442e+00
1.865943796332509841e+00
1.855092941581006238e+00
1.788430039030572960e+00
1.710166469826790214e+00
1.680418299363781953e+00
1.653186356506068044e+00
1.668314304519294300e+00
1.712333627433270555e+00
1.753949552438285320e+00
1.733092013790469954e+00
1.715833360993138434e+00
1.718845761785548376e+00
2.398322008118532356e+00
1.796284013818394643e+00
1.709091920142985277e+00
1.689027796334561460e+00
1.696472713229178586e+00
1.690435911550611792e+00
1.693527242909946384e+00
1.671805480166546731e+00
1.695701137344577614e+00
1.699748166917881775e+00
1.766441617403069708e+00
1.744674955119100535e+00
1.698049375094085045e+00
1.742513638827215994e+00
1.791577651807106708e+00
1.753865487953103708e+00
1.741218547915534876e+00
1.733817720284304809e+00
1.681450933318378249e+00
1.698796950991225740e+00
1.692630036674926508e+00
1.434120120501855000e+00
1.692523330926469338e+00
1.473269429105762196e+00
1.669766284592974159e+00
1.678420328993610378e+00
1.482439886083336766e+00
1.714468741944192187e+00
1.682244838081156990e+00
1.689225523496279857e+00
1.728852913612929365e+00
1.718906589632817283e+00
1.762717744389392216e+00
1.831379282647767059e+00
1.890594187441582141e+00
1.933579124287899909e+00
1.868360660528255002e+00
1.812953275136048203e+00
1.721422569863586105e+00
1.635732510295782927e+00
1.651111899360586444e+00
1.869013512712821790e+00
1.657997972684211785e+00
1.668945601000277890e+00
1.670296308682928110e+00
1.657950558493607174e+00
1.708744369203828439e+00
1.709592917479819896e+00
1.695283182437385738e+00
1.708110863386104183e+00
1.742525424176960547e+00
1.701681134065928136e+00
2.085496183418318328e+00
1.688241505041510937e+00
1.714409546466192813e+00
1.754717364017688963e+00
1.920964260881881547e+00
1.926530902891419483e+00
1.841775250609771097e+00
1.823280505201524848e+00
1.705944307204503740e+00
1.718251517906123071e+00
1.702915620859699608e+00
1.702213901705742494e+00
1.721134452519627045e+00
1.727915057976824320e+00
1.750232342463044599e+00
1.745555577613371545e+00
1.723724941535264454e+00
1.763294842528815742e+00
1.756379005273732474e+00
1.780024363546860888e+00
1.727079027298690006e+00
1.733740320932525059e+00
1.719572578279929598e+00
1.738778043420207364e+00
1.713022055005317457e+00
1.478606985955417397e+00
1.729891575944979998e+00
1.713860854820917545e+00
1.693945069855773644e+00
1.483111684145675069e+00
1.707221120192836450e+00
1.705424460589352709e+00
1.533053338020026857e+00
1.698940839976431416e+00
1.706438942382736856e+00
1.746257034873492042e+00
1.740843861349302246e+00
1.766583470338356054e+00
1.757094756702233251e+00
1.738648387994101485e+00
1.755615849285192764e+00
1.740228135520716535e+00
1.736362781281668211e+00
1.756117714158645038e+00
1.715852153214256770e+00
1.737733501503180733e+00
1.767832514250212483e+00
1.799321917188665187e+00
1.770861078609009320e+00
1.758916938038969535e+00
1.792177215161192771e+00
1.758932275155492775e+00
1.728612650505064074e+00
1.709491800933127914e+00
1.726688743607454946e+00
1.732403948440339958e+00
1.769441133446510772e+00
1.759248197566012806e+00
1.744578359163729164e+00
1.763248614207925113e+00
1.772208606373044004e+00
1.754147340448769299e+00
1.766506854329447318e+00
1.785007222096751889e+00
1.803145046158717957e+00
1.786235619326324908e+00
1.803993440055098763e+00
1.801384024591980770e+00
1.769692081535786610e+00
1.721830585372637890e+00
1.765650548987053536e+00
1.761490280592921787e+00
1.727298092811920593e+00
1.724818082113645623e+00
1.742473382386747538e+00
1.722545417768527320e+00
1.755378080719447897e+00
1.675558348696866817e+00
1.698298300976724962e+00
1.710152040275662477e+00
1.709595461133953220e+00
1.734341982023007933e+00
1.774980234570781468e+00
1.807106053327511841e+00
1.826200733159024425e+00
1.743060425557867443e+00
1.773325145210500553e+00
1.752095027627253554e+00
1.751775907084503814e+00
1.759985501666960328e+00
1.755728443485938373e+00
1.731712626601535021e+00
1.770046082095093176e+00
1.771164956262397450e+00
1.776048894126372568e+00
1.817741098170889247e+00
1.771906738311503249e+00
1.843733314275714630e+00
1.716675846775934211e+00
1.747315260023016403e+00
1.713340138686601843e+00
1.737132102259905997e+00
1.570631147680452422e+00
1.790890768858340421e+00
1.775287771892755329e+00
1.741852770915540694e+00
1.713054966217837150e+00
1.531293530961183924e+00
1.706945419578277168e+00
1.758574397385093580e+00
1.835574751176867858e+00
1.817667130705684642e+00
2.087646677298221398e+00
1.879386707729909345e+00
1.826547980285201600e+00
1.811890790199062407e+00
1.765063230708798780e+00
1.725870095990169162e+00
1.693512747462759149e+00
1.665190795470001373e+00
1.680681960249159612e+00
1.782284886767161458e+00
1.963894071113591044e+00
2.106950957230079080e+00
2.088186002324890822e+00
1.959685747757785368e+00
1.847801948839715713e+00
1.846818917186307640e+00
1.848784516102036202e+00
1.759236662948727270e+00
1.801485691604701289e+00
1.748405076529480739e+00
1.725459284291894990e+00
1.721765988018600257e+00
1.743477977571709525e+00
1.764147103735506539e+00
1.975464516028922590e+00
2.132542680423982873e+00
2.104824952225084811e+00
1.932887881587974421e+00
1.797120022003710460e+00
1.827475125927973343e+00
1.876177920315225123e+00
1.872768219439831183e+00
1.797982119404474055e+00
1.743197020432281752e+00
1.754080367675475705e+00
1.780625423314771361e+00
1.799427347315710968e+00
1.749628018720989608e+00
1.740548520809667377e+00
1.683635935381155635e+00
1.614962788437387164e+00
1.664015583638464024e+00
1.773496077583220920e+00
1.936378526735900385e+00
1.979108416785652080e+00
1.931799588700279902e+00
1.972290289734435431e+00
2.009636793971601332e+00
2.333177542359103906e+00
3.128101938179904451e+00
3.319829790018686388e+00
3.100342189817991478e+00
2.253741136777196452e+00
2.002807227302085824e+00
2.083972629287615508e+00
2.003110718856189632e+00
1.834150139833478521e+00
1.695156384269191241e+00
1.673831728854811463e+00
1.652753930511570157e+00
1.666755336281290800e+00
1.648639846224480676e+00
1.741545738323229564e+00
1.763907560643954264e+00
1.816203131494550593e+00
1.719619542132301726e+00
1.640186984021500205e+00
1.749217003951627047e+00
1.909563752625951905e+00
1.966584867034926853e+00
1.828102954811304581e+00
1.652063372744231096e+00
1.652894940366680387e+00
1.621622872688335271e+00
1.622315664722916884e+00
1.669485796874571770e+00
1.686106908321458153e+00
1.666858502235072592e+00
1.677118472970342111e+00
1.733034956490642653e+00
1.761805623387314279e+00
1.728468855543636939e+00
1.680689273357577562e+00
1.670937609964633808e+00
1.790618069209427565e+00
1.842621281512122344e+00
1.838228335795772717e+00
1.744823614805690593e+00
1.854566445105720884e+00
2.180883693976382265e+00
2.305800446102576728e+00
2.167813682714041512e+00
1.829438504696049961e+00
1.680199413760950389e+00
1.649090526132073631e+00
1.629337465408565500e+00
1.422438201309724981e+00
1.688936641327706045e+00
1.688774624852864115e+00
1.715778592252541257e+00
1.721648203909686314e+00
1.694310521447140117e+00
1.713629495759005694e+00
1.714022656460524985e+00
1.508246047853922134e+00
1.680087257736236461e+00
1.646382214031914870e+00
1.625472078603884318e+00
1.612984297497593200e+00
1.645153162767963417e+00
1.640486712780154122e+00
1.665254114418266873e+00
1.635938091706073294e+00
1.498330607892529809e+00
1.677818777187704224e+00
1.614998695670188722e+00
1.603675670957414257e+00
1.605325451271531145e+00
1.640481785475414789e+00
1.645428482919108371e+00
1.662056194605230131e+00
1.640394396865310522e+00
1.644924010161551431e+00
1.675478086156208635e+00
1.677871229001791642e+00
1.668130753777885111e+00
1.658540103156675105e+00
1.692693564293729303e+00
1.622722550681925835e+00
1.660878899837498368e+00
1.642536506263841511e+00
1.659385532771148419e+00
1.622427649546973605e+00
1.598983842466888294e+00
1.621334347800943210e+00
1.625384862879831305e+00
1.634952167687273805e+00
1.641641893353922299e+00
1.624996593102160825e+00
1.663647156538847760e+00
1.653931853284572817e+00
1.656522467912039831e+00
1.650872657759353324e+00
1.658148789896555009e+00
1.677315040541709212e+00
1.680090738319893973e+00
1.658578137731821611e+00
1.670206468435918579e+00
1.687277494632755559e+00
1.654371988900972923e+00
1.686098008215611177e+00
1.744902512800720285e+00
1.873887296450692297e+00
1.869281689309059136e+00
1.863115909458376018e+00
1.860313830921998202e+00
1.885472431553618655e+00
1.819253994312478140e+00
1.696039891089794027e+00
1.697994242996712533e+00
1.699064480670210431e+00
1.710589226694767984e+00
1.682664618454552174e+00
1.653456838242531202e+00
1.647502455992015946e+00
1.612695700879205329e+00
1.655436930024303477e+00
1.616677521034095788e+00
1.626175785264303730e+00
1.582197525454080322e+00
1.573117543173874866e+00
1.615706395937013040e+00
1.871445654959507543e+00
2.072922792658455471e+00
2.062162345860380608e+00
1.868296076322470523e+00
1.746828285896344868e+00
1.751783574292251844e+00
1.766277519746630498e+00
1.651854552441390789e+00
1.584329739703429940e+00
1.602136072757346152e+00
1.619793094158542335e+00
1.600225125674195503e+00
1.647572471160825502e+00
1.576094155422948395e+00
1.579782072284864336e+00
1.670896867607291059e+00
1.723475268068879851e+00
1.734584771717890828e+00
1.678930364268635511e+00
1.632765407458658391e+00
1.668322518039340396e+00
1.712038260810458734e+00
1.923492202218178626e+00
2.013357548713233580e+00
1.919835297122413298e+00
1.758314686830052986e+00
1.700100260399106222e+00
1.942961283742719703e+00
1.789021286650112508e+00
1.865294894000270265e+00
1.932167930799612243e+00
2.060788797290836527e+00
2.206895444994032118e+00
2.780491344189814917e+00
2.984833201094732047e+00
2.989390126378985268e+00
2.480643087651353440e+00
2.005012427824205634e+00
1.789052825237919642e+00
1.738217005985961849e+00
2.135258939397246536e+00
2.437538186852837185e+00
2.493607868409570383e+00
2.132599512196751590e+00
1.840580804444831964e+00
1.864535127663194958e+00
1.785880866257208544e+00
1.752176874587838329e+00
1.698129438501851940e+00
1.862060347545910099e+00
1.974715728313367169e+00
1.997582756055775510e+00
1.885530897242739368e+00
1.777512258605540296e+00
1.757354381257479004e+00
1.723117558108733238e+00
1.711736441907440343e+00
1.656655746157067233e+00
1.698082660416853518e+00
1.646707860361977138e+00
1.693346708020613267e+00
1.681370248105314325e+00
1.709845587979533565e+00
1.776231110490916532e+00
1.764524492818026369e+00
1.744853507268318893e+00
1.875964173777602051e+00
1.862254794098008315e+00
1.876712321492246982e+00
1.817104243939732688e+00
1.742463033120598137e+00
1.767206104088893781e+00
1.715154180358291036e+00
1.740207337886424899e+00
1.754872755817952212e+00
1.745629325384326913e+00
1.755954964237263161e+00
1.748845230432402031e+00
1.797153144108716294e+00
1.743094059520254646e+00
1.744101826841805147e+00
1.806058658499469560e+00
1.815311678428148001e+00
1.789451825714307942e+00
1.778958719509203590e+00
1.813688114424411690e+00
1.816031777411702963e+00
1.808915910312273168e+00
1.769478300159759376e+00
1.752438967930026070e+00
1.751249350610195599e+00
1.758745368483541460e+00
1.771950953513279359e+00
1.743982357768953273e+00
1.770277915400924273e+00
1.787375630134768967e+00
1.797929145923536698e+00
1.782840867893897840e+00
1.747519387715082084e+00
1.742363948502687832e+00
1.792854063192580227e+00
1.773270049696034079e+00
1.773432046647178240e+00
1.823802439550361587e+00
1.786970818274924211e+00
1.771647886407576200e+00
1.791462829599962836e+00
1.812119152002418465e+00
1.808812904803057009e+00
1.810116730209197389e+00
1.771365606678073412e+00
1.771620625067014787e+00
1.766462885018833973e+00
1.791199446036291887e+00
1.783541559611140803e+00
1.763009559451789610e+00
1.768826454429423878e+00
1.778061896596508484e+00
1.799564658949224905e+00
1.810373602193203979e+00
1.803466006576306846e+00
1.816215515512257239e+00
1.854152206870766095e+00
1.884640299566081367e+00
2.049748004839543114e+00
2.119768023735528750e+00
2.191949542504858073e+00
2.067062221185828719e+00
1.958611645506294963e+00
1.894853858833319027e+00
1.825609831254401350e+00
1.831841960194456442e+00
1.809611813898296839e+00
1.812064979014661681e+00
1.791938688584792772e+00
1.815291554741290225e+00
1.807249987810258585e+00
1.815571414146733176e+00
1.818394148930121634e+00
1.776005757697229237e+00
1.777476867133532368e+00
1.782475231019752027e+00
1.811182224359406678e+00
1.778901687625269235e+00
1.792553958850920948e+00
1.817537973308441579e+00
1.817516499730941426e+00
1.818351250772149985e+00
1.797337027015458277e+00
1.806765657739872299e+00
1.793748925985878984e+00
1.797321679284315854e+00
1.809368866833256817e+00
1.793361286093924756e+00
1.796593692516780694e+00
1.818496626694603879e+00
1.805332002724548968e+00
1.773512593440342178e+00
1.801161428942643861e+00
1.781448340828615695e+00
1.769947525467844285e+00
1.751311374794468412e+00
1.793904693893582980e+00
1.795120336369426584e+00
1.805053638364958690e+00
1.783774119209385889e+00
1.776278604072895728e+00
1.804884986240149924e+00
1.794088653683028056e+00
1.787841098735832412e+00
1.762329146310850359e+00
1.768484662907989113e+00
1.815155379116651702e+00
1.778549445216129898e+00
1.817032278295782621e+00
1.811200278590423540e+00
1.782478327581503708e+00
1.789110734942346959e+00
1.804699873983860003e+00
1.801036715870957261e+00
1.802638340516078630e+00
1.752641106523947334e+00
1.776748651890083019e+00
1.779800439769230191e+00
1.755672044816159350e+00
1.757036762231670934e+00
1.770381891197200463e+00
1.746310487645253318e+00
1.799090502976626427e+00
1.776505021028450759e+00
1.788430495027026890e+00
1.809961376559863222e+00
1.760485207256205387e+00
1.802885095343025323e+00
1.782217467151441248e+00
1.783908540018827482e+00
1.792086136608274316e+00
1.779070810070927156e+00
1.792418744690487786e+00
1.792289930982382984e+00
1.805816141313474787e+00
1.773369890726787634e+00
1.783593837998833198e+00
1.809245353309696824e+00
1.807756581708352961e+00
1.934781899579028019e+00
2.220152868086419318e+00
2.415855520482283136e+00
2.403122926659872149e+00
2.347385746190395306e+00
2.361303955611064431e+00
2.343944719457544235e+00
2.135583966788310306e+00
1.893974369869791063e+00
1.883298262730321193e+00
1.974025445276773816e+00
1.946271653728528062e+00
1.836197677540984952e+00
1.773700863845701914e+00
1.806867875578610505e+00
1.818709311242086457e+00
1.808666411142278330e+00
1.802805499040075699e+00
1.810961733725946043e+00
1.780704357064952337e+00
1.798553397574543133e+00
1.778152542956956683e+00
2.059389343103547265e+00
2.623080658505231533e+00
2.803958870087265076e+00
2.604714384425436347e+00
1.960048499733230809e+00
1.663216202854321590e+00
1.723206282643138687e+00
1.688954717412301187e+00
1.646702960941694771e+00
1.560218720648724355e+00
1.610526650948956640e+00
1.674860619320644783e+00
1.799604868275217706e+00
1.820472182097350844e+00
1.772155049192651877e+00
1.689328636188742294e+00
8.495679447074223845e+00
1.861890681646897416e+00
1.709823203747384168e+00
1.950131321249509719e+00
1.635962247420660320e+00
1.700155300177379258e+00
1.857162837844611225e+00
1.986039766405887974e+00
1.915125541368123407e+00
1.794720425101933525e+00
1.663696449693457868e+00
1.682936075966870781e+00
1.696851548980399249e+00
2.204610654878909060e+00
1.983597886823371681e+00
2.031155539000102817e+00
1.944358971668266101e+00
1.787635732490397533e+00
1.717826486522810336e+00
1.824427280605216861e+00
2.116833032781808122e+00
2.362149811230374929e+00
2.290634747511891334e+00
2.047139474258059089e+00
2.375396612565150445e+00
1.774333087686444488e+00
1.770027536628685505e+00
1.770442221469474608e+00
1.776169854916686219e+00
1.752412577607633137e+00
1.858303802959041517e+00
2.011950103229649400e+00
2.054727309911853261e+00
1.975499784494672229e+00
1.808400529278325397e+00
1.822012378178642145e+00
2.217650940573993701e+00
2.867826927244145896e+00
2.822490698530101927e+00
2.308861080653099584e+00
1.919011700767940587e+00
1.786440741789009357e+00
1.796532063072060925e+00
1.796393806161276308e+00
1.817592933810044720e+00
1.827903816870867226e+00
1.805883721878599024e+00
1.826234365784781710e+00
1.846754252884083902e+00
1.874109876000844110e+00
2.003570011407885154e+00
2.009219871072640107e+00
1.931881607255927724e+00
1.862434112960721144e+00
1.867476657865172696e+00
2.098854864635743667e+00
2.214849220034745603e+00
2.157424633254835911e+00
1.918328653750024149e+00
1.831845236416443257e+00
1.851866850246749685e+00
1.834726842578580319e+00
1.807607599561474210e+00
1.829775796338154681e+00
1.814017592283344360e+00
1.827464162676727177e+00
1.816863815673035010e+00
1.828625907205134737e+00
1.821099987577962320e+00
1.816146267078240228e+00
1.827461978349384397e+00
1.899393894130379401e+00
1.881541934020800166e+00
1.874220368877947296e+00
1.809433780022448257e+00
1.884606663748729094e+00
1.974075514463262015e+00
1.995740716323215036e+00
1.926302834889292104e+00
1.802010740431887026e+00
1.810222752174117211e+00
1.829955453172884772e+00
1.802834584163598430e+00
1.793962340122554178e+00
1.802217424370980314e+00
1.788289953203073379e+00
1.798329171729520448e+00
1.788543104499105807e+00
1.814063211400678055e+00
1.835444873416736566e+00
1.852582805226553164e+00
1.808616792306330767e+00
1.799455214766511935e+00
1.808762183310637317e+00
1.842022905167641111e+00
1.895868306414005167e+00
1.879666227776985332e+00
1.862306551766850893e+00
1.938187376230134484e+00
1.953982301351910644e+00
1.967303001587724864e+00
1.929345864917779041e+00
1.866380202792843113e+00
1.883725510575429141e+00
1.825197096692293686e+00
1.823347742930116588e+00
1.807249940191159698e+00
1.848027882384367659e+00
1.850579677147077495e+00
1.835479137421738960e+00
1.871890922746469288e+00
1.910380324673219832e+00
1.886534674649005261e+00
1.882817078018900192e+00
1.868282374075312058e+00
1.876505632155986314e+00
1.856824999282988387e+00
1.878158282185695915e+00
1.876827809592185314e+00
1.892392666506444998e+00
1.885482934900308605e+00
1.905761432642631092e+00
1.855666153876420532e+00
1.882252977315493236e+00
1.903351701346232216e+00
1.898138614154888826e+00
1.889512871085205825e+00
1.849133241840182462e+00
1.850764027980557058e+00
1.808571591414787294e+00
1.816534598193522365e+00
1.829000473295236739e+00
1.826004457969495176e+00
1.814063543613179785e+00
1.817333423944229587e+00
1.839337391339860961e+00
1.839775444616644329e+00
1.848544090224369940e+00
1.817220094999276725e+00
1.845840134811365774e+00
1.796501182504611993e+00
1.819168544162080847e+00
1.826196780232405725e+00
1.781593181710785068e+00
1.826513488474988955e+00
1.789095337520230977e+00
3.009901580362806417e+00
2.411711488109621548e+00
1.844960212451894233e+00
1.835500141668768848e+00
1.840898113000948078e+00
1.824540341213952033e+00
1.864756843058694935e+00
1.833834289100564785e+00
1.823083312542511214e+00
1.841066654624970989e+00
1.829650693447894660e+00
1.855528950225481477e+00
1.923128447171396749e+00
1.889794118192496652e+00
1.895916808313894197e+00
1.852803948163121106e+00
1.845105512408178994e+00
1.828909327372509663e+00
1.804940484214168750e+00
1.887908217932770860e+00
1.857839754455081316e+00
1.890787553434249757e+00
1.918149427898011128e+00
1.874475972127287227e+00
2.078063073062641486e+00
1.841425431742970131e+00
1.815344949974049271e+00
1.789859280641528327e+00
1.798612179437002245e+00
1.782334203905340253e+00
1.776413672938481625e+00
1.761118451679458241e+00
1.771576354041928480e+00
1.732335758960661831e+00
2.124370977646949044e+00
1.755026861831651352e+00
1.762513446484943236e+00
1.710367465162327738e+00
2.222275684739927648e+00
1.716268717243198960e+00
1.653815679572887554e+00
1.656976277785987106e+00
1.636684690997358249e+00
1.675733856433675228e+00
1.674075909220626990e+00
1.657413025433492226e+00
1.685411360856309271e+00
1.873271237868801453e+00
1.917183671538289280e+00
1.912973055097026531e+00
1.895622593767683606e+00
1.847344105138154502e+00
2.182633080899111011e+00
4.848690849706879469e+00
2.768559816933933604e+00
2.070428595295344287e+00
1.985928899822441140e+00
1.952685698172027529e+00
2.344509101679315144e+00
1.896710359497678855e+00
1.876716197415149612e+00
1.860633108261551039e+00
1.847084026467296969e+00
1.865672209504207091e+00
2.420103752775854655e+00
1.942150569993774445e+00
2.208734352591801731e+00
2.319768975571586900e+00
2.259801287412793069e+00
2.006252315743321191e+00
1.871940627034625715e+00
1.957083675576566595e+00
2.553219184058562963e+00
2.808795243083331616e+00
2.734288524770911888e+00
2.132726821329594014e+00
1.884522448085893531e+00
1.861045644146485989e+00
1.851001905480980314e+00
1.839437207991872603e+00
1.889707907547522270e+00
1.875751688321277033e+00
1.841143416726359616e+00
1.879195957451234023e+00
1.968127518477247984e+00
1.959477534618748074e+00
1.925593605488247428e+00
1.950241866271733349e+00
1.934708563818920979e+00
2.340588542134934169e+00
3.557105571699203939e+00
1.847528261005977779e+00
1.975818070062441034e+00
2.272766409202040983e+00
2.864638149491572694e+00
2.164510267573615643e+00
1.276496993844154559e+01
1.247355308662363349e+01
2.279432134983298663e+00
1.839002011245321810e+00
1.858467968245222979e+00
1.857841685548409449e+00
1.848550946921444726e+00
1.867983278037770534e+00
1.865574616492024385e+00
1.926122916222412940e+00
1.872640869085403281e+00
1.933849891850977665e+00
1.964508308463816855e+00
1.969452338527305502e+00
2.085678531484014719e+00
2.101300678974334701e+00
2.117834963982740071e+00
2.128370653247402267e+00
2.260414126828531600e+00
2.417407544947288045e+00
2.293195683443863597e+00
2.116778178197749050e+00
2.175690331397280186e+00
2.277901159770394202e+00
2.420740891614244550e+00
2.473468313653318873e+00
2.388830980844097063e+00
2.181353131046846361e+00
1.903113245457524583e+00
1.902671035289165813e+00
1.926083432754029712e+00
2.008332783322110515e+00
2.042641899266547600e+00
2.006758073330921821e+00
1.882919233630143907e+00
1.849163472955853926e+00
1.880084691446826772e+00
1.861634694721034267e+00
1.890099763160246082e+00
1.845537993644145169e+00
1.872139609561653595e+00
1.856451988529217445e+00
1.847006271362967134e+00
1.875163948311843853e+00
1.859618250689720087e+00
1.911627661148124657e+00
1.993381170704163763e+00
1.982286202515210816e+00
1.993497465499708854e+00
2.499328324524857869e+00
3.215171943613536421e+00
3.289322655121599936e+00
2.779140613224862832e+00
2.147123787728194344e+00
2.311378492934299533e+00
2.329591992624486796e+00
2.878568016633441751e+00
1.931568990975925937e+00
1.913623618750949440e+00
1.904726105507906331e+00
2.007350650693724869e+00
1.982945914664258513e+00
1.925867777328143848e+00
1.854881218554480737e+00
1.867667804138388732e+00
1.847882758083489119e+00
1.846636820036579918e+00
1.856428731512670627e+00
1.880917760161257668e+00
1.875747729616693560e+00
2.042892357468378606e+00
2.278810615285184582e+00
2.459421050550055554e+00
2.341137777739702663e+00
2.405767144953387948e+00
3.179462688211333266e+00
3.136168853667053558e+00
3.044371504368736936e+00
2.450852456621896547e+00
2.601319242183734559e+00
2.869053252591561076e+00
2.871138626271671601e+00
2.979436315110967293e+00
2.106599851270876567e+00
1.893114238851566933e+00
1.852704349241357962e+00
1.864958242998547400e+00
1.894250199195811390e+00
2.550550044348405709e+00
2.183666358943888497e+00
2.293381423734746960e+00
2.252123288452271499e+00
2.259262872065903593e+00
2.322209393993728721e+00
2.310951793518818853e+00
2.355490524058819535e+00
2.340390293535623112e+00
2.352699791447560251e+00
2.348562376492694614e+00
2.440293260422721211e+00
2.618834066247576864e+00
2.625061358351165719e+00
2.503930096634171321e+00
2.349399235197544566e+00
2.328248833496965986e+00
2.643480331445906106e+00
2.841506531950714898e+00
2.760315253618315534e+00
2.372801410133583477e+00
2.251949448697323053e+00
2.272236515320867678e+00
2.239771588212647213e+00
2.202219043313141889e+00
2.205907909934208266e+00
2.193985884524064733e+00
2.121429388166386598e+00
2.109812861701072517e+00
2.167102705459998724e+00
2.158768557386610887e+00
2.145733738882137587e+00
2.140764188083847497e+00
2.132406137989254713e+00
2.155815281708065356e+00
2.125025093726106817e+00
2.116276541146440149e+00
2.110565511459362220e+00
2.039756891377265458e+00
2.016804595877099704e+00
2.090347724542616081e+00
2.178605945522278819e+00
2.106898214313343676e+00
2.014368140244313210e+00
1.955948672074686367e+00
1.943760036962481230e+00
1.952793102944073267e+00
2.074881833659935726e+00
3.122601636214848764e+00
3.642570747408006682e+00
3.906764786524065336e+00
4.006485302895100631e+00
3.940062076202354824e+00
3.479611305551288503e+00
2.448842727095796867e+00
2.180371375223215669e+00
2.378339931569648513e+00
2.619637983426831518e+00
2.484045312203456923e+00
2.261193106215027893e+00
2.013330664741117104e+00
2.008276935964426357e+00
2.082494027444760754e+00
2.110919289174087332e+00
2.130773499164856588e+00
3.200007751825031388e+00
2.280762675976499843e+00
2.371826850202314763e+00
2.532087786810892638e+00
2.464370228325075907e+00
2.343158130872003309e+00
3.323418655639827080e+00
5.070644188006029118e+00
4.647346646418332838e+00
3.969878880993058967e+00
2.345068447671373235e+00
2.100313461532040016e+00
2.528788290239496472e+00
3.090385948762320645e+00
3.128226386197233921e+00
2.662919835517571165e+00
2.048823543833097283e+00
1.988203082604635297e+00
2.028050799175996399e+00
2.040779230800404687e+00
2.117375347835809940e+00
2.427201188879348326e+00
2.476014823901688366e+00
2.363191699998391293e+00
2.082542888073988241e+00
2.805811264755736723e+00
3.163931703186686484e+00
2.714131676510253666e+00
2.382546112773046509e+00
2.193889312167781824e+00
2.660798063426108584e+00
2.121006176557150624e+00
2.191529393304541884e+00
2.527064147584506149e+00
3.479110702695496826e+00
4.150180576661552934e+00
3.983442294618388946e+00
4.501457587875748345e+00
2.246040055523879531e+00
2.033675947086368119e+00
2.017421030397388293e+00
2.039720895876055096e+00
2.069024550036949961e+00
2.429409792442033478e+00
2.990425988440387428e+00
3.007570171545904003e+00
2.676641020042171082e+00
2.156298417547565904e+00
2.118119879253742344e+00
2.170047853110218306e+00
2.175804592485398814e+00
3.010005517630479410e+00
4.390122898200403689e+00
4.586422820923814037e+00
3.792751246842868795e+00
2.323177996404129253e+00
2.124175745098011880e+00
2.138054744702693188e+00
2.089264278829814803e+00
2.118513352447257692e+00
2.096366647108451886e+00
2.092208837597532955e+00
2.084771828562770324e+00
2.213201028504827583e+00
2.869300461399706847e+00
2.988781670167008908e+00
2.814465633376110887e+00
2.212635818744595362e+00
2.093103856888048675e+00
2.325873131769418567e+00
2.562058057825805424e+00
3.711821847196520530e+00
4.626664262046261911e+00
4.561255769131865812e+00
3.525169647011817009e+00
2.661623978318724770e+00
3.360182617880083544e+00
3.358883230452024637e+00
3.110759059919189884e+00
2.306873133382680408e+00
2.432917196314988040e+00
2.757546430874869614e+00
3.566288528685340520e+00
3.709140211346455551e+00
3.514313128726961555e+00
2.553428742298651244e+00
2.159884876906748907e+00
2.581721280960706189e+00
2.901187409521056360e+00
3.678147170486893991e+00
2.903350326700174122e+00
2.705001495692303415e+00
2.349799903095106668e+00
2.427634089057173927e+00
3.364354838884674237e+00
3.601611231556801407e+00
3.412098677339551855e+00
2.528381039321700108e+00
2.266041399320587679e+00
2.243374761254449457e+00
2.181237632554163142e+00
2.201552955213059715e+00
2.196660161003693990e+00
2.179544589659366594e+00
2.225376215718378958e+00
2.231545509678222849e+00
2.169626766855395239e+00
2.309368112825172847e+00
3.417986893265951398e+00
5.415907518757168582e+00
5.622497836614608779e+00
4.781207061385913448e+00
2.759664926904076498e+00
3.211365789630258760e+00
3.829179315897337954e+00
3.728427384920114829e+00
2.941557043806829252e+00
2.233698812742236139e+00
2.205448154484341838e+00
2.535009095590464945e+00
3.168317672880273772e+00
3.294793927448757653e+00
2.957396953286927754e+00
2.329418774877208165e+00
2.167440455975628844e+00
2.118498916595994874e+00
2.172916517342898590e+00
2.202568216416202596e+00
2.229284584687868165e+00
2.256735349252213751e+00
2.471331718635506824e+00
3.026213489726732320e+00
3.083515092506662558e+00
2.906230661432313234e+00
2.275361245209693184e+00
2.190098084553715907e+00
2.152752612204380522e+00
2.139813376067867257e+00
2.178042849309305584e+00
2.227753022926884263e+00
3.739361589846460276e+00
4.903473661391295479e+00
4.947673797482129210e+00
3.690044754363568380e+00
2.485942184960690415e+00
2.310250498741812653e+00
2.201620025210719422e+00
2.215298462891590603e+00
2.390170979229052861e+00
2.818181548711593098e+00
3.551297090321461791e+00
3.485253958114719275e+00
3.035269542046897140e+00
2.265063501315189409e+00
2.209667944857663269e+00
2.216190990214858214e+00
2.271359504532588947e+00
2.464118432088322486e+00
4.353913273544963047e+00
5.188480427613744617e+00
5.059688475301349797e+00
3.298401369556184015e+00
2.343172797288800346e+00
2.273108794544766997e+00
2.306011693262096873e+00
2.269047996393804834e+00
2.272124078207788056e+00
2.207757249262177979e+00
2.223769464355278114e+00
2.252021581223190516e+00
2.368139924838198240e+00
3.030125587242484375e+00
3.241515387354408251e+00
3.121074798617302637e+00
2.516750583984053158e+00
2.411793126600136450e+00
4.022534121401288409e+00
4.800562503632486155e+00
4.674521796495516135e+00
4.422678276010165277e+00
4.401760803635067276e+00
3.367496768262528306e+00
2.511405521327643608e+00
2.407710633152081670e+00
2.343764858829440190e+00
2.281482410797173177e+00
2.261130411274278273e+00
2.230884162775423452e+00
2.272028114587815395e+00
2.258416686531342421e+00
2.251042907586604969e+00
2.221948894520880291e+00
2.198618362557065442e+00
2.288649346511848925e+00
2.564541143624964548e+00
2.864887085941575151e+00
2.922477171119370887e+00
2.629719560164943015e+00
2.282068985860751908e+00
2.306597715483357014e+00
2.454393775409966061e+00
3.321397418862260587e+00
3.511900600246847137e+00
3.720227037218443833e+00
2.669276170953164939e+00
2.361731496238911099e+00
2.288426124280240614e+00
2.236621562278109376e+00
2.229215099873998351e+00
2.254366600987517621e+00
2.335129491353346243e+00
2.347139130347766223e+00
2.307038110626619787e+00
2.278668111594047030e+00
2.263842159796368492e+00
2.883996855084256961e+00
2.411475810135990994e+00
2.375437627387291251e+00
2.360295467936289526e+00
2.274224990679875713e+00
2.388451677837509557e+00
2.617691369146484259e+00
2.742861268516659123e+00
2.660202775742023462e+00
2.563452937440783952e+00
2.458456223691558140e+00
2.578159374080486899e+00
2.746138735185068569e+00
2.772618278334513686e+00
2.597843389155664706e+00
2.420460749287950186e+00
3.193633595523066582e+00
2.715935678123187813e+00
3.376310139680279487e+00
3.666714616620459388e+00
3.723487764299688862e+00
3.943048502953406587e+00
3.207826387064794282e+00
2.681329965710692598e+00
2.762727895680634482e+00
2.318163483132612779e+00
2.304344362167715321e+00
2.258039296448432154e+00
2.327881438744978215e+00
2.295156753524143944e+00
2.318230477137792178e+00
2.346878198486434641e+00
2.391157420499991026e+00
2.546151685911401064e+00
2.778412826585704654e+00
3.050103137432130129e+00
3.083216882329216535e+00
2.983541517580873936e+00
2.702322083898461180e+00
2.574896865575058591e+00
2.609034498778028954e+00
2.573032539935892427e+00
2.459978160315749118e+00
2.309663316925054666e+00
2.261690643627883190e+00
2.285431816036389119e+00
2.252547117012546618e+00
2.303447570255273913e+00
2.299783871761634124e+00
2.304598141954722568e+00
2.229399936082129052e+00
2.215320794548221617e+00
2.225424744346540251e+00
2.247839322858552702e+00
2.204269268712660601e+00
2.223562653232624697e+00
2.244931827889665055e+00
2.267512012669556043e+00
2.205394371066098813e+00
2.185256494155123352e+00
2.188373415377287579e+00
2.228160878565381697e+00
2.226461131987170994e+00
2.261475178671830122e+00
2.212465697114403440e+00
2.240433921952547092e+00
2.269077969366007252e+00
2.302741750168991963e+00
2.279873114260817069e+00
2.241913873867875218e+00
2.317295339724097403e+00
2.328562461740793843e+00
2.286483532065742619e+00
2.207467371157453506e+00
2.199256195502482747e+00
2.241510280998927573e+00
2.309987290097457624e+00
2.307001818920900504e+00
2.264676711241349061e+00
2.274278931270577786e+00
2.273422742408564012e+00
2.232766791888738389e+00
2.280245098856498842e+00
2.297407774390299195e+00
2.275145011193446809e+00
2.297978152997574686e+00
2.290496744300391629e+00
2.304429800329964806e+00
2.280806143062592550e+00
2.305019525347689058e+00
2.259535639001518437e+00
2.232548941165636958e+00
2.172407006213091574e+00
2.248772051180447207e+00
2.275338284008137091e+00
2.310399557798667125e+00
2.314366151497134982e+00
2.380163133758181004e+00
2.375846620924067842e+00
2.434491339895370032e+00
2.417759334550634520e+00
2.425171768110105042e+00
2.442198792096283988e+00
2.453491923681742293e+00
2.513184661085400506e+00
2.457089248088630828e+00
2.392650808455127454e+00
2.394819239179513115e+00
2.431793818316764444e+00
2.422895494215495660e+00
2.373751691070664194e+00
2.392881927594068259e+00
2.390969739681833683e+00
2.402436361437872758e+00
2.375311658111649127e+00
2.376846610644816948e+00
2.388189790294091175e+00
2.423269430210557740e+00
2.357678360725151911e+00
2.322787560801365725e+00
2.366424869577565371e+00
2.717119562063765148e+00
3.205508817737084737e+00
3.790669798328082152e+00
4.224573401809399442e+00
3.998734377007952201e+00
3.516895769282667672e+00
3.538041674271481529e+00
4.720850258982129510e+00
4.812961451112738764e+00
4.196938395524061782e+00
2.772407585290972865e+00
2.745509229363556791e+00
3.416900150159456029e+00
4.801687154469437502e+00
5.403731341362769669e+00
5.079493422249212742e+00
3.784859631489450482e+00
2.892971598656016496e+00
2.761979692895236926e+00
2.632958721651161849e+00
2.901768024214029573e+00
3.430741715132181291e+00
3.466866575728229094e+00
3.092615769714147422e+00
2.438395127802213125e+00
2.460743776965040208e+00
2.615719978027136960e+00
2.669442805962443988e+00
2.637758992541088254e+00
2.636036368422260967e+00
2.581407867703833237e+00
2.567871714011254358e+00
2.429209465642405696e+00
2.382808705989000408e+00
2.366651311411835490e+00
2.386172445454543212e+00
2.368225430365153539e+00
2.426333838776411067e+00
2.484550854250730634e+00
2.495649100426839961e+00
2.795143578230768089e+00
4.911467889117314911e+00
8.084256174323687816e+00
8.389468566489389545e+00
6.904339295481600303e+00
3.435385108389914954e+00
3.264872804278678320e+00
4.733281119712756890e+00
4.940581031218130192e+00
4.473766227633815262e+00
2.946608905060935424e+00
2.503673399033765179e+00
2.534338607803206411e+00
2.706475974144640251e+00
3.150464938660487935e+00
3.433002624516503065e+00
3.396294876471366742e+00
2.886515414164179560e+00
2.444631137101000995e+00
2.434767531290706444e+00
2.431668313512140411e+00
2.442864523075640282e+00
2.452425459952288112e+00
2.549738138963995038e+00
2.691127501537393218e+00
3.642439280185554740e+00
4.272271838156116885e+00
4.097833718141070669e+00
3.222890949090250867e+00
2.440509180317671056e+00
2.457728812306068988e+00
2.481793972525589087e+00
2.488333346635154264e+00
2.459221971493895875e+00
2.465117719492120774e+00
3.668891182458464240e+00
6.646839140340024876e+00
7.221372541117449195e+00
6.322774897044658893e+00
3.316855563254331063e+00
2.464982165902543709e+00
2.392276629157993995e+00
2.386475954916730036e+00
2.344627613561259150e+00
2.413910265696854740e+00
2.897047153204217906e+00
4.233723580090127392e+00
4.521984768993972281e+00
4.094567206963376726e+00
2.803478282931079146e+00
2.453042806476438908e+00
2.424243546557892870e+00
2.472565918683970576e+00
2.495695634541889252e+00
3.021203898999226922e+00
5.967336374219562423e+00
7.373691168588336176e+00
7.119585065569737026e+00
4.599783941435624079e+00
2.695717955850387426e+00
2.469850930299256841e+00
2.376332755378365746e+00
2.355306837215377147e+00
2.387301079650928859e+00
2.339572027592021985e+00
2.353772343969218195e+00
2.398053807746745925e+00
2.101901644420115733e+00
3.098194479575629767e+00
3.805334940725088266e+00
3.900622025159761641e+00
3.389261991136177876e+00
2.586457663795885153e+00
2.372749330296281656e+00
2.401165970464372190e+00
2.536031157878190001e+00
3.919067971564735409e+00
5.528192758023525499e+00
6.066793885150995713e+00
5.195055325888850994e+00
3.344048236468263102e+00
2.479661725537868122e+00
2.171392776864194740e+00
2.528566981825040472e+00
2.557566750390624755e+00
2.496390448402370232e+00
2.437241831521093527e+00
2.398355997635786885e+00
2.432367383718218701e+00
2.423087721381057769e+00
2.444820907508349794e+00
2.457833877978941484e+00
2.459255518569285037e+00
2.506930276552080006e+00
3.642168978853521200e+00
3.749492729286890924e+00
3.589080586622820146e+00
