2.872755964492302283e+01
2.730651645731596844e+01
2.725512158555112663e+01
1.556464162543993446e+01
5.356566051039556697e+01
1.465276885295765474e+01
9.921584684729024772e+00
2.606045612293634761e+01
3.843961909692485079e+01
3.129726917751293058e+01
3.424626581207128595e+01
2.602975053204875877e+01
1.370988798691799104e+01
2.226069869135902124e+01
3.404586548738217999e+01
3.032376591417314415e+01
3.282599301146964166e+01
3.893058032279737546e+01
2.012191854984366657e+01
2.228009288090322926e+01
1.745274755712010162e+01
1.571585643971813617e+01
4.086729702647757989e+01
2.356117925531428980e+01
2.848151917753777695e+01
3.593282424240304351e+01
1.228640672831490477e+01
3.360114883592775215e+01
3.764628406845788078e+01
1.762143172431919780e+01
3.009638358891604426e+01
2.456615099096508814e+01
2.823706943932609192e+01
3.941130573030174133e+01
1.497177336961706118e+01
4.291074035313946666e+01
1.525037449663009248e+01
3.849851356348767695e+01
2.521954341808196531e+01
2.803582433499814286e+01
2.281920374051802369e+01
1.737594021060627369e+01
2.036291874623488241e+01
1.694780023735264862e+01
3.203582966263872578e+01
3.465283378089563371e+01
2.003796519755056948e+01
2.148262686698450352e+01
2.974293754065542217e+01
1.312969586702996594e+01
2.340594099013929252e+01
2.458026813518961973e+01
3.707847525131486321e+01
2.521782261584126417e+01
2.410969026227881074e+01
2.359168185003261087e+01
2.334959908891165625e+01
2.579590305979060361e+01
3.303500768869798065e+01
2.507860940499913127e+01
3.799778319010440697e+01
1.085738591944970644e+01
4.316744327044578000e+01
1.950315757800169791e+01
2.506868926641599771e+01
2.956172066145617805e+01
2.597515537665817220e+01
3.096759226126538778e+01
2.820611412444009503e+01
2.577747975699070082e+01
3.631206235036885488e+01
2.320489087061724121e+01
2.638281271468273914e+01
1.987193820981184444e+01
1.862080450649257202e+01
3.706712914204652520e+01
2.741488991447679879e+01
2.409923446169371175e+01
2.441206978786253146e+01
3.111742087530443968e+01
2.168283500155777688e+01
3.458353282915641813e+01
2.444596618191938475e+01
2.604125810434963029e+01
2.455971562822102072e+01
3.031175646976658555e+01
2.542249079972730641e+01
2.847339966807811606e+01
3.206103076523242379e+01
3.086270002735826168e+01
3.415417871486267387e+01
3.070351334142932131e+01
3.129765449045193293e+01
3.066171021117364859e+01
1.925344395000401576e+01
2.728751956601141515e+01
2.771276317084861063e+01
2.787786699722085615e+01
3.037298530224564885e+01
2.425698500089446696e+01
2.671666415457221433e+01
2.616479077400710906e+01
2.945599654305975079e+01
3.115022179771879252e+01
2.840618401873472010e+01
2.469085022754257963e+01
2.948339507250710412e+01
2.558188786766735134e+01
2.734888920391690093e+01
3.062831230195518728e+01
2.003973715191419203e+01
2.024582831628132240e+01
2.607227779169852511e+01
2.397856705040675607e+01
2.927545686347543352e+01
2.629165629700835893e+01
3.132334960455489536e+01
2.203696532062021873e+01
2.831232182673324260e+01
2.322381029011007669e+01
2.631285243687589315e+01
2.989036982664758213e+01
2.531533418365648913e+01
2.576851700239582144e+01
2.737043505542157007e+01
3.491636857652319748e+01
2.469452484643514723e+01
2.701261233946030060e+01
2.248288881496745972e+01
2.960714846300075109e+01
3.235589580917810082e+01
3.084442307905804270e+01
2.742771718008576798e+01
2.895298819515960176e+01
2.852786517952336709e+01
2.775160386474982488e+01
2.916370614715281206e+01
2.958623524152433859e+01
3.015906699037682159e+01
2.507607979092808037e+01
2.691693582972603238e+01
2.588508404329275336e+01
2.881094811909675002e+01
3.224677400027169227e+01
3.106989535978015127e+01
2.543465498786291690e+01
2.801110546668190793e+01
2.899602149579981258e+01
2.623218494532351741e+01
3.342630701739722099e+01
2.828898602829418607e+01
2.411674777732600461e+01
2.807602740332835722e+01
2.801831627137060821e+01
2.350435386847733099e+01
2.483930049823076303e+01
2.814180965021007452e+01
3.051029549449590661e+01
2.870997567882132984e+01
2.937515282974948505e+01
2.922558011903656094e+01
2.635560408805416444e+01
2.709656345213851836e+01
2.822515981281643249e+01
2.538149579144472412e+01
2.747241968189499772e+01
2.557432623792023207e+01
2.521271943753695766e+01
3.021557517985137764e+01
2.875140935411687693e+01
3.125719201122958424e+01
3.186295460879229680e+01
2.772049174396011040e+01
3.235757718620687484e+01
2.822071794091175434e+01
2.463039542784206759e+01
2.793267272842977178e+01
2.906127838044025324e+01
3.247491163727436003e+01
3.180264488866248485e+01
2.782479546019383676e+01
2.396157861570909020e+01
2.807525831439629016e+01
2.729452470638663186e+01
2.500314741604960034e+01
2.907658150440040501e+01
3.017314389471179226e+01
2.849383478210701526e+01
2.893570297327172014e+01
2.867242978003254450e+01
3.128364010625604763e+01
2.811224457461623061e+01
2.678313613137890670e+01
3.234143952582483195e+01
2.921345245626373099e+01
3.249534811468428330e+01
2.932582393784838715e+01
2.908192921099093198e+01
3.063137361202538500e+01
2.569913401834877220e+01
2.829429385035587075e+01
2.775175736910248858e+01
3.132654270507118355e+01
2.806551765574875290e+01
3.015925985517985097e+01
3.145510252171723309e+01
2.703043067271800481e+01
2.528270073070598301e+01
3.088061521429339962e+01
2.637064419553954409e+01
3.048806475288406759e+01
2.777120050769025639e+01
2.991664827569333696e+01
2.709223644335096992e+01
2.923417960170968399e+01
2.971072206022220641e+01
2.581190695872033913e+01
3.208087221144522516e+01
3.401039610371201860e+01
2.952968581335948173e+01
2.923920593253884448e+01
3.107813811772743762e+01
3.098757198990403694e+01
2.826808777384864158e+01
2.848848686665628094e+01
2.496535156271578160e+01
2.771138678057717897e+01
2.772763732044750995e+01
3.239377185988924168e+01
2.650580751266841162e+01
2.909727807204700056e+01
3.019505666828389323e+01
2.993717471759375925e+01
2.463207461080874339e+01
3.090163106354860290e+01
3.172849942505755649e+01
3.197938302624164564e+01
3.418105370397335463e+01
2.632250453150493641e+01
3.161381774341147732e+01
3.409927428475226208e+01
2.694490202930278144e+01
2.883373264206791475e+01
2.078154632682515413e+01
2.638073391780489985e+01
3.993782627675201269e+01
3.605252990269909219e+01
3.112402505479953518e+01
3.177967904563125146e+01
3.014328843556760873e+01
2.593177039925474148e+01
2.821820169493215502e+01
3.082971906093915138e+01
2.876787161213191268e+01
2.575237235498536492e+01
2.668465310657901668e+01
2.480245264217974466e+01
1.844911653426101239e+01
3.342210748949190702e+01
2.615750431761151518e+01
2.668362241165428017e+01
3.120085987016398477e+01
2.846574685058862997e+01
2.870524657219511511e+01
3.101776763306056139e+01
3.070391271414667855e+01
2.787647685192485625e+01
3.105478282602008377e+01
3.077422975583406739e+01
2.940602581071049570e+01
2.942161441139904809e+01
2.895707820809257527e+01
2.775172279578901069e+01
3.059457567873334582e+01
2.980402324253737234e+01
3.096862488200858721e+01
3.509157367225390800e+01
3.084950363181940958e+01
2.922907732619639987e+01
3.360125840936898101e+01
2.851112688294406183e+01
2.856906732699007279e+01
3.112002568220550813e+01
2.714310695924795525e+01
2.928002815325147523e+01
2.938897149258193053e+01
2.942124924743230707e+01
2.926076620675655704e+01
2.875643717786048370e+01
3.406633577976946725e+01
3.365845496513063750e+01
3.001221152785151602e+01
2.892617799314709615e+01
3.097789633973594547e+01
2.701310998825255183e+01
2.827280148545832716e+01
3.442180023661191512e+01
3.094311324390826812e+01
3.112531457429860993e+01
3.018885548763310567e+01
3.084846340263149855e+01
2.458479653483034255e+01
2.966087735595405661e+01
2.741004889567327396e+01
3.027143675739756645e+01
3.047630564543205267e+01
2.864334798794313741e+01
3.039221024255128256e+01
3.028407015678065406e+01
2.924278596476454695e+01
2.647389392756467430e+01
3.079265530802688389e+01
2.818168355836802164e+01
2.938092929442282042e+01
3.341696955111453349e+01
3.011119429574806361e+01
2.749151859812175402e+01
2.990286414039391616e+01
2.564138300010856142e+01
2.463835965735091804e+01
2.615913538268098648e+01
3.110098015952702610e+01
2.479153455276332352e+01
2.686216970463035025e+01
2.590399024983947740e+01
2.716413164767785204e+01
3.485853317202275292e+01
4.513208710225751474e+01
5.501430068725976241e+01
6.230877624768097434e+01
5.227862744080139379e+01
4.497785725110369981e+01
3.333918485217292726e+01
2.296181450061087403e+01
2.622278847474213137e+01
2.621649703817336174e+01
2.596171415362740476e+01
2.863661766054537594e+01
2.617513008679863162e+01
2.657752437364658249e+01
2.978285861037018734e+01
3.105038184520372369e+01
2.752663958059668303e+01
2.867114835487918256e+01
3.404992316556343468e+01
2.964900540592596201e+01
3.586431414468226819e+01
3.141427982880127701e+01
2.885649894727983522e+01
2.561963146682946757e+01
2.957480582803011870e+01
2.684041582255876435e+01
2.661199303604204403e+01
3.395976786795823443e+01
3.089152364899047143e+01
3.091737396920240144e+01
3.078522923209281714e+01
2.799669153442491520e+01
3.077195018301957319e+01
3.072571099689847784e+01
3.147032794723930849e+01
3.160526691238821684e+01
3.064952525618284085e+01
3.379174439430062193e+01
3.351503946202212347e+01
3.598811460905346848e+01
3.028320305865787887e+01
3.163122598100140337e+01
2.972670861074766790e+01
3.239045728733431417e+01
2.985519924182525386e+01
3.397895306448885577e+01
3.260812085722010067e+01
2.857149607121307966e+01
2.960519855410774781e+01
2.744454793022332240e+01
3.026848994766073631e+01
2.994433676370575981e+01
2.766748256931071381e+01
3.353363936258610067e+01
2.750622595344639620e+01
3.077160692165348621e+01
3.279050083121607884e+01
3.251577581759166691e+01
3.415866740795216572e+01
3.024883802873488747e+01
3.228721875816663101e+01
3.027981239519515100e+01
2.977361386284713873e+01
3.132311936739064961e+01
2.913017559710051430e+01
3.006810202724405201e+01
3.305125550509467303e+01
3.467988839581144589e+01
3.364849836022614227e+01
3.135136650225996036e+01
3.914895047505235226e+01
3.353031017586506835e+01
3.048334622196859200e+01
2.844054080314556288e+01
3.392810131010891439e+01
3.170301769572290240e+01
3.335973703309102945e+01
3.393862750260989714e+01
3.240670433584285348e+01
3.452548622825941749e+01
3.686496702894586974e+01
3.401429353593270122e+01
3.322317058010170143e+01
3.133048786885615655e+01
3.609501568822322781e+01
3.313674066544353991e+01
3.221486349116327830e+01
3.169244168209081636e+01
3.354195463326316684e+01
2.855675523862837295e+01
3.496011520497040692e+01
3.202683363703611263e+01
2.557894295002284579e+01
3.001190898782599348e+01
3.650063415591976224e+01
3.284970405336168398e+01
3.611058869781918190e+01
2.863196329868072354e+01
3.199212326451317878e+01
3.463779457767066106e+01
2.875363509886493318e+01
3.339893918459053168e+01
3.130692837268324524e+01
2.734291202747001748e+01
2.964440222687017723e+01
2.764188714335891461e+01
3.349846584223723056e+01
3.094866355261966007e+01
3.035845886264171867e+01
3.568014516829394722e+01
3.642898871375127356e+01
2.914147760124938458e+01
3.561019419755439230e+01
3.285593598663778181e+01
3.706427068768059740e+01
4.644956835742875967e+01
3.530601261887135678e+01
4.445507562681991232e+01
3.560630190381309745e+01
3.352250998780986890e+01
3.121842607360328969e+01
3.111838444820806515e+01
3.507342184556669906e+01
2.663616366290002802e+01
3.104530216046522639e+01
3.083648543306435030e+01
2.970183762104412750e+01
2.917291348249414895e+01
3.334012909682311232e+01
3.331748652754036755e+01
3.508931930046457381e+01
3.748212747163613301e+01
3.406973921035136499e+01
3.851652445042786610e+01
3.369892648317763673e+01
3.083634140705540005e+01
2.884040245524271739e+01
3.328056493196606880e+01
3.263682825349589933e+01
2.939163092654683140e+01
3.137267271127510782e+01
3.288471018302371363e+01
3.386388966943584222e+01
3.008038292605622388e+01
3.124460259312915156e+01
3.230760535136685263e+01
3.195304757523937411e+01
3.137283475666736265e+01
3.486687404923498690e+01
2.817007138522105691e+01
3.470169506527530245e+01
3.581297766468798471e+01
3.258777430244339257e+01
3.422608205153679251e+01
3.788428460257485852e+01
3.481567505262525231e+01
3.792826208835399626e+01
3.705752008699358413e+01
3.587719470883050832e+01
3.204650798127446620e+01
3.081319472840344886e+01
3.021854743637102558e+01
3.422621624615151603e+01
3.235927756199748018e+01
3.616437774979814890e+01
3.054677317158907357e+01
3.590526383100390717e+01
3.240236481714631367e+01
3.698004370130177421e+01
2.714163956118482801e+01
2.988772511945568766e+01
3.077626123344155928e+01
2.556917787273019371e+01
3.015095259307671327e+01
3.162027438691843528e+01
2.889227851360447730e+01
3.206078683455488942e+01
3.088047084273695475e+01
3.548089591186001712e+01
3.111595037899114757e+01
3.200765836876732351e+01
3.712132293668821603e+01
3.057731377752708113e+01
3.785542120640068475e+01
3.343533932843869394e+01
3.291835629438713795e+01
3.563427444091539797e+01
2.837480480465027100e+01
3.192208865980260768e+01
3.030330777650025809e+01
3.260453979486716491e+01
3.243780203931763140e+01
3.199084611572159176e+01
3.480261571271933718e+01
3.080141516843798399e+01
3.365044204668657812e+01
3.490968709034635964e+01
3.419200103005842095e+01
2.546463613228347000e+01
2.131782736968879632e+01
2.576815866402852251e+01
3.260629792990799558e+01
3.025351871400565784e+01
2.905104644424249827e+01
3.397988775635773351e+01
2.958567192697203652e+01
2.684502158013402706e+01
3.065329201728734176e+01
3.209390804287559007e+01
3.195613622672983567e+01
3.228481885258883466e+01
3.507460619496951892e+01
3.656697406220148139e+01
2.949527847645902057e+01
3.095322947069408670e+01
3.168382648155420611e+01
2.887844927671925888e+01
3.476176721588486629e+01
3.205355870257276507e+01
3.115746397000591017e+01
3.262190717495233372e+01
3.332802259546640045e+01
3.412519144381119673e+01
3.230521586232743658e+01
3.363359636694214316e+01
3.124042701620230389e+01
3.087855480896494953e+01
3.100596296002682095e+01
3.372966998722045417e+01
3.206929296672604579e+01
2.966660533979418446e+01
3.230323213400052396e+01
3.379632823145801979e+01
3.309385362270271003e+01
3.188129200776025129e+01
2.624687449009731921e+01
2.813839952983663295e+01
2.978551476065756987e+01
2.757990818957711099e+01
2.667495309010613980e+01
2.485432962027410042e+01
2.925064888866103630e+01
2.935052392629702567e+01
3.431961688680212319e+01
3.148848208875736177e+01
3.511771926330077775e+01
3.378446791377179181e+01
3.365903304977380373e+01
2.611153779708519451e+01
2.767777884587503578e+01
3.106154033715517215e+01
3.081207759901886689e+01
3.371181187105124621e+01
2.951648850180615824e+01
3.098461531372396749e+01
3.414735353428100240e+01
3.288328649951045435e+01
3.160696821779355759e+01
3.323443852317326019e+01
4.019239563687666106e+01
3.570121633655324445e+01
3.631849970139455763e+01
3.789225898193638642e+01
3.914507228167014574e+01
3.617670699478480145e+01
3.128334220181700687e+01
2.934129176180774579e+01
3.223818814325831283e+01
3.432215018555862684e+01
3.272042124390804929e+01
3.183429084355197247e+01
3.437516997092416915e+01
3.129054533163694884e+01
3.001584641191629288e+01
3.345449075962162766e+01
3.450392072781209407e+01
3.239780937845240771e+01
3.398313505013626923e+01
3.423393098129223944e+01
3.006828199632969500e+01
3.362915956788358329e+01
3.058348416095403621e+01
3.376152468002028684e+01
2.945987470667757080e+01
3.304108074810207540e+01
3.306283059359270027e+01
3.348573811951921897e+01
3.413522462079124864e+01
3.549120403631541620e+01
3.467549399199816662e+01
3.041551212585287800e+01
3.546648218692536858e+01
3.232016229538297836e+01
3.517576674039023743e+01
3.773585619681110614e+01
3.406146383286798596e+01
3.623960719223152438e+01
3.176499271458122209e+01
3.721217424441736910e+01
3.148391596159380512e+01
3.418171162214442660e+01
2.725158504093900547e+01
2.693757380051382810e+01
3.336384101920283030e+01
3.491820873204110853e+01
3.883004722378915119e+01
3.781153921268465723e+01
3.502264756370801280e+01
3.821131898940779337e+01
3.263304276730650599e+01
3.316159399348745040e+01
3.041899616921184446e+01
2.703965293592141705e+01
2.940635720439185974e+01
3.218969091046332665e+01
3.144099735118618355e+01
2.912395670739894271e+01
3.037461158394961558e+01
3.029415804542878377e+01
3.113354267534656117e+01
3.531991101087434970e+01
3.436101894118012012e+01
3.415029468407893631e+01
3.208812710503345755e+01
3.501778192099486375e+01
2.967567625195414394e+01
3.315320501902537842e+01
3.537798551326595486e+01
3.476629427077219958e+01
3.465988369114332102e+01
3.956445483117653339e+01
3.196568640568771613e+01
3.996083189704061311e+01
3.990318616616126945e+01
3.800931924089439207e+01
3.515067291395842375e+01
3.478873626950797160e+01
3.646806426715962601e+01
3.615768097103945422e+01
3.201877525238180766e+01
3.949100449922310219e+01
3.188242859679266061e+01
3.764359679797240688e+01
3.325916733347524712e+01
3.895984029260138470e+01
3.308325481304397897e+01
3.801918558613888166e+01
3.980405851776855286e+01
3.773028699236271422e+01
4.262701580871903673e+01
3.286353587183737091e+01
3.249497650056800779e+01
3.376187125024760149e+01
3.693720378175691366e+01
3.689054067276983773e+01
3.513184321890668116e+01
4.058027696926765060e+01
3.713217157640679034e+01
4.148097698893331398e+01
3.268631528637466488e+01
3.843197723811197619e+01
3.438596801380968770e+01
3.765358288190137870e+01
3.194430798119990911e+01
3.755970548976400636e+01
3.447411255828545507e+01
3.713164108529002050e+01
3.439033834667347378e+01
3.580883090513005840e+01
3.401445152704219765e+01
4.102505227182948744e+01
3.214025760516486940e+01
3.305145361238520252e+01
4.025885875160214766e+01
3.619308982089637539e+01
4.055271588330944610e+01
3.428548706904218335e+01
3.616386993126316440e+01
4.017061073687911943e+01
3.522807624522462078e+01
3.675871017465517809e+01
3.700669902635763719e+01
4.551664535337356199e+01
3.675578335002242625e+01
3.697117660975826681e+01
4.106060917440021285e+01
4.152369436162550187e+01
3.726954221353039998e+01
3.849253488202364082e+01
4.001301703883295602e+01
3.880183027939645513e+01
3.689965086930858007e+01
3.418016483131233230e+01
3.527334837696744074e+01
3.555886701726724652e+01
3.791225363483595601e+01
3.799580183306868975e+01
3.489802551984081447e+01
3.920963658333555912e+01
4.011831381464577362e+01
3.822995084016922362e+01
3.886512908606480465e+01
3.270494624698505959e+01
3.644424050980590124e+01
4.071204162244644209e+01
3.942460758709471946e+01
3.744211324362255056e+01
4.041079490988816048e+01
3.695686152602793584e+01
3.284511014570743725e+01
3.485975323552292338e+01
3.966698723457658105e+01
3.675354168233307917e+01
3.762627823584666942e+01
3.532455904239956368e+01
3.872265515577070261e+01
3.232773700496094449e+01
3.793802423743226626e+01
3.803461380867004493e+01
3.017849952091565413e+01
3.273558309233076358e+01
3.078902667456456754e+01
3.779134924495154735e+01
3.660719384973799606e+01
3.909004042929422695e+01
3.613138275178707204e+01
3.856295825469567973e+01
3.704402502375107531e+01
4.044852241245554580e+01
3.575684884436189748e+01
3.761678258816987608e+01
3.921418612932799164e+01
3.659297964976826023e+01
4.528404812818380520e+01
3.743862062886069708e+01
3.857995842268420716e+01
3.697717614162166200e+01
3.840996910358572336e+01
3.483837182692170131e+01
3.894354465895723649e+01
3.343199076958521232e+01
3.701918591815316262e+01
3.846534535724974546e+01
3.221734401695041328e+01
3.690913765560257787e+01
3.413995013204566931e+01
4.038631988833318331e+01
3.742202066721505105e+01
3.482942187012773161e+01
3.771196783008188191e+01
3.270607637273737822e+01
3.761958521820157131e+01
3.765408123734764700e+01
3.558068355776790526e+01
4.014268022606187003e+01
3.818959434532765584e+01
3.796666533201462101e+01
3.565151550632064925e+01
3.369752202821016596e+01
3.817239678030376382e+01
3.741881737758127002e+01
3.173385262922442607e+01
3.947803601578816313e+01
3.653341158066022132e+01
3.276358514620689277e+01
3.093138060577483017e+01
3.688982130372124857e+01
3.703564458019256023e+01
3.776286466122760288e+01
4.104121471669154175e+01
3.526585998756839047e+01
4.044149143517953604e+01
3.441839240959723156e+01
3.650722530125873533e+01
3.486437595053109817e+01
3.411768767755071252e+01
3.980341608846153889e+01
3.497022751218860748e+01
4.068451860052694968e+01
3.857959279308437317e+01
3.981732756657186911e+01
3.705741231897981436e+01
3.668097854943101765e+01
3.922305471230657048e+01
3.793756515568419019e+01
3.375735040295000999e+01
3.501251847799223782e+01
3.723295219696039027e+01
3.592168916221573483e+01
3.474443278396246626e+01
4.167127114788692666e+01
3.176138571855334547e+01
3.759152102383119143e+01
3.500576622360759416e+01
3.738313895932620312e+01
3.639921715619922793e+01
3.148784843329956828e+01
3.660453529663492844e+01
3.866402836156912315e+01
3.581000375422951976e+01
3.808751566687256229e+01
3.357906732566334540e+01
3.829340407984100381e+01
3.748137098370263942e+01
3.984555240476515792e+01
3.410712768967443509e+01
3.652010036570091245e+01
3.908759571068875971e+01
3.556592382192167889e+01
3.881953284393959791e+01
3.969253803508647849e+01
4.144749614031363905e+01
4.262114609888961070e+01
3.721405972902316250e+01
3.946384761419854925e+01
3.324487132221003094e+01
3.943830146493183975e+01
3.796773418631664043e+01
3.491310459217540085e+01
4.041772315238357294e+01
4.108699438159640493e+01
3.432256950553932739e+01
3.744341385231098229e+01
3.662955860407124931e+01
3.542080130221522438e+01
3.619911286962692287e+01
3.792595913161955679e+01
3.994634761619054331e+01
3.955109440444447699e+01
3.973156885665058979e+01
3.795972444411853530e+01
3.944992997277017110e+01
4.420468342775834714e+01
3.696948479321861925e+01
4.587987257962804222e+01
3.173481347440540645e+01
2.501936604322165181e+01
3.151147503219361923e+01
2.749263765510761459e+01
3.249308800009031728e+01
2.864719966250394023e+01
3.276851409169452012e+01
2.991076695964783738e+01
3.777902595353194926e+01
3.506859336709204200e+01
3.629547987901987227e+01
3.555737687527606994e+01
5.103122352000232809e+01
3.780553601916965789e+01
3.531037653908376228e+01
3.785325217638464323e+01
3.547308686102157083e+01
3.457563089611772256e+01
3.267441467856789927e+01
3.662270855260048563e+01
3.398899072379566633e+01
3.847922790536413373e+01
3.243212744302314121e+01
3.763152725015738298e+01
3.167626759250569890e+01
2.722134826671248575e+01
3.803550374573383408e+01
3.887659691161015019e+01
3.693366380296921392e+01
3.717615471360122825e+01
3.336486246769047881e+01
4.096718000697227069e+01
3.699770031695874195e+01
4.099782452597769122e+01
3.175081636300821231e+01
3.588299265187496445e+01
3.047589155988794118e+01
3.966554266068713019e+01
3.656443837732751945e+01
3.692268539992013388e+01
3.936872872238024712e+01
3.633568523038679388e+01
4.424578066650263253e+01
3.792438362457106393e+01
3.637302317456565959e+01
3.806051511326737824e+01
3.501648378313778665e+01
4.254745412524800230e+01
3.461840795406052251e+01
3.921504958112388550e+01
3.479039657526183049e+01
4.455458128042606347e+01
3.830502989442832273e+01
3.841532026485021589e+01
3.953221017845037011e+01
3.867327435776801536e+01
4.083450740843966287e+01
4.154309207000605397e+01
3.956948586635184029e+01
4.177539091824241524e+01
3.822823156370836983e+01
3.983443603768283481e+01
4.529860558527239078e+01
4.212200420203586049e+01
3.840165200712060312e+01
4.268757652901465605e+01
3.838227772610493815e+01
3.627536377190028105e+01
4.069676520484479454e+01
4.060310731130301320e+01
3.870615319536240406e+01
3.812294475567117757e+01
3.909559167031673610e+01
4.018685925037267737e+01
3.591270708763327946e+01
4.162333274414632456e+01
3.919364167877422034e+01
4.097030953311480772e+01
4.038020695783822589e+01
3.871692131596662989e+01
3.786869062697762445e+01
4.126089418919425356e+01
3.827080581380226931e+01
4.430996157759682319e+01
3.810741463899567805e+01
4.103659637384828329e+01
3.922737850158336670e+01
3.800712871357529110e+01
3.933532953693793388e+01
3.864927105435735655e+01
4.349980762461051853e+01
4.676233949177408533e+01
4.129938643717122915e+01
4.777821944171972035e+01
4.048275804756904250e+01
4.040017808436476798e+01
4.153533097716329792e+01
4.096137819752332376e+01
3.754838818298794934e+01
3.803941593341086502e+01
3.929671193138838703e+01
3.815425983883821459e+01
4.240487163948448313e+01
4.012543969145141887e+01
4.172904235961703989e+01
4.016447688232263147e+01
3.831608196967906821e+01
4.483603595505257999e+01
4.242136007524863572e+01
4.199514911431460717e+01
4.102561241323378027e+01
3.747557448484096909e+01
3.994694103111785211e+01
4.406200186813563136e+01
4.185273080572546434e+01
4.648501407696251420e+01
3.952801544477531337e+01
4.258761191535640478e+01
3.917456900733785830e+01
4.093492349215181036e+01
4.117707304315315042e+01
3.729135012869267740e+01
3.847693978227441391e+01
4.464584586498079233e+01
4.069017335366387300e+01
4.334525591497630614e+01
4.039090484651580226e+01
4.257310174866571373e+01
3.996034204788094968e+01
4.605096251445014843e+01
4.351421358705819387e+01
4.457660257762221079e+01
4.033472527493333359e+01
4.501589240519393087e+01
4.232784763523574867e+01
4.417377571409961234e+01
4.152225087191143871e+01
4.220750410307786638e+01
4.311274426990643605e+01
4.411220983906064674e+01
4.322780746219849846e+01
3.925929892960713374e+01
4.162390797429050338e+01
4.341297737027196035e+01
4.162440480977480206e+01
4.095897847912771539e+01
4.006473176989749163e+01
4.337698657337941199e+01
4.325673760812112789e+01
4.436838310289671483e+01
3.945155595110335156e+01
4.655012830863917372e+01
4.143081861033434166e+01
4.125546522856108567e+01
4.902434610112958069e+01
3.749527300740047764e+01
4.660985773334699900e+01
4.012517134637909777e+01
4.365409348426698699e+01
4.214966109020915042e+01
3.976541724286131085e+01
3.968931228235760500e+01
4.431799680149068621e+01
3.753594867023472403e+01
4.447221756958414574e+01
4.267226042342110048e+01
4.371459150904122026e+01
4.517477809484949347e+01
4.138352414823793168e+01
4.065259834856976795e+01
4.486113098764832330e+01
3.851802937582348108e+01
4.201902884584063713e+01
3.839128056301234437e+01
4.071355969630446481e+01
3.978210975262424398e+01
3.561083054749234122e+01
4.446926956334601755e+01
4.329783314060858856e+01
4.293156386679322623e+01
4.428651719264844644e+01
4.664912273170480006e+01
4.132751484011965459e+01
4.253811297422937088e+01
4.175504066241121848e+01
3.754813646917558856e+01
3.971804739187430755e+01
3.950878588989767337e+01
4.084643933460873200e+01
4.219787154482740021e+01
4.045443427052953922e+01
4.006395955536750364e+01
3.599094594670174985e+01
4.119061552146941807e+01
4.393946990015928122e+01
3.700836919777977130e+01
3.945179867214724112e+01
4.546978876671467162e+01
3.795846559769373840e+01
4.024797972137098867e+01
3.534500323599301197e+01
4.405400442575273701e+01
3.921628601715816842e+01
3.778324409496685377e+01
3.877414195142884523e+01
4.703176174149124478e+01
4.859029288107162614e+01
4.370026124542845736e+01
4.697248814834307495e+01
3.851697579346250677e+01
4.333596776126732664e+01
3.299773038152882521e+01
4.817936553256112120e+01
4.200339963208373462e+01
4.289729213831094512e+01
4.192423293353909486e+01
4.754297619300504607e+01
4.424189050587153815e+01
4.534821828978525105e+01
4.102919533740910651e+01
4.244287970798841769e+01
4.357546201804294128e+01
4.211410191546899284e+01
4.487985573338192324e+01
4.272198747717872891e+01
4.094533818927293112e+01
4.650744674729218531e+01
4.605953017264122451e+01
4.436239308409244586e+01
4.336815157426175915e+01
4.586689523861065965e+01
4.630105049551282548e+01
5.308549530849924736e+01
4.463832089784450829e+01
4.393853024744235114e+01
4.315973796057105716e+01
4.403693368225855664e+01
3.888005745145814274e+01
4.981128400013321311e+01
4.645382207465306834e+01
4.646273748933627701e+01
4.524418406283754734e+01
4.523649326046151486e+01
4.460261928087930272e+01
3.888457494800550762e+01
4.278656483859169413e+01
3.967941458431523216e+01
4.673103586876707993e+01
4.568586095486049459e+01
4.517118797469018432e+01
4.107361544483745774e+01
4.331936281589828752e+01
4.254761808053712713e+01
4.739171496163986319e+01
3.883610582124472188e+01
3.009649108774777559e+01
4.525470464307884555e+01
4.309925981473509182e+01
4.391577264729727403e+01
4.275304517719039410e+01
4.121238344109295326e+01
4.480058872708709572e+01
4.376120207773594473e+01
4.693924101518703651e+01
4.070363643720438773e+01
4.436030977520025687e+01
4.227706060067515637e+01
4.024717306835500352e+01
4.594638994515339903e+01
4.658350838083875800e+01
4.599744647377545448e+01
4.580177132915801508e+01
4.225200614040689118e+01
4.383162994303658166e+01
4.236896805838016888e+01
4.482354393103077683e+01
4.682034042241112815e+01
4.551542859078126924e+01
4.622002028004035878e+01
4.830069988186057373e+01
4.432033794115997694e+01
4.825140050785222456e+01
4.180776511754159230e+01
4.882726438572701255e+01
4.949258834436732002e+01
4.427438501029657658e+01
4.640054005263260706e+01
4.701498074135277960e+01
4.284985583617701366e+01
3.908867940373134076e+01
4.514947350158829664e+01
4.122136319474718391e+01
4.314249512384626684e+01
4.191706544691829350e+01
4.478738163498427127e+01
4.325503872190350307e+01
4.622278208285516143e+01
4.556599522992726747e+01
4.406902319623574726e+01
4.710051769670536004e+01
4.714099120723392389e+01
4.465303181165864288e+01
4.454815108352352127e+01
4.405755568137504952e+01
3.922625654155289254e+01
4.325279279036158897e+01
5.025989064426574515e+01
4.075268831792473634e+01
4.814807808256574617e+01
4.355832254437355289e+01
5.818713231505114436e+01
4.552813569623307899e+01
4.580020068540519418e+01
4.321619312904338983e+01
5.038286849792095268e+01
4.375635959173558831e+01
4.161445793814512939e+01
4.417196243358497298e+01
4.267543729261013397e+01
4.457255986160598837e+01
4.354967837400369035e+01
4.341538132113964821e+01
4.655548637109458809e+01
4.400152191131713408e+01
4.952255059574834206e+01
4.605424282713477169e+01
4.406385671147535987e+01
4.636947262253563196e+01
3.219653534545789597e+01
4.034918826988221241e+01
2.751890951430010901e+01
3.996816606518040516e+01
5.139794493271229925e+01
5.235038553016629947e+01
4.271357215417125275e+01
4.080509811344597182e+01
4.384922773066841017e+01
4.679671108987403727e+01
4.303430599456531525e+01
4.165266129540662376e+01
4.492471062140103299e+01
4.497571048090969725e+01
5.048873079150705223e+01
4.207778887703146609e+01
4.238011430812974822e+01
3.601924392005003739e+01
3.952290687143452175e+01
4.341139152669008894e+01
4.051958226065541879e+01
4.243417383415214061e+01
4.679000958578785685e+01
4.518296448657655873e+01
4.459329808858245769e+01
4.815744221154227489e+01
4.908883434610083185e+01
5.057058013482185288e+01
5.224632370000317394e+01
5.069157334129393888e+01
4.922723290219752812e+01
4.898906589775592835e+01
5.432334316200851987e+01
5.168728891667957015e+01
4.777443288546169242e+01
5.413368180855663780e+01
5.476423663945263343e+01
5.527867327366809036e+01
4.819637108386606172e+01
5.053846663937758876e+01
5.269372583902588758e+01
4.528210566044758423e+01
4.349756333509913730e+01
4.829398186281493821e+01
4.831202840527998177e+01
4.668480616717781828e+01
5.170883992405407525e+01
4.498989897552299766e+01
5.264400881887176809e+01
5.117970857631723902e+01
4.608175237920746525e+01
4.583129712343063744e+01
4.551155040322097989e+01
4.426319184077591729e+01
4.632523497480112695e+01
4.516855707312759449e+01
3.830835469441323937e+01
4.265004880386295838e+01
4.169713038206059252e+01
4.371529387508333286e+01
4.249293899432459654e+01
4.726225411582706926e+01
4.202050003676366430e+01
5.002494800308843281e+01
3.814806763589933780e+01
5.148628779576050363e+01
4.314311330578090065e+01
4.731808101708529080e+01
4.096483301726954807e+01
4.382812296920740636e+01
4.586154400612917925e+01
4.480972491642093303e+01
4.894970539677635202e+01
4.646732406773390522e+01
4.609913104129773842e+01
4.510023919210973986e+01
4.708596347438346186e+01
4.275649741874383380e+01
3.792980969437610383e+01
5.722911502443113818e+01
4.109337030619931141e+01
3.886823183807969428e+01
4.923678986161596782e+01
4.296308948454186805e+01
4.956472947928619277e+01
3.640992586306924039e+01
3.762839722655004948e+01
4.518728756979210459e+01
4.817524924351622673e+01
4.437105817044282929e+01
4.038684483200830044e+01
4.444133374909184653e+01
4.380383638317951522e+01
4.820306415992305915e+01
4.777653417536374292e+01
4.106812439283081062e+01
4.552430714388818700e+01
4.385742599490915694e+01
4.595882790110175620e+01
4.185438067584939148e+01
4.174347448043713626e+01
5.073823012425273049e+01
4.239672262388940283e+01
4.927011534005880122e+01
4.465909768413613534e+01
4.867743454155610294e+01
5.007947885898771290e+01
5.117126826924873484e+01
5.324743256321396245e+01
5.204362836379442570e+01
4.536338151113241679e+01
5.060086014641735375e+01
5.277299780331842527e+01
5.034938475175533057e+01
4.646426288107785041e+01
6.176806910049978683e+01
4.173022340352100201e+01
4.699912135792673240e+01
4.459933764348049579e+01
4.311532619343033446e+01
4.583750369395508528e+01
4.786433038705489196e+01
4.901416736381469974e+01
4.536292639247403713e+01
3.884299288990145982e+01
4.969743227580369904e+01
4.509561525681356642e+01
4.172559907319342898e+01
5.024742462607489557e+01
4.562563362571094672e+01
4.886516320739087860e+01
3.668795263733827738e+01
6.293906206686560978e+01
4.611203470138912763e+01
4.978490927262802046e+01
4.234563238060951562e+01
4.471387143088963967e+01
4.421971796872391991e+01
5.056379036385053638e+01
4.515205820013400739e+01
4.565452809859405647e+01
5.103660086445983524e+01
4.450482468628830190e+01
4.981829344103012147e+01
4.614119707082366517e+01
4.834171094514903899e+01
4.848346751669478039e+01
4.505887182691540005e+01
4.852605896527489193e+01
4.815313026152257692e+01
4.083646463288302897e+01
4.006850919221589180e+01
4.731472425075445898e+01
5.381001642167851884e+01
4.225095100193144049e+01
4.845771158381732135e+01
3.766673353742218922e+01
5.034055888895932185e+01
4.920357850507322439e+01
4.684912232804339283e+01
5.042772196791705142e+01
5.277428407998656468e+01
5.070711210207230835e+01
5.806498626598263968e+01
4.829632985513207899e+01
4.288430963955435971e+01
3.919388690912919770e+01
5.246823920674833630e+01
4.675503715275670658e+01
4.353245947138283611e+01
5.028546349468687282e+01
5.194714993751633614e+01
4.888935736040414071e+01
5.472486995897377682e+01
4.927814946077878488e+01
4.657995696361226834e+01
4.787256066728650694e+01
4.990375511718742985e+01
5.308069421831991264e+01
4.362943167974828640e+01
5.267645375763291327e+01
5.257432258849603812e+01
4.638177327006345507e+01
4.726451497155848358e+01
5.077564285124107357e+01
4.183204617361246846e+01
4.601863984567830101e+01
5.091891805631620826e+01
4.656814792684883031e+01
4.257797022712946244e+01
5.993615135639992531e+01
4.045436876017649297e+01
3.991217359006346754e+01
5.008582227419677935e+01
3.389353974819459125e+01
5.181729641360409033e+01
4.386006937026001395e+01
4.445704164504551414e+01
5.024582786834567116e+01
4.914490260261133869e+01
5.001766146309066841e+01
4.925179457252379933e+01
4.743427811736774657e+01
4.795512746431892026e+01
4.548945842652235427e+01
4.821338083974220723e+01
5.093094917071631045e+01
4.701387078127129371e+01
4.309853661496499910e+01
4.893006160593281351e+01
4.285658725035811756e+01
4.394289746919204021e+01
4.388774781601894404e+01
4.550340353406363647e+01
4.986655127882528404e+01
4.857383048686701699e+01
4.806156862408581532e+01
5.486490386294278210e+01
5.091528117537595932e+01
4.678307917573869190e+01
4.515572834517708145e+01
5.707262331976075131e+01
5.237415960821457617e+01
4.769420685633181733e+01
4.345439508712380672e+01
4.586628017258993140e+01
4.849817100076234055e+01
4.133224762694784715e+01
4.477635242226316592e+01
5.384724925062496936e+01
5.491572060477915329e+01
4.325430376064124260e+01
4.514530616998121104e+01
4.866562982745430332e+01
4.464656571111324723e+01
4.955591211170541044e+01
4.353170240340083552e+01
4.596594877796339773e+01
5.085370530539800171e+01
5.478235956304181542e+01
5.224211912740920383e+01
4.767311778182818927e+01
4.593585288682606205e+01
5.444625840963087882e+01
4.884683150698153042e+01
4.873057245149478689e+01
4.692591177398322344e+01
4.921369878460598812e+01
5.438970229162450920e+01
5.215134011803203862e+01
5.248940426703183704e+01
4.855473508197493970e+01
5.560604798642988555e+01
4.491421061521609914e+01
5.126183527901332582e+01
6.311861492931331696e+01
5.021296339842826484e+01
5.454413947862955325e+01
4.647318888651021496e+01
5.946484333712809445e+01
4.368821062250786014e+01
4.406123688894034274e+01
4.545517902914887998e+01
4.924819281610193400e+01
4.911752716154217069e+01
4.808000043287430003e+01
4.792420661281117589e+01
5.289565219197987744e+01
4.554260623893988225e+01
4.930783988760438774e+01
4.311423763358071426e+01
4.578104634851061405e+01
4.914637223511028452e+01
5.386406809473951540e+01
4.334552302463622198e+01
5.262047467545826152e+01
5.184155000720735273e+01
4.714851491020363738e+01
5.509521558527777074e+01
4.781631779995912979e+01
6.012546631080437010e+01
5.228723813654872288e+01
5.330133697730718723e+01
5.179255649072430145e+01
5.552261314711991247e+01
4.603771904666938752e+01
4.689722538424884846e+01
4.368507508524577787e+01
4.936337361957490799e+01
4.921200464071971226e+01
5.031974156699705958e+01
4.704654508903029608e+01
5.037159510038216581e+01
4.436491344517775559e+01
5.436832377703294128e+01
5.989294410996982521e+01
5.091276466452211480e+01
5.489227437990108172e+01
4.440006179849936530e+01
5.779671011348517595e+01
6.900146682186176861e+01
7.889194632800882800e+01
7.181693305875288047e+01
8.071421235094980773e+01
6.530139999483574798e+01
6.011500388713685794e+01
4.453160332708127811e+01
4.373996481431997552e+01
4.461000287237090589e+01
5.420639591832008364e+01
6.448950643935613414e+01
1.395414962935047356e+02
2.408407577946434515e+02
2.725596056865889523e+02
2.930305711693715693e+02
2.925512669617623942e+02
2.448071013096680986e+02
1.585733204194096686e+02
7.720083002057405963e+01
5.442291307465374217e+01
4.548686253728722306e+01
4.210147319102633645e+01
4.698319802860758898e+01
4.561503026214426626e+01
4.800816770125580035e+01
5.060966352830515547e+01
5.753487586001678267e+01
7.892186723986007735e+01
1.104465537612246351e+02
1.342603484695056579e+02
1.373773825973234466e+02
1.288802290815161200e+02
1.203080526628326794e+02
8.317899398095723029e+01
5.500102512544092548e+01
5.352693266469323419e+01
4.823040529282027222e+01
5.115614803982864345e+01
4.756046863366775312e+01
5.391148800093655780e+01
4.777333193115541121e+01
5.417429038479146897e+01
5.126665347110127158e+01
5.613583467057429743e+01
4.622296784953798721e+01
4.813306750646292187e+01
4.475919752623394032e+01
5.325062879153865936e+01
4.892413439969966760e+01
4.878147849780081913e+01
4.780798749351112065e+01
5.036374507838052494e+01
4.306221736993196458e+01
4.741133657543727509e+01
4.856586197241145442e+01
5.615983155368959956e+01
5.138336715073781136e+01
5.359955701345101176e+01
4.812706172232429935e+01
4.574544203676197185e+01
4.638303093199715477e+01
5.075669518913301204e+01
5.293406185320770163e+01
4.652572681246400066e+01
5.230792125884630650e+01
5.000140276686322949e+01
5.209212497350127080e+01
4.847745531364178362e+01
4.963275135735005961e+01
4.593462295302681042e+01
5.292393935019759965e+01
4.941255233522662138e+01
4.445706863097910855e+01
4.610799676433981631e+01
5.031980097069903479e+01
4.626567018303991574e+01
5.163962470921661918e+01
5.064545671653138470e+01
4.973910151164464111e+01
4.889246265431636118e+01
5.490018948603628246e+01
5.556677294221087493e+01
4.665748590489161529e+01
5.009417923689649399e+01
4.564165432742671413e+01
4.794641395168829945e+01
3.777291549505384438e+01
4.994215098438500178e+01
4.689790948018200822e+01
4.707658544538702472e+01
4.835559522368239271e+01
5.484749549305494298e+01
5.162936247534992873e+01
5.359160934890166317e+01
4.979744108233116151e+01
5.066365861920721159e+01
5.243700461389369849e+01
5.136062264451729931e+01
5.289894818040649938e+01
5.501588718095396757e+01
5.159348654811779511e+01
4.411201094887452712e+01
5.587105212994556069e+01
5.151922622621275849e+01
5.260113330417507882e+01
5.501011351620959289e+01
5.314365780643594661e+01
5.655581155738819632e+01
5.325408188774891727e+01
5.172038669585288773e+01
5.183936068550720222e+01
5.598872086522331415e+01
5.427157494828963280e+01
4.816552910654816344e+01
5.074235573235655039e+01
5.172399872397791398e+01
5.412123507276622547e+01
4.790340830732302635e+01
5.264267740066977552e+01
5.860921534365347441e+01
4.300018771929753569e+01
5.322387016562177564e+01
5.341950670789884725e+01
5.471647845629311036e+01
4.747551938279249129e+01
4.792828340109326035e+01
5.199476562725002537e+01
4.958836709726376313e+01
5.151388522549800797e+01
6.109115309726282561e+01
7.568281453833432693e+01
9.594912775126422844e+01
9.834245793509808209e+01
9.879111096938224534e+01
8.871573713328633914e+01
7.376536740388681324e+01
5.972950188591513410e+01
5.642114096556641556e+01
5.587278211883050005e+01
4.955290643698536002e+01
5.800983356057067653e+01
7.126550057838403518e+01
8.272099417046847236e+01
8.100257041416946890e+01
9.009548101900524841e+01
8.045123180067709256e+01
7.865657585423645060e+01
5.972299909493941783e+01
5.389333677628361130e+01
5.335143803836913889e+01
5.448754204579342542e+01
5.144455298442083091e+01
5.454118205031030442e+01
5.226112396344935007e+01
5.347126196259904418e+01
5.845732784814800453e+01
6.450169792769979438e+01
5.987667264881189055e+01
3.154555056554365677e+01
5.956800495093359160e+01
5.341607562895968897e+01
5.230704645579034917e+01
6.107653040405426026e+01
5.075154651058763733e+01
4.510383261074117200e+01
5.101570617855576018e+01
5.386296728123985389e+01
5.446155629366393214e+01
5.298990842176319660e+01
5.822609769675390368e+01
5.230101487802874516e+01
5.343358306418227954e+01
4.969860513467779839e+01
4.589373247989765048e+01
5.138890342919906828e+01
5.090843823178186511e+01
5.245596370046351353e+01
5.400644445785589909e+01
5.819597607094421221e+01
4.415908075701208446e+01
5.150224945961729617e+01
5.059266457761393809e+01
4.557501040527124303e+01
5.115229150763599364e+01
4.631422901473090548e+01
5.775790331184164472e+01
5.089484335305058238e+01
5.158159735380492350e+01
5.485748499229728736e+01
5.569791950127270752e+01
3.363486373323355139e+01
5.937226959151700356e+01
6.428289821037553509e+01
5.390529815301888306e+01
5.524319599171938933e+01
4.934748283361845722e+01
5.366041421417531154e+01
5.484813938323766536e+01
4.578942289148895384e+01
5.391869779907909788e+01
5.750452789684135979e+01
6.160903509232390007e+01
5.349790365634677158e+01
5.527143381913215592e+01
4.998577217338414158e+01
5.624449791295140955e+01
4.920085929242551970e+01
5.293127103411939771e+01
4.660068197162746628e+01
4.766843328929486745e+01
7.198112303402277234e+01
7.415526978432809813e+01
4.807874042138116266e+01
5.254961187910644327e+01
5.185723592765751278e+01
4.615858560434073610e+01
5.264333205338022736e+01
5.340790863662365950e+01
5.458844113980571677e+01
5.014521915051453504e+01
4.980089775262274543e+01
4.655185187271013092e+01
5.556298352161557119e+01
5.726752228694508062e+01
5.457428315584471790e+01
4.830155628800478951e+01
4.914996171885790233e+01
4.577637513749497344e+01
5.153522751473428798e+01
4.996856534605140610e+01
4.806348824446796897e+01
5.532666219005533748e+01
3.534432766704091478e+01
4.062671974678413278e+01
5.237458136012608634e+01
4.504570745109181473e+01
4.790259072599811674e+01
5.253054173070011501e+01
4.537148134409839173e+01
4.519133509152281647e+01
5.411801765838998080e+01
5.629347902801222148e+01
4.911421569833628809e+01
5.292929712160625400e+01
5.287737765577785609e+01
5.241335036413344284e+01
5.308015871812839492e+01
5.252980208393577044e+01
5.864510261822546511e+01
6.654936379143086356e+01
5.444760205368969963e+01
5.949614049429467855e+01
