4.987179090480633931e+03
4.988629159605562563e+03
4.990079491721663544e+03
4.991892629462898185e+03
4.993847143466407942e+03
4.995295264157409292e+03
4.996743452877010895e+03
4.998191607141670829e+03
4.999639589015200727e+03
5.001088150544604105e+03
5.002537293963574484e+03
5.003985807908532479e+03
5.005434172190696700e+03
5.006882903487145086e+03
5.008331738875689553e+03
5.009780674875644763e+03
5.011229699736291877e+03
5.012678881338099927e+03
5.014128138986427984e+03
5.015577382502118780e+03
5.017026743830515443e+03
5.018475772204281384e+03
5.019925465732686462e+03
5.021375570187025914e+03
5.022825377753524663e+03
5.024678014176627585e+03
5.026357597989192072e+03
5.027808104779672249e+03
5.029258679456725986e+03
5.031037209508211163e+03
5.032976705809489431e+03
5.034427385794572729e+03
5.035877987677699821e+03
5.037328695005207010e+03
5.038779647859281795e+03
5.040230385727813882e+03
5.041681149220501538e+03
5.043132138519799810e+03
5.044583197191414001e+03
5.046034309522969124e+03
5.047486001448015486e+03
5.048937343165195671e+03
5.050388164910900741e+03
5.051839626281088385e+03
5.053291178122207384e+03
5.054742353352625287e+03
5.056193662178697195e+03
5.057645151895882918e+03
5.059096583283451764e+03
5.060548377185551544e+03
5.062000610371782386e+03
5.063452457271605454e+03
5.064904085817594932e+03
5.066767930349340531e+03
5.068447233970528032e+03
5.069899767636086835e+03
5.071351775093613469e+03
5.073123942051273843e+03
5.075066537519915073e+03
5.076520043889556291e+03
5.077974058949888786e+03
5.079427828120687082e+03
5.080880499810026777e+03
5.082333308798024518e+03
5.083785567203438404e+03
5.085237496212119368e+03
5.086690864438762219e+03
5.088143606897651807e+03
5.089595893944967429e+03
5.091049036153925954e+03
5.092502611482761495e+03
5.093955328274330896e+03
5.095408269986215601e+03
5.096862034827131538e+03
5.098315257005520834e+03
5.099768393578372525e+03
5.101221850569705566e+03
5.102675231591286320e+03
5.104128700692399434e+03
5.105582222705555978e+03
5.107035731997267249e+03
5.108489083591553936e+03
5.110381422394774745e+03
5.112080019956579235e+03
5.113536614965376430e+03
5.115283398476574803e+03
5.117212473912591122e+03
5.118666560314964954e+03
5.120120689479841531e+03
5.121574863945915240e+03
5.123029485117984223e+03
5.124483938245479294e+03
5.125938296253416411e+03
5.127392367050062603e+03
5.128846860266251497e+03
5.130301916043786150e+03
5.131756670963001852e+03
5.133211650734348950e+03
5.134666115551915937e+03
5.136121020681538539e+03
5.137576460680153104e+03
5.139031353631978163e+03
5.140486840264158673e+03
5.141942099727529239e+03
5.143397301029957816e+03
5.144852892270307166e+03
5.146308370932952130e+03
5.147763976236174130e+03
5.149219618908925440e+03
5.150675425499955963e+03
5.152130946195894467e+03
5.153586622033730237e+03
5.155502160733664823e+03
5.157218124204649939e+03
5.158673935254616481e+03
5.160401019675270618e+03
5.162322323620283896e+03
5.163778450691846956e+03
5.165235007924529782e+03
5.166691428931982045e+03
5.168147778251378440e+03
5.169604243708723516e+03
5.171060703905559421e+03
5.172517172255167679e+03
5.173973812551164883e+03
5.175430576568290235e+03
5.176887682008598858e+03
5.178344243995009492e+03
5.179800654610288802e+03
5.181257499093481783e+03
5.182607927028192535e+03
5.184067777897316773e+03
5.185527686636102771e+03
5.186987632089968429e+03
5.188447657020321458e+03
5.189907522939244700e+03
5.191367319456713631e+03
5.193048163465653488e+03
5.194622181530764465e+03
5.196081160940418158e+03
5.197539835441729338e+03
5.198999177264597165e+03
5.200458630417809218e+03
5.202151954649517393e+03
5.203754664903552111e+03
5.205387279449148082e+03
5.207151513821961998e+03
5.208886085632702816e+03
5.210346016658928420e+03
5.211805912881043696e+03
5.213266081980053968e+03
5.214726278628520959e+03
5.216185930284962524e+03
5.217645965054890439e+03
5.219106269746137514e+03
5.220566397262434293e+03
5.222026683201935157e+03
5.223486782181589660e+03
5.224946825919670118e+03
5.226407117997805472e+03
5.227867368947671821e+03
5.229327692497938187e+03
5.230787864055488171e+03
5.232248181836041113e+03
5.233708568285720503e+03
5.235168893919721995e+03
5.236629615386458681e+03
5.238090234762249565e+03
5.239550709810452645e+03
5.241011177117648913e+03
5.242471776899772522e+03
5.243932527300632501e+03
5.245623932686431544e+03
5.247186421948746101e+03
5.248647083091742388e+03
5.250107768557014424e+03
5.251789996918455472e+03
5.253403464917174460e+03
5.255028651480724875e+03
5.256689742129246042e+03
5.258266915249224439e+03
5.260001801177330890e+03
5.261462810038459793e+03
5.262923859596540751e+03
5.264384919937458108e+03
5.265846012283716846e+03
5.267307234730438722e+03
5.268768368459808698e+03
5.270229431984914299e+03
5.271690552384473449e+03
5.273151733082900137e+03
5.274613108933113836e+03
5.276074187710019942e+03
5.277535301785820593e+03
5.278996693542905632e+03
5.280457998228139331e+03
5.281919290103313870e+03
5.283380621714365589e+03
5.284841888638278760e+03
5.286303288687690838e+03
5.287764765015798730e+03
5.289226041327050552e+03
5.290687515723021534e+03
5.292149135207683685e+03
5.293610816699942006e+03
5.295072319783378589e+03
5.296875706142520357e+03
5.298337541678129128e+03
5.299799283735878817e+03
5.301471259708036087e+03
5.303089645383696734e+03
5.304551527049544347e+03
5.306166567322285118e+03
5.307827031468850691e+03
5.309288897419674868e+03
5.310750779171492468e+03
5.312341275972070434e+03
5.314074960310248571e+03
5.315536733036941769e+03
5.316998775661729269e+03
5.318460865846707748e+03
5.319922854190648650e+03
5.321384850010137598e+03
5.322846977224940019e+03
5.324309220689891845e+03
5.325771397719273409e+03
5.327233592130678517e+03
5.328695748667070802e+03
5.330158188152332514e+03
5.331620714846088958e+03
5.333082800594597757e+03
5.334545023545175354e+03
5.336007560825641121e+03
5.337470062410164246e+03
5.338932658812971567e+03
5.340395146737530013e+03
5.341857559965436849e+03
5.343320118770478985e+03
5.344782714264805691e+03
5.346245304011556982e+03
5.347707919577978828e+03
5.349170573288143714e+03
5.350871899113234576e+03
5.352430837353523202e+03
5.354107997803274884e+03
5.355732111991942475e+03
5.357195014527167586e+03
5.358809570979863565e+03
5.360472521153411435e+03
5.361935700154621372e+03
5.363399047157974564e+03
5.364991023664058957e+03
5.366723101069581389e+03
5.368185899136763510e+03
5.369648766697313476e+03
5.371111595681542894e+03
5.372574384290377566e+03
5.374037283571550688e+03
5.375500207929486351e+03
5.376963030342755701e+03
5.378426196100510424e+03
5.379889264356696003e+03
5.381352153093631387e+03
5.382815248114701717e+03
5.384278431525286578e+03
5.385741512284635974e+03
5.387204350158496709e+03
5.388667479855121201e+03
5.390130929375360211e+03
5.391594282936285708e+03
5.393057505156710249e+03
5.394520702954365333e+03
5.395984146168590996e+03
5.397447695425880738e+03
5.398911140529243312e+03
5.400374593873632875e+03
5.401838041640272422e+03
5.403553617461232534e+03
5.405127266490578222e+03
5.406591428895811077e+03
5.408261381270593120e+03
5.409880796293729873e+03
5.411344978690302014e+03
5.412965675137670587e+03
5.414633689633538779e+03
5.416098039235119359e+03
5.417562000544182411e+03
5.419142813617801039e+03
5.420865987109336857e+03
5.422329790765974394e+03
5.423793805101759972e+03
5.425257811591379323e+03
5.426721819308428167e+03
5.428185774606973609e+03
5.429649815390520416e+03
5.431129580522537253e+03
5.438434383656812315e+03
5.439898593423179591e+03
5.441362851151717223e+03
5.442827127676876444e+03
5.444291320378394630e+03
5.445755720934315832e+03
5.447220375626641726e+03
5.448684678423030164e+03
5.450149066255285106e+03
5.451613698860571276e+03
5.453078279839321112e+03
5.454542891112714642e+03
5.456007388741391878e+03
5.457729356908826958e+03
5.459318400549357648e+03
5.460783389324854397e+03
5.462248406922498361e+03
5.463713466207334022e+03
5.465385943811273137e+03
5.467000251443264460e+03
5.468464893475119425e+03
5.470093724423189997e+03
5.471759927982495356e+03
5.473329527574916938e+03
5.475050583917995027e+03
5.476515522375665569e+03
5.477980584232247566e+03
5.479445744408372775e+03
5.480910864255047272e+03
5.482375872399053151e+03
5.483841044197779411e+03
5.485306337266471019e+03
5.486771647759853295e+03
5.488236840858107826e+03
5.489702011996904730e+03
5.491167437566587068e+03
5.492632867768425967e+03
5.494098309565667478e+03
5.495563885851729538e+03
5.497029392521188129e+03
5.498494907114623857e+03
5.499960507423674244e+03
5.501426159527961318e+03
5.502891890292737116e+03
5.504357526179256638e+03
5.505823320686730767e+03
5.507289233294589394e+03
5.508755113287867061e+03
5.510221044557785717e+03
5.511641310309252731e+03
5.513403589035797268e+03
5.515006300729838586e+03
5.516471937539169630e+03
5.517937617366108498e+03
5.519403231220145244e+03
5.520868814911490517e+03
5.522334426306381829e+03
5.523800030129703373e+03
5.525473205489773136e+03
5.527069331160344518e+03
5.528706782553125777e+03
5.530473979287000475e+03
5.532215043983642317e+03
5.533681703632771132e+03
5.535148261242906301e+03
5.536614584663137066e+03
5.538081075856191092e+03
5.539547724778020893e+03
5.541014402308089302e+03
5.542481303434981783e+03
5.543948120011415995e+03
5.545414713826608022e+03
5.546881414200229301e+03
5.548348240032571084e+03
5.549815086572231849e+03
5.551282094763265377e+03
5.552749004752369729e+03
5.554215779051721256e+03
5.555682713479084669e+03
5.557149797611249596e+03
5.558617015358708159e+03
5.560084151139010828e+03
5.561551166426405871e+03
5.563018380797995633e+03
5.564485558915368529e+03
5.565952711133408229e+03
5.567419984966960328e+03
5.568887216630299008e+03
5.570576766886168116e+03
5.572180173285869387e+03
5.573646990407303747e+03
5.575113760615907267e+03
5.576580432062547516e+03
5.578047225658899151e+03
5.579514273650343966e+03
5.580981319668544529e+03
5.582447651770161428e+03
5.583914380884933962e+03
5.585609229868491639e+03
5.587365732706507515e+03
5.589022012725029526e+03
5.590489108739373478e+03
5.591956223569211033e+03
5.593559152327035918e+03
5.595303766044115946e+03
5.596771484630780833e+03
5.598239242425854172e+03
5.599707133031910416e+03
5.601174953177490352e+03
5.602642834658055108e+03
5.604110718840175650e+03
5.605578711200458201e+03
5.607046711942251022e+03
5.608514590634353226e+03
5.609982513317656412e+03
5.611450499970775127e+03
5.612918500104839040e+03
5.614386400826637328e+03
5.615854443231774894e+03
5.617322636439543203e+03
5.618790638250352458e+03
5.620258570201179282e+03
5.621726679839434837e+03
5.623194966501257113e+03
5.624663247029369813e+03
5.626131387011274455e+03
5.627805247340729693e+03
5.629196935808128728e+03
5.630892843201616415e+03
5.632193445420791249e+03
5.633937743520600634e+03
5.635066066328992747e+03
5.636765534245844719e+03
5.638234475952418506e+03
5.639703540834465457e+03
5.641172685599881333e+03
5.642641786993299320e+03
5.644110903104564386e+03
5.645788097649021438e+03
5.647392736830471222e+03
5.648861610506995021e+03
5.650330457348399250e+03
5.651981411989145272e+03
5.653635222184636405e+03
5.655104776430621314e+03
5.656574381663720487e+03
5.658186446200828868e+03
5.659905191036215001e+03
5.661374075560599522e+03
5.662842973633438305e+03
5.664311989618420739e+03
5.665781027078820443e+03
5.667250144168225233e+03
5.668719341579294451e+03
5.670188549533746482e+03
5.671657776703841591e+03
5.673127077908144202e+03
5.674596513735929875e+03
5.676065889981479813e+03
5.677535338089330253e+03
5.679004762587845107e+03
5.680474027025518808e+03
5.681943674023653330e+03
5.683413333236961989e+03
5.684882845573282793e+03
5.686352480215507967e+03
5.688020615098177586e+03
5.689658631712591159e+03
5.691128347628343363e+03
5.692598099255271336e+03
5.694067979617464516e+03
5.695537787225984175e+03
5.697007615255236487e+03
5.698477674974300498e+03
5.699947613963282492e+03
5.701417498108628024e+03
5.702887522484997135e+03
5.704357578360799380e+03
5.706019416038343479e+03
5.707636656620069516e+03
5.709106921830251849e+03
5.710577146798664216e+03
5.712047539886861159e+03
5.713518061571373437e+03
5.714988561581446447e+03
5.716458971028039741e+03
5.717929600925529485e+03
5.719603590251414971e+03
5.721251285639022171e+03
5.722722027137315308e+03
5.724192786810389407e+03
5.725814973392422871e+03
5.727511450291163783e+03
5.728981755451414756e+03
5.730452093183703255e+03
5.731922391124940077e+03
5.733392830808224971e+03
5.734863384028004475e+03
5.736333873456910624e+03
5.737804444242899990e+03
5.739275098420427639e+03
5.740745832900861387e+03
5.742216565373958474e+03
5.743687407922534476e+03
5.745158123437890936e+03
5.746628988762362496e+03
5.748100068106623439e+03
5.749571097627751442e+03
5.751226797310017901e+03
5.752882105031309038e+03
5.754352981383725819e+03
5.755823886999452043e+03
5.757294824312190940e+03
5.758765795702301148e+03
5.760236800544470498e+03
5.761707842207479189e+03
5.763178920722854855e+03
5.764650031412733370e+03
5.766121044524810713e+03
5.767592270456905680e+03
5.769247820163762299e+03
5.770885448253120558e+03
5.772356701224995959e+03
5.773828246423560813e+03
5.775299819005047539e+03
5.776771295350085893e+03
5.778242661027506074e+03
5.779714232765570159e+03
5.781185915498131180e+03
5.782657540816863730e+03
5.784129040589185934e+03
5.785600689021089238e+03
5.787072421094434503e+03
5.788544155553067867e+03
5.790015953326922499e+03
5.791712379811538995e+03
5.793350700581063393e+03
5.794822517204685937e+03
5.796294464448470535e+03
5.797928897821003375e+03
5.799607962288614544e+03
5.801080178283578789e+03
5.802552502567742522e+03
5.804024763847875874e+03
5.805497073712240308e+03
5.806969434325485054e+03
5.808441842377967077e+03
5.809914416430354322e+03
5.811386858739208947e+03
5.812859270454401667e+03
5.814331845877011801e+03
5.815969715875793554e+03
5.817638449222684358e+03
5.819110926763180032e+03
5.820583463984697119e+03
5.822056092968160556e+03
5.823528861130310361e+03
5.825001293065135542e+03
5.826473952372746680e+03
5.827946745976466445e+03
5.829419465600688454e+03
5.830892138994483503e+03
5.832364926994466259e+03
5.833837887684882844e+03
5.835310756378678889e+03
5.836951268127647381e+03
5.838601456247685746e+03
5.840074243944206501e+03
5.841547164461955617e+03
5.843020058878315467e+03
5.844492790807820711e+03
5.845965444116611252e+03
5.847438120115865786e+03
5.848910980890655082e+03
5.850383906689633477e+03
5.851856792705830230e+03
5.853329743195593437e+03
5.854802748951407921e+03
5.856275772115486689e+03
5.857748831314410381e+03
5.859221957349205695e+03
5.860695131151209353e+03
5.862168271242150695e+03
5.863641643039145492e+03
5.865115061785043508e+03
5.866843706998670314e+03
5.868475691995669877e+03
5.869949427097404623e+03
5.871423071118404550e+03
5.873073701300128960e+03
5.874745960874654884e+03
5.876220279746845335e+03
5.877694438978059225e+03
5.879168829690246639e+03
5.880643355854665970e+03
5.882117604221934926e+03
5.883591880759897322e+03
5.885206810830166432e+03
5.886885458311717230e+03
5.888359318152076412e+03
5.889833368373936537e+03
5.891307456887567241e+03
5.892781241730407601e+03
5.894255333482117749e+03
5.895729495291956482e+03
5.897203619276499921e+03
5.898677804051003477e+03
5.900151750776642984e+03
5.901625971721252427e+03
5.903100605190822534e+03
5.904575031415717604e+03
5.906202936810280335e+03
5.907866982284445839e+03
5.909341871221474321e+03
5.910816696651057100e+03
5.912291710085920386e+03
5.913766539976072636e+03
5.915241263130339576e+03
5.916716169971717136e+03
5.918191151440139947e+03
5.919666137483569401e+03
5.921141136733066560e+03
5.922616218649458460e+03
5.924091269402578291e+03
5.925566302859208918e+03
5.927041815554488494e+03
5.928517094487627219e+03
5.929992250377269556e+03
5.931467434044394395e+03
5.932942346962949159e+03
5.934417426906672517e+03
5.935892636270894400e+03
5.937367907034285054e+03
5.938843248722210774e+03
5.940318634889617897e+03
5.941794034257719431e+03
5.943269450267684078e+03
5.944744928537481428e+03
5.946482674725145444e+03
5.948091713207094472e+03
5.949567175363953538e+03
5.951042729517244879e+03
5.952717898562409573e+03
5.954385289773531440e+03
5.955860894571061181e+03
5.957462318260633765e+03
5.959154798277259943e+03
5.960630685583052582e+03
5.962106772277881646e+03
5.963582839928113572e+03
5.965058850951254499e+03
5.966534845116770157e+03
5.968011089496288150e+03
5.969487462721664997e+03
5.970963966270147466e+03
5.972440438057829851e+03
5.973916787182842199e+03
5.975393088491313392e+03
5.976869585852358796e+03
5.978346322652647359e+03
5.979823031901670220e+03
5.981438940177459699e+03
5.983116271834646795e+03
5.984592469097328831e+03
5.986068841313137455e+03
5.987545084990848409e+03
5.989021398060224783e+03
5.990497734980724999e+03
5.991974047513848745e+03
5.993450579353022476e+03
5.994927163147309329e+03
5.996403633330824960e+03
5.997880555803033531e+03
5.999357296418826081e+03
6.000833853527421525e+03
6.002310649893889604e+03
6.003787470073112672e+03
6.005264378243352439e+03
6.006741353134709243e+03
6.008218441516247367e+03
6.009695522232802432e+03
6.011172525084096378e+03
6.012649614490345812e+03
6.014126800638745408e+03
6.015603984276645861e+03
6.017081211893426371e+03
6.018558457436030039e+03
6.020035606907410511e+03
6.021512946314038345e+03
6.022990284223918025e+03
6.024467665006799507e+03
6.025945168722766539e+03
6.027422576612857483e+03
6.028899987569848236e+03
6.030652171828638529e+03
6.032243674897049459e+03
6.033721219477387422e+03
6.035393772591523884e+03
6.037173563714259217e+03
6.038900384603794009e+03
6.040377907199803303e+03
6.041855602571446980e+03
6.043333119621007427e+03
6.044810577425797419e+03
6.046288163452386470e+03
6.047765898011068202e+03
6.049243534842255940e+03
6.050721122577076130e+03
6.052198747332724452e+03
6.053676334131571821e+03
6.055154325427767617e+03
6.056632223624742437e+03
6.058109944310996980e+03
6.059587782641612648e+03
6.061195399870689471e+03
6.062890007188130767e+03
6.064368235788804668e+03
6.065846509059012533e+03
6.067324777644828828e+03
6.068803151366919337e+03
6.070281582491543304e+03
6.071760001000761804e+03
6.073238248760915667e+03
6.074716785805843756e+03
6.076195495454319826e+03
6.077674066863989538e+03
6.079152692163198481e+03
6.080631316922256701e+03
6.082109998320926934e+03
6.083588715818270430e+03
6.085067454581513630e+03
6.086546232791446528e+03
6.088025129212513093e+03
6.089504060312895490e+03
6.090983124152247001e+03
6.092462067497345743e+03
6.093940947711407716e+03
6.095419995561230280e+03
6.096899259203789370e+03
6.098378350729355589e+03
6.099857393388510900e+03
6.101336643102099515e+03
6.102815737353855184e+03
6.104294842233744021e+03
6.105774038362027568e+03
6.107253261095733251e+03
6.108732613943108845e+03
6.110211875223407333e+03
6.111691254477028451e+03
6.113170741967475806e+03
6.114650139065452095e+03
6.116129591707839609e+03
6.117870948207088986e+03
6.119457675942686365e+03
6.120937301145102538e+03
6.122417106007905204e+03
6.124101879284129609e+03
6.125747911759576709e+03
6.127227583630557092e+03
6.128854476351402809e+03
6.130564756266911900e+03
6.132044418111672712e+03
6.133523895971396087e+03
6.135003380171822755e+03
6.136482954327386324e+03
6.137962482574889691e+03
6.139442084666190567e+03
6.140921728524801438e+03
6.142401397738941341e+03
6.143881264665566050e+03
6.145360943735134242e+03
6.146967129687056513e+03
6.148685821154603218e+03
6.150166150674956953e+03
6.151646789932603497e+03
6.153127075455751765e+03
6.154607187940288895e+03
6.156087374698847270e+03
6.157567664554006114e+03
6.159048244684258862e+03
6.160528964579383683e+03
6.162009415982486644e+03
6.163489817752183626e+03
6.164970351335789928e+03
6.166450939945917526e+03
6.167931577262217615e+03
6.169412238636713482e+03
6.170892904948013893e+03
6.172370082247544815e+03
6.173854427636396395e+03
6.175335120296004789e+03
6.176815879785935067e+03
6.178296676386334184e+03
6.179777374801834412e+03
6.181258366444002604e+03
6.182739314456890497e+03
6.184220166082746800e+03
6.185701165167378349e+03
6.187182216639167564e+03
6.188663412247672568e+03
6.190144392158983464e+03
6.191625400443153012e+03
6.193106581239139814e+03
6.194587702018346135e+03
6.196068852456613968e+03
6.197550200419481371e+03
6.199031410064904776e+03
6.200512604006450601e+03
6.201993960709025487e+03
6.203475336586665435e+03
6.204956649969513819e+03
6.206438094824824475e+03
6.207919622966178395e+03
6.209657167401888728e+03
6.211267589201298506e+03
6.212749480340982700e+03
6.214231355951943442e+03
6.215713336276545306e+03
6.217195358459394811e+03
6.218677156618886329e+03
6.220159083959961208e+03
6.221641123949504617e+03
6.223123184648001370e+03
6.224817820581802152e+03
6.226448872324621334e+03
6.227931046235547910e+03
6.229568973058874690e+03
6.231262042261683746e+03
6.232744314629213477e+03
6.234226559264798198e+03
6.235708996621103324e+03
6.237191602681640688e+03
6.238674178655896867e+03
6.240156515079750534e+03
6.241753256212746237e+03
6.243485551324853077e+03
6.244967943281456428e+03
6.246450415739003802e+03
6.247932908677651540e+03
6.249415447011402648e+03
6.250897937101789466e+03
6.252380499528884684e+03
6.253863151255785851e+03
6.255345821909954793e+03
6.256828534786639466e+03
6.258311288023865927e+03
6.259794146469805128e+03
6.261277007783232875e+03
6.262759838990842582e+03
6.264242727713476597e+03
6.265725772094212516e+03
6.267208781723376887e+03
6.268691779166783817e+03
6.270174902795028174e+03
6.271658036881352928e+03
6.273141192687915463e+03
6.274624410033170534e+03
6.276107683657935013e+03
6.277590941543402550e+03
6.279074231396367395e+03
6.280557636484249088e+03
6.282041072657754739e+03
6.283524460684908263e+03
6.285007958344078361e+03
6.286491517908497372e+03
6.287975034758679612e+03
6.289458586243295031e+03
6.290942230976323117e+03
6.292425911183061544e+03
6.293909544105305031e+03
6.295393268479621838e+03
6.296877058553076495e+03
6.298360838619818423e+03
6.299844650609206838e+03
6.301328394078399469e+03
6.302812312318403201e+03
6.304296287935727378e+03
6.305780175365529431e+03
6.307264078528105529e+03
6.308986933344444878e+03
6.310616105396331477e+03
6.312100096841973027e+03
6.313584056387193414e+03
6.315068115383983240e+03
6.316552425565640078e+03
6.318036484072474195e+03
6.319520389049509504e+03
6.321004519508851445e+03
6.322488662548595130e+03
6.323972818834222380e+03
6.325456999762058331e+03
6.326941164320981443e+03
6.328425312773989390e+03
6.329908895068706443e+03
6.331393044791702778e+03
6.332877187784908529e+03
6.334361415540293820e+03
6.335845756498915762e+03
6.337330050264204147e+03
6.338814297675497983e+03
6.340535867412072548e+03
6.342153488912765170e+03
6.343638031364987000e+03
6.345297189238929604e+03
6.347083583460472255e+03
6.348832525734235787e+03
6.350317756859729343e+03
6.351803093746752893e+03
6.353288360874353202e+03
6.354773678154665504e+03
6.356259039700194080e+03
6.357744317288267666e+03
6.359229674698151939e+03
6.360715129909421194e+03
6.362200599270762723e+03
6.363686094735699044e+03
6.365171596230024079e+03
6.366657122212612194e+03
6.368106194326732293e+03
6.369628258180571720e+03
6.371113869685964346e+03
6.372599502600251071e+03
6.374085110111330323e+03
6.375570757958184004e+03
6.377056379891075267e+03
6.378542029062879919e+03
6.380027598526194197e+03
6.381513226686601229e+03
6.382999060575984913e+03
6.384484978718034654e+03
6.385970778107757724e+03
6.387456698646986297e+03
6.388942754424534542e+03
6.390428723678459392e+03
6.391914666671634222e+03
6.393400676850767923e+03
6.394886717786977897e+03
6.396372812270931718e+03
6.397859006398108249e+03
6.399345180694793271e+03
6.400831323751351192e+03
6.402317745093642770e+03
6.403804094364688353e+03
6.405290328572540602e+03
6.406776871071971073e+03
6.408263294747414875e+03
6.409749691032547162e+03
6.411236222538752372e+03
6.412722777846979625e+03
6.414209489012994709e+03
6.415695942823595033e+03
6.417182600343574450e+03
6.418669476690257397e+03
6.420363272690687154e+03
6.422013490659838681e+03
6.423500343690799127e+03
6.424987158802024169e+03
6.426473946958079978e+03
6.427961041635723632e+03
6.429448363436522413e+03
6.430935472141165519e+03
6.432422495726927082e+03
6.433909717734783044e+03
6.435396948006805360e+03
6.436884328732938229e+03
6.438371723171895610e+03
6.439858902679554376e+03
6.441346192619222165e+03
6.442833892013365585e+03
6.444321101241728684e+03
6.445808391644730364e+03
6.447296073192884251e+03
6.448783617460734604e+03
6.450271095285454066e+03
6.451758581919864810e+03
6.453246286688581677e+03
6.454734024768372365e+03
6.456221692738485217e+03
6.457709388103896345e+03
6.459197283986611183e+03
6.460902669000063725e+03
6.462534788507189660e+03
6.464022770948221478e+03
6.465510756297274384e+03
6.466998764749269867e+03
6.468486766303058175e+03
6.469974773058035680e+03
6.471462809178004136e+03
6.472950853626347453e+03
6.474439297884792722e+03
6.475927374222673279e+03
6.477415217107974058e+03
6.478903385533752044e+03
6.550008506925445545e+03
6.551492297689470433e+03
6.552976166076772643e+03
6.554460104970519751e+03
6.555944033876474350e+03
6.557427987183218647e+03
6.558911902021280184e+03
6.560395823216084864e+03
6.561880063214299298e+03
6.563364325912503773e+03
6.564848526643006153e+03
6.566332681456866339e+03
6.567816993057438594e+03
6.569301393422058936e+03
6.570785755280345256e+03
6.572270216293188241e+03
6.573754723679576273e+03
6.575239280200696157e+03
6.576723853976378450e+03
6.578208487302566937e+03
6.579693116178516902e+03
6.581177937923631362e+03
6.582662873832852711e+03
6.584147814242079221e+03
6.585632827674988221e+03
6.587117838166661386e+03
6.588795212266896669e+03
6.590430618539128773e+03
6.591915744721402916e+03
6.593400780551490243e+03
6.594886069124886490e+03
6.596371481361285078e+03
6.597856873711955814e+03
6.599342302497144374e+03
6.600827821454721743e+03
6.602313325641599477e+03
6.603798866872897634e+03
6.605284520693398008e+03
6.606770290029082389e+03
6.608256000064095133e+03
6.609741715451960772e+03
6.611227436268140991e+03
6.612713530178900328e+03
6.614199478098641521e+03
6.615685302021485768e+03
6.617171398640079133e+03
6.618879881828038378e+03
6.620550744366857543e+03
6.622036991355276768e+03
6.623523248453520864e+03
6.625009543164192110e+03
6.626640205244180834e+03
6.628354158325852040e+03
6.629841318690976550e+03
6.631328363756388171e+03
6.632815531534517504e+03
6.634302902144106156e+03
6.635790157854033168e+03
6.637277637531074106e+03
6.638765350305240645e+03
6.640252841410670044e+03
6.641740498863111497e+03
6.643228399934073423e+03
6.644716100486525647e+03
6.646203972489998705e+03
6.647692013355965173e+03
6.649179896163389458e+03
6.650667936036330502e+03
6.652156106695799281e+03
6.653644192764345462e+03
6.655132231197673718e+03
6.656620295035480012e+03
6.658108554689445555e+03
6.659596887611285638e+03
6.661085185661475407e+03
6.662573527611096324e+03
6.664061834150124923e+03
6.665550076217325113e+03
6.667038312853687785e+03
6.668526592891105793e+03
6.670014949552212784e+03
6.671503378876612260e+03
6.672991819308202139e+03
6.674480037836700831e+03
6.675968563086262293e+03
6.677457289719643995e+03
6.679122257445264040e+03
6.680792590194676450e+03
6.682280934340002204e+03
6.683769354853678124e+03
6.685257824946601431e+03
6.686746371405246464e+03
6.688062638547578899e+03
6.692632920486373223e+03
6.694122493370821758e+03
6.695612230113803889e+03
6.697101751375786989e+03
6.698591650989714253e+03
6.731387128485483117e+03
6.732878591152456465e+03
6.734370090710445766e+03
6.735861757844380008e+03
6.739273146661719693e+03
6.740636892450368578e+03
6.742129834791851863e+03
6.743622882677279449e+03
6.745115860787401289e+03
6.746608777845644909e+03
6.748101992901089943e+03
6.749595089953536444e+03
6.751088190704637782e+03
6.752581511370434782e+03
6.754074701871625621e+03
6.755568051554854719e+03
6.757060985096139120e+03
6.758554220287923272e+03
6.760047738829383889e+03
6.761541131997212688e+03
6.763034367810014373e+03
6.764527831823497763e+03
6.766021386984220953e+03
6.767514875641938488e+03
6.769008432134798568e+03
6.770502094875010698e+03
6.771995740271363502e+03
6.773489210266861846e+03
6.774982790430338355e+03
6.776476632756795880e+03
6.778616105889632308e+03
6.779875981376041636e+03
6.781369759054269707e+03
6.782863728195276963e+03
6.784357730366493342e+03
6.785851718642278684e+03
6.787345806177702798e+03
6.788839905514223574e+03
6.790500261482584392e+03
6.792212821817414806e+03
6.793707023074473909e+03
6.795201514254026733e+03
6.796695949429845314e+03
6.798190341417780473e+03
6.799684811974869262e+03
6.801179394115948526e+03
6.802673864536144720e+03
6.804168048496010670e+03
6.805662570655964373e+03
6.807157341052182346e+03
6.808651875538437707e+03
6.810146377448455496e+03
6.811641009120063245e+03
6.813135717734387072e+03
6.814630456960388983e+03
6.816125122989408737e+03
6.817619799114245325e+03
6.819114581717703004e+03
6.820609402409183531e+03
6.822104216016570717e+03
6.823599081570931048e+03
6.825093963597090806e+03
6.826588798381783818e+03
6.828083782979898388e+03
6.829578822633791788e+03
6.831074013512977217e+03
6.832568990129455415e+03
6.834063924131856766e+03
6.835559013979878728e+03
6.837054143815058524e+03
6.838549278918287200e+03
6.840044499833534246e+03
6.841539824607611990e+03
6.843035026784824367e+03
6.844530232883961617e+03
6.846025476562501353e+03
6.847520822324314395e+03
6.849016218952860982e+03
6.850511597961182815e+03
6.852006861608018880e+03
6.853502269720544064e+03
6.854997828514540743e+03
6.856493383516839458e+03
6.857989012282237127e+03
6.859484469785306828e+03
6.860979855063776085e+03
6.862646258388549541e+03
6.864342933669879130e+03
6.865838824383111387e+03
6.867334907893703530e+03
6.868830805022586901e+03
6.870326737436899748e+03
6.871822407715877489e+03
6.873317565536907750e+03
6.874813492006736851e+03
6.876309877713093556e+03
6.877806759204733680e+03
6.879303413677086610e+03
6.880799617137257883e+03
6.882295868311142840e+03
6.883792147318699790e+03
6.885288453584449599e+03
6.886784659410176573e+03
6.888281207159273436e+03
6.889777781899055299e+03
6.891273859975314735e+03
6.892770242217143277e+03
6.894266850424559379e+03
6.895763500518341971e+03
6.897259936265605575e+03
6.898756329876112432e+03
6.900253073555153605e+03
6.901749306876230548e+03
6.903091469351605156e+03
6.904775106425762715e+03
6.906227468837793822e+03
6.912313414564621780e+03
6.916710908209066474e+03
6.918209439531879980e+03
6.919750977428387159e+03
6.921378051994339330e+03
6.922702910266700201e+03
6.924199739569386111e+03
6.925696483386936961e+03
6.927193554750613657e+03
6.928690595007845332e+03
6.930187408962360678e+03
6.931684365687191530e+03
6.933181381549836260e+03
6.934678420236602506e+03
6.936175529933404505e+03
6.937672662055416367e+03
6.939170178364064668e+03
6.940823414194051111e+03
6.942492384088559447e+03
6.943989484912529406e+03
6.945486733251750593e+03
6.946983912710904406e+03
6.948481099397005892e+03
6.949978293786562062e+03
6.951475396665669905e+03
6.952972882521773499e+03
6.954470192225158826e+03
6.955967401831717325e+03
6.957464725111607549e+03
6.958961943651715046e+03
6.960459241523056335e+03
6.961956655845850946e+03
6.963454114198641037e+03
6.964951554656240660e+03
6.966449064009572794e+03
6.967946568833050151e+03
6.969444036135295391e+03
6.970941614953594581e+03
6.972439099866836841e+03
6.973936701755997092e+03
6.975434537592570450e+03
6.976932288420710393e+03
6.978193329382701450e+03
6.979927652140437203e+03
6.981425883694743789e+03
6.982923657802517482e+03
6.984421344970270184e+03
6.985919263123216297e+03
6.987417268263309779e+03
6.988915248116241855e+03
6.990413233422320445e+03
6.991911445477060624e+03
6.993409484913992856e+03
6.994907481075155374e+03
6.996405799184979514e+03
6.997903753685949596e+03
6.999401895508321104e+03
7.000900208349543391e+03
7.002398412120474859e+03
7.003896660566606442e+03
7.005394936439060075e+03
7.006893624834566253e+03
7.008392387925041476e+03
7.009890840273109461e+03
7.011389236150975194e+03
7.012887031771049806e+03
7.014384876674095722e+03
7.015883297056530864e+03
7.017381797084471145e+03
7.018880234149576609e+03
7.020378672665959130e+03
7.021877162416692045e+03
7.023375542255406799e+03
7.024873995903509240e+03
7.026372777369289906e+03
7.027871356291787379e+03
7.029369825926421072e+03
7.030868409617981342e+03
7.032367164785838213e+03
7.033865680008090749e+03
7.035364204035259718e+03
7.036863068139897223e+03
7.038361749170855546e+03
7.039860257980184542e+03
7.041359088888829319e+03
7.042857966493503227e+03
7.044356481802851704e+03
7.045855354547275056e+03
7.047354093015044782e+03
7.048852648870616576e+03
7.050351627210940933e+03
7.051850486993697814e+03
7.053349337713329078e+03
7.054848239706285312e+03
7.056347162855758143e+03
7.057846093924602428e+03
7.059345133578812238e+03
7.060844081707370606e+03
7.062343013846349095e+03
7.063842025388107686e+03
7.065341210785909425e+03
7.066840276530918345e+03
7.068339246490431833e+03
7.069838320884340646e+03
7.071337597186612584e+03
7.072836700157980886e+03
7.074335830938487561e+03
7.075834995790221910e+03
7.077334149337592862e+03
7.078833377055390883e+03
7.080332625453309447e+03
7.081831894583962821e+03
7.083331132089444509e+03
7.084830457582167583e+03
7.086329827283122540e+03
7.087829268947674791e+03
7.089328643693786944e+03
7.090828120321991264e+03
7.092327477023283791e+03
7.093826680358650265e+03
7.095326148369250404e+03
7.096825726973465862e+03
7.098324982998859014e+03
7.099824581057773685e+03
7.101324318308432339e+03
7.102823885123248147e+03
7.104323541803569242e+03
7.105823281868344566e+03
7.107322687188722739e+03
7.108822232716565850e+03
7.110322011226548057e+03
7.111821688125201035e+03
7.113321414882419049e+03
7.114821178684609549e+03
7.116320840333664819e+03
7.117820621474797008e+03
7.119320468284430717e+03
7.120820372271229644e+03
7.122320326365785149e+03
7.123820019933035837e+03
7.125319829698391004e+03
7.126819820401449761e+03
7.128319744816714774e+03
7.129819644579881242e+03
7.131319602179857611e+03
7.132819569885207784e+03
7.134319548703621876e+03
7.135819562666657475e+03
7.137319573989697346e+03
7.138819734632912514e+03
7.140319853050175880e+03
7.141819873054201707e+03
7.143319938630488650e+03
7.144820061066180642e+03
7.146320216571590208e+03
7.147820393175721620e+03
7.149320573086401055e+03
7.150820806267233820e+03
7.152321057458476389e+03
7.153821313976446618e+03
7.155321558951465704e+03
7.156821807016929597e+03
7.158322171442890976e+03
7.159821808613720350e+03
7.161322165087957728e+03
7.162822551143011879e+03
7.164323025370378673e+03
7.165823548853893044e+03
7.167324165866164549e+03
7.168824660304141617e+03
7.170325331387862207e+03
7.171826359567314285e+03
7.173326860184063662e+03
7.174827287671108024e+03
7.176327911214554661e+03
7.177828532764535339e+03
7.179329195691948371e+03
7.180829832957690087e+03
7.354317932348083559e+03
7.355821014797722455e+03
7.357324078988774090e+03
7.358827391133654601e+03
7.360330708392032648e+03
7.361833960159327034e+03
7.363337288037453618e+03
7.364840637740345301e+03
7.366343872384177303e+03
7.367847283083897310e+03
7.369350880311659239e+03
7.370854316220716100e+03
7.372357691498748864e+03
7.373861102889265567e+03
7.375364551704728910e+03
7.376867843830083984e+03
7.378371317099752559e+03
7.379874868401092499e+03
7.381378321511324430e+03
7.382881726198128490e+03
7.384385057775841233e+03
7.385888481177651556e+03
7.387391862631352524e+03
7.388895226071187608e+03
7.390398605630903148e+03
7.391901992945672646e+03
7.393405327706426760e+03
7.394908645161683125e+03
7.396411989613274272e+03
7.397915334107478884e+03
7.399418683769466952e+03
7.400922044325865500e+03
7.402425417715085132e+03
7.403928807456925824e+03
7.405432126968845296e+03
7.406935496729045553e+03
7.408438900066601491e+03
7.409941990387052101e+03
7.411445133686020199e+03
7.412948794417256977e+03
7.414452653874477619e+03
7.415956520053206987e+03
7.417460459153036027e+03
7.418964288592812409e+03
7.420468138284633824e+03
7.421971872550088847e+03
7.423475667528449776e+03
7.424979591900771084e+03
7.426483556074819717e+03
7.427987607155945625e+03
7.429491568683137302e+03
7.430995573041143871e+03
7.432499676003030800e+03
7.434003745450255337e+03
7.435508153388530445e+03
7.437012399506535985e+03
7.438516505974727806e+03
7.440020920818325976e+03
7.441525257858539590e+03
7.443029520502898777e+03
7.444533910787730747e+03
7.446038302125099108e+03
7.447542424536902217e+03
7.448762311476612922e+03
7.450154583899739009e+03
7.451659071090124598e+03
7.453163396225721044e+03
7.454667903729084173e+03
7.456172209660276167e+03
7.457676563248044658e+03
7.459180968232240957e+03
7.460685344517003614e+03
7.462189684686048167e+03
7.463694036980262354e+03
7.465198622352158054e+03
7.466703233240987174e+03
7.467948298113382407e+03
7.469712386721218536e+03
7.471216858896723352e+03
7.472721639849572966e+03
7.474226344159324071e+03
7.475730936858165478e+03
7.477235655621595470e+03
7.478740345600770524e+03
7.480245120001910436e+03
7.481749802071678459e+03
7.483254528726578428e+03
7.484759465465779613e+03
7.486264390646435459e+03
7.487769260926134848e+03
7.489274418938359304e+03
7.490779179919712078e+03
7.492284034490347040e+03
7.493789025846496770e+03
7.495294105812386078e+03
7.496799272401488452e+03
7.498304417747248408e+03
7.499809573480954896e+03
7.501314696271081630e+03
7.502820051532264188e+03
7.504325398131612928e+03
7.505830464703434700e+03
7.507336205807603619e+03
7.508841639592851607e+03
7.510346903477607157e+03
7.511852450211745236e+03
7.513358035596397713e+03
7.514863598795434882e+03
7.516369127306114933e+03
7.517874804092235536e+03
7.519380516223373888e+03
7.520886139187723529e+03
7.522391925267215811e+03
7.523897867542704262e+03
7.525403627124685045e+03
7.526909418153525621e+03
7.528415265221324262e+03
7.529921203038410567e+03
7.531427054396592212e+03
7.532933183791366901e+03
7.534439326677209465e+03
7.535945357808291192e+03
7.537451261812568191e+03
7.538957236438238397e+03
7.540463319853241046e+03
7.541969288580070497e+03
7.543475463824303915e+03
7.544981640585318928e+03
7.546487961598304537e+03
7.547994197494027503e+03
7.549500345068709976e+03
7.551006716269464960e+03
7.552513056577514362e+03
7.554019162425071954e+03
7.555525404536348105e+03
7.557031744984952638e+03
7.558538124407947180e+03
7.560044419893099075e+03
7.561550720541676128e+03
7.563057073263254097e+03
7.564563466662629253e+03
7.566069687038615484e+03
7.567576079947672952e+03
7.569082577487339222e+03
7.570588985050821975e+03
7.572095444480034530e+03
7.573601945353072551e+03
7.575108504378164980e+03
7.576615073927413505e+03
7.578121683969446167e+03
7.579628334487964821e+03
7.751248968549134588e+03
7.752759978805959690e+03
7.754270950022803845e+03
7.755782014772116781e+03
7.757293060957998932e+03
7.758804165546639524e+03
7.760315371657434298e+03
7.761826565782160287e+03
7.763337752752253436e+03
7.764848960526897827e+03
7.766360234451426550e+03
7.767871536334358098e+03
7.769382722866756922e+03
7.770894099169046967e+03
7.772405560566573513e+03
7.773916840339410555e+03
7.775428307877616135e+03
7.776939870713933487e+03
7.778451345851402948e+03
7.779962883189071363e+03
7.781474432187979801e+03
7.782986231782805589e+03
7.784497788794208645e+03
7.786009390451197760e+03
7.787521201656031735e+03
7.789033074144128477e+03
7.790545059841317197e+03
7.792056905505234681e+03
7.793568717792657480e+03
7.795080642751865525e+03
7.796592755836777542e+03
7.798104866906790448e+03
7.799616986084123710e+03
7.801129264033835170e+03
7.802641508571387021e+03
7.804153835501848334e+03
7.805666191130841071e+03
7.807178636187964912e+03
7.808691098637184041e+03
7.810203484757127626e+03
7.811716102240140572e+03
7.813228843372930896e+03
7.814741539778602601e+03
7.816254282017287551e+03
7.817767091986289415e+03
7.819279957029255456e+03
7.820792877216468696e+03
7.822305867076252071e+03
7.823818893095314706e+03
7.825331932694034549e+03
7.826845083845929366e+03
7.828358278566877743e+03
7.829871462982825506e+03
7.831384807167835788e+03
7.832898217129773002e+03
7.834411595160152501e+03
7.835925128025838603e+03
7.837438659689818451e+03
7.838952200148697557e+03
7.840465932732242436e+03
7.841979395341994859e+03
7.843493232818114848e+03
7.845007056985340569e+03
7.846520914422911119e+03
7.848034867607385422e+03
7.849548789747479532e+03
7.851062772057258371e+03
7.852576858570545483e+03
7.854091017434483547e+03
7.855605204226662863e+03
7.857119446210067508e+03
7.858633705795822607e+03
7.860055095298162996e+03
7.861259908348063618e+03
7.862774223586549851e+03
7.864288555024876587e+03
7.865802954319744458e+03
7.867317306303839359e+03
7.868611830029959492e+03
7.869934596711179438e+03
7.871449021761925906e+03
7.872963391326656165e+03
7.874478157417623152e+03
7.875992635994887678e+03
7.877507027340462628e+03
7.879021696799285564e+03
7.880536413094748241e+03
7.882051185522002015e+03
7.883566073473431061e+03
7.885080977244864698e+03
7.886595902195793315e+03
7.888110911977686555e+03
7.889625996481064249e+03
7.891141235095101365e+03
7.893175142712064371e+03
7.894688567714765668e+03
7.895964734831608439e+03
7.896893947758885588e+03
7.898409138060771511e+03
7.899924687612224261e+03
7.901440436341118584e+03
7.902956275424853629e+03
7.904471979607455069e+03
7.905987935431396181e+03
7.907503961467049521e+03
7.909019945347757130e+03
7.910536113490685239e+03
7.912052559173103873e+03
7.913568786057702710e+03
7.915085009962646836e+03
7.916601414311262488e+03
7.918117875051206283e+03
7.919634500056450634e+03
7.921151053707492792e+03
7.922667620773902854e+03
7.924184110399424753e+03
7.925700922821431050e+03
7.927218045612253263e+03
7.928734714893516866e+03
7.930251517839478765e+03
7.931768538723685197e+03
7.933285515112641406e+03
7.934802591587640563e+03
7.936319526729275822e+03
7.937836827330836059e+03
7.939354030359985700e+03
7.940871235739084113e+03
7.942388331085940990e+03
7.943905701515286637e+03
7.945423053774538857e+03
7.946940267709425825e+03
7.948457722737629410e+03
7.949975315678753759e+03
7.951492679470300573e+03
7.953010061245448924e+03
7.954527620277513051e+03
7.956045200651266896e+03
7.957562876334449356e+03
7.959080628766601876e+03
7.960598367953123670e+03
7.962116449601448039e+03
7.963634309129948633e+03
7.965152224281257077e+03
7.966670282090153705e+03
7.968188247245528146e+03
7.969706338720440726e+03
7.971224640586552596e+03
7.972743278759091481e+03
7.974262059468530424e+03
7.975780609986024501e+03
7.977165462196287990e+03
7.978443699046525580e+03
7.979962619817082668e+03
7.981481593602653447e+03
7.983000321676128806e+03
7.984519411237614804e+03
7.986038634601120975e+03
7.987557724849327315e+03
7.989076762963655710e+03
7.990595768760076680e+03
7.992114835985450554e+03
7.993633914020237171e+03
7.995152925808857617e+03
7.996672004194769215e+03
7.998191104679090131e+03
7.999710124861891927e+03
8.001229215167136317e+03
8.002554439709533654e+03
8.003860423954059115e+03
8.005380473164963405e+03
8.006900593915961508e+03
8.008110508510270847e+03
8.009542182940885141e+03
8.011062909114645663e+03
8.012583594019285556e+03
8.014104260384995541e+03
8.015625156405103553e+03
8.017146120062545378e+03
8.018667060331516041e+03
8.020188070025616071e+03
8.021709085858990875e+03
8.023230148522983654e+03
8.024751292759879107e+03
8.026272449227410107e+03
8.027793597214257716e+03
8.029314757249062495e+03
8.030836071641689159e+03
8.032357416688038029e+03
8.033878872887273246e+03
8.035400214890727511e+03
8.036921647296855554e+03
8.038443240854488977e+03
8.039964807112596645e+03
8.041486457343985421e+03
8.043008065161798186e+03
8.044529783436250909e+03
8.046051339357939469e+03
8.047573050299681199e+03
8.049094920361687400e+03
8.050616742218878244e+03
8.052138674678504685e+03
8.053660529089574084e+03
8.055182419076388214e+03
8.056704755941905205e+03
8.058226880632853863e+03
8.059748793659714465e+03
8.061270935964470482e+03
8.062793021999071243e+03
8.064314977497093423e+03
8.065837196086600670e+03
8.067359483737919618e+03
8.068881756130349459e+03
8.070404064938756164e+03
8.071926404405815447e+03
8.073448874511940630e+03
8.074683558899486343e+03
8.077973091531966929e+03
8.079489339201551957e+03
8.081005606618499769e+03
8.082521892902639593e+03
8.084038197372983632e+03
8.085554519604245797e+03
8.087070859421225578e+03
8.088587216912436816e+03
8.090103592353553722e+03
8.091619986137138767e+03
8.093136398902718611e+03
8.099202350893884613e+03
8.100718773302514819e+03
8.101976049621197490e+03
8.103041654215815470e+03
8.104558101502882892e+03
8.106074661927646048e+03
8.107591055798166053e+03
8.109107309513920882e+03
8.110624059166056213e+03
8.112140603057113367e+03
8.113657152543979464e+03
8.115173717724923335e+03
8.116690298449902002e+03
8.118206894682929487e+03
8.119723506475565046e+03
8.121240134054388363e+03
8.122680535398229040e+03
8.124467337460064300e+03
8.125994270383745061e+03
8.127315052214175921e+03
8.128840294674383586e+03
8.130365476595412474e+03
8.131890412196633406e+03
8.133415642337336067e+03
8.135105145252210605e+03
8.136465820806507509e+03
8.137990534328978356e+03
8.139515509300932536e+03
8.141040278402469085e+03
8.142565123628785841e+03
8.144089978238861477e+03
8.145614680462961587e+03
8.147139410080131711e+03
8.148664171432103103e+03
8.150188952109914680e+03
8.151713597387114532e+03
8.153238213537147203e+03
8.154762855049587415e+03
8.156287494201938898e+03
8.157812124109188517e+03
8.159336969181861605e+03
8.160861365243977161e+03
8.162385956795967104e+03
8.163910473814671604e+03
8.165349502808845500e+03
8.166366698137995627e+03
8.167712322891274198e+03
8.169236959915023363e+03
8.170414169303777271e+03
8.171874973960234456e+03
8.173399148757972398e+03
8.174923021240124399e+03
8.176446909963478902e+03
8.177970855773359290e+03
8.179494766027831247e+03
8.181018693780021749e+03
8.182542614589206096e+03
8.184066815831807617e+03
8.185590498283792840e+03
8.187114316349148794e+03
8.188637983660181817e+03
8.190161710477121233e+03
8.191685840524957712e+03
8.193209328373017343e+03
8.194733175316781853e+03
8.196256775358559025e+03
8.197780338922126248e+03
8.199304165177800314e+03
8.200827810053420762e+03
8.202351588456200261e+03
8.203874921486467429e+03
8.205398478711867938e+03
8.206922024220988533e+03
8.208445481175012901e+03
8.209968931321156560e+03
8.211492332379726577e+03
8.213016058231287388e+03
8.214539116570613260e+03
8.216062379830478676e+03
8.217585558388775098e+03
8.219108748210041085e+03
8.220631793190441385e+03
8.222154859296950235e+03
8.223678173136453552e+03
8.225200923108988718e+03
8.226723878363809490e+03
8.228246918991815619e+03
8.229770061200100827e+03
8.231292792644879228e+03
8.232815660190064591e+03
8.234338658625836615e+03
8.235861536198726753e+03
8.237384116450442889e+03
8.238906980472585929e+03
8.240429738216053011e+03
8.241952427534326489e+03
8.243475103151195071e+03
8.244997918372302593e+03
8.246520557310443110e+03
8.248043311757717674e+03
8.249566024054694935e+03
8.251088498336901466e+03
8.252611256131685877e+03
8.254133748379308599e+03
8.255656442620280359e+03
8.257178866746435233e+03
8.258701365000031728e+03
8.260223788062528911e+03
8.261681486473667974e+03
8.262883703742230864e+03
8.264405884020728990e+03
8.265737006899844346e+03
8.266776182016084931e+03
8.268223594384468015e+03
8.269745811905149822e+03
8.271268209562356788e+03
8.272581596012096270e+03
8.274393567156528661e+03
8.275835262311349652e+03
8.277067777261745505e+03
8.280209370651415156e+03
8.281735138460509916e+03
8.283259918749730787e+03
8.284784831769871744e+03
8.286310166563365783e+03
8.287835647851978138e+03
8.289360873926107161e+03
8.290886749871126085e+03
8.292410763415236943e+03
8.293935833451751023e+03
8.295460747073966559e+03
8.296985624033864951e+03
8.298510666243901142e+03
8.300036260875085645e+03
8.301561183199974039e+03
8.303086561474327027e+03
8.304611185379757444e+03
8.306135283959771186e+03
8.307659457837624359e+03
8.309183497081488895e+03
8.310707379130577465e+03
8.312231347108699993e+03
8.313755390721526055e+03
8.315279506544244214e+03
8.316803309713954150e+03
8.318327452722354792e+03
8.319851311825634184e+03
8.321375345626667695e+03
8.322899907414663176e+03
8.324424707746447893e+03
8.325949122957135842e+03
8.328954294668288640e+03
8.330584096773001875e+03
8.332104249481011720e+03
8.333624526651035922e+03
8.335144923581128751e+03
8.336665013111742155e+03
8.338185326806980811e+03
8.339705579507264702e+03
8.341225769255537671e+03
8.342745815095524449e+03
8.344266000112304027e+03
8.345786109050817686e+03
8.347207918601623533e+03
8.348497160842953235e+03
8.350016470100801598e+03
8.351536253194672099e+03
8.353055856752436739e+03
8.354575316100756027e+03
8.356094827914674170e+03
8.357614835506055897e+03
8.359134707916176922e+03
8.360654284894597367e+03
8.362174116978480015e+03
8.363693877631916621e+03
8.365213242310401256e+03
8.366732862409347945e+03
8.368252650129785252e+03
8.369772140199484056e+03
8.371291727814214028e+03
8.372811283799916055e+03
8.374187743808512096e+03
8.375453419607829346e+03
8.376973126215696539e+03
8.378202538393208670e+03
8.379585559395509335e+03
8.381106097686013527e+03
8.382626644513351494e+03
8.384147147512196170e+03
8.385667653678718125e+03
8.387188138027397144e+03
8.388708595312142279e+03
8.390229021138720782e+03
8.391749411996735944e+03
8.393269765321027080e+03
8.394790115888416040e+03
8.396310542554097992e+03
8.397830588937711582e+03
8.399350804662750306e+03
8.400871007914605798e+03
8.402390875574435995e+03
8.403910989148695080e+03
8.405544887847501741e+03
8.406951456434724605e+03
8.408471487044058449e+03
8.409991569386516858e+03
8.411511365636297342e+03
8.413031346433350336e+03
8.414551378257418037e+03
8.416071441336673161e+03
8.417591462760061404e+03
8.419111589142119556e+03
8.420404864730244299e+03
8.421783683173838654e+03
8.423303562107344987e+03
8.424823832670508637e+03
8.426343911980759003e+03
8.427863816019264050e+03
8.429383817069779980e+03
8.430903769293548976e+03
8.432423604844647343e+03
8.433943712612066520e+03
8.435463639714707824e+03
8.436983536840662055e+03
8.438503353773108756e+03
8.440023187213691926e+03
8.441543187866218432e+03
8.443063068169911276e+03
8.444582937323177248e+03
8.446102307100065445e+03
8.447622464493906591e+03
8.449142429463616281e+03
8.450662236708156343e+03
8.452181938149193229e+03
8.453702025161788697e+03
8.455221927026170306e+03
8.456741875134042857e+03
8.458261751935247958e+03
8.459781668368415922e+03
8.461301727190459133e+03
8.462821812728567238e+03
8.464341617737794877e+03
8.465861613630762804e+03
8.467381768586628823e+03
8.468902028938609874e+03
8.470421853421248670e+03
8.471942195109606473e+03
8.473462424656716394e+03
8.474982713239643999e+03
8.476502969328799736e+03
8.478023293583602936e+03
8.479543543391802814e+03
8.481063876807345878e+03
8.482584145256307238e+03
8.484104797417387090e+03
8.485625200782280444e+03
8.487145570414782924e+03
8.488665846425536074e+03
8.490186343468958512e+03
8.491706817282907650e+03
8.493227319877529226e+03
8.494747656926652780e+03
8.496268163891738368e+03
8.497701029864525481e+03
8.498919767042323656e+03
8.500440339444534402e+03
8.501960455040072702e+03
8.503271818197581524e+03
8.504599829710970880e+03
8.506120892193546752e+03
8.507641854382018209e+03
8.509162833299364138e+03
8.510432063234207817e+03
8.511870633610667937e+03
8.513391572117907344e+03
8.514912245197056109e+03
8.516433194422610541e+03
8.517954133562012430e+03
8.519475007226599701e+03
8.520995887780904013e+03
8.522516947192047155e+03
8.524038086878208560e+03
8.525559068500764624e+03
8.527080059210951731e+03
8.528601035180892723e+03
8.530121987067665032e+03
8.531642962486550459e+03
8.533164381453047099e+03
8.534685122045111711e+03
8.536206111210171002e+03
8.537727113140899746e+03
8.539248158609801976e+03
8.540769089514406005e+03
8.542290394514535365e+03
8.543811598909687746e+03
8.555982014801242258e+03
8.557503480664094241e+03
8.559024992544667839e+03
8.560546489739819663e+03
8.562067938140418846e+03
8.563589725064008235e+03
8.565111398636523518e+03
8.566631620694261073e+03
8.568150153802887871e+03
8.569671045038148804e+03
8.571001302604179727e+03
8.572315923272606597e+03
8.573839312161038833e+03
8.575360797450648533e+03
8.576882275516645677e+03
8.578403813394295867e+03
8.579925374723936329e+03
8.581446989197324001e+03
8.582968626217114434e+03
8.584490371526402669e+03
8.586012360641710984e+03
8.587533652532349151e+03
8.589055547108766405e+03
8.590577447840201785e+03
8.592099443021259503e+03
8.593621247892988322e+03
8.595142876392976177e+03
8.596665011326780586e+03
8.598187219553496107e+03
8.599709173382207155e+03
8.601231183631371096e+03
8.602753379159661563e+03
8.604275573886152415e+03
8.605797883485070997e+03
8.607320206715377935e+03
8.608842187231466596e+03
8.610364673625021169e+03
8.611887034063505780e+03
8.613409302610991290e+03
8.614931848094702218e+03
8.616454493515044305e+03
8.617976845131255686e+03
8.619499334495949370e+03
8.620908341113243296e+03
8.622156067832929693e+03
8.623678583859835271e+03
8.625201116830570754e+03
8.626505323210581992e+03
8.627866712479053604e+03
8.629389372125981026e+03
8.630912013483564806e+03
8.632434643908212820e+03
8.633957414021020668e+03
8.635480151331395973e+03
8.637002910487439294e+03
8.638525707430424518e+03
8.640048723794521720e+03
8.641571451523197538e+03
8.643094401086360449e+03
8.644374386242732726e+03
8.645789330202887868e+03
8.647312209917121436e+03
8.648835111484399022e+03
8.650357997894021537e+03
8.651881006833267747e+03
8.653404087298271406e+03
8.654927119985217359e+03
8.656450190703162662e+03
8.657973286343905784e+03
8.659496231376793730e+03
8.661019482268138745e+03
8.662542453105614186e+03
8.664065897406682780e+03
8.665589120219225151e+03
8.667112369821916218e+03
8.668635638938356351e+03
8.670158913266135642e+03
8.671682287660143629e+03
8.673205671364927184e+03
8.674729125801541159e+03
8.676252404563791060e+03
8.677775939316728909e+03
8.679299362738029231e+03
8.680823025652087381e+03
8.682346614651969503e+03
8.683870199533994310e+03
8.685393828334759746e+03
8.686917699463423560e+03
8.688441491129473434e+03
8.689965334066371724e+03
8.691489228644601098e+03
8.693013160979173335e+03
8.694537072328406794e+03
8.696061044904417940e+03
8.697415122240770870e+03
8.698712384890883186e+03
8.700236261655423732e+03
8.701760424180907648e+03
8.703284619739717527e+03
8.704808982977638152e+03
8.706333009452409897e+03
8.707857081486514289e+03
8.709381129015315310e+03
8.710905448977951892e+03
8.712429758903428592e+03
8.713954021768618986e+03
8.715478377940558858e+03
8.717002739836358160e+03
8.718526977571103998e+03
8.720051477800998327e+03
8.721575626702497175e+03
8.723100042039250184e+03
8.724624452858261066e+03
8.726148793266409484e+03
8.727673572086509012e+03
8.729198065120684987e+03
8.730722654569561200e+03
8.732247248093191956e+03
8.733771987405707478e+03
8.735173288644502463e+03
8.736430351403550958e+03
8.737955123967656618e+03
8.739243124031656407e+03
8.740615004063396555e+03
8.742139775939642277e+03
8.743664561199562741e+03
8.745190059489332270e+03
8.746715085960564465e+03
8.748240111173028708e+03
8.749765490844072701e+03
8.755453838072633516e+03
8.757390959473312250e+03
8.758916398378105441e+03
8.760208727138298855e+03
8.761620158044308482e+03
8.763145411657200384e+03
8.764670647557331904e+03
8.766196057679204387e+03
8.767721344159268483e+03
8.769246859923325246e+03
8.770772214976695977e+03
8.772297829569015448e+03
8.773823350665943508e+03
8.775349294342617213e+03
8.776874470151800779e+03
8.778400071866381040e+03
8.779926131695649019e+03
8.781451788438444055e+03
8.782977606237578584e+03
8.784503518230372720e+03
8.786029608892116812e+03
8.787555272356898058e+03
8.789081331945093552e+03
8.790607437294784177e+03
8.792133556688881072e+03
8.793659693014395089e+03
8.795185747730065486e+03
8.796712107146333437e+03
8.798238516537134274e+03
8.799764951939894672e+03
8.801291374915928827e+03
8.802817610675638207e+03
8.804344396623631837e+03
8.805870960956983254e+03
8.807243622230233086e+03
8.808529498169866201e+03
8.810055618136681005e+03
8.811581832070809469e+03
8.813107923189068970e+03
8.814634415892256584e+03
8.816160353714214580e+03
8.817686286863499845e+03
8.819212509637014591e+03
8.820738754607287774e+03
8.822265003893768153e+03
8.823791274599076132e+03
8.825317565260598712e+03
8.826843929645303433e+03
8.828370432690591770e+03
8.829896684018032829e+03
8.831423117860236744e+03
8.832949511185448500e+03
8.834475817591919622e+03
8.836002651015793163e+03
8.837400963930213038e+03
8.838680032104730344e+03
8.839946528870508700e+03
8.841326041282562073e+03
8.842854264976607737e+03
8.844382410836946292e+03
8.845910560593798436e+03
8.847438850216678475e+03
8.848967116313147926e+03
8.850495180724134116e+03
8.852023404623900205e+03
8.853551408746774541e+03
8.855079534424898156e+03
8.856607955338335159e+03
8.858136210204404051e+03
8.859664210571645526e+03
8.861192309964249944e+03
8.862720435290601017e+03
8.864024063487309832e+03
8.865424908364395378e+03
8.866952192411015858e+03
8.868479613509323826e+03
8.870007092777017533e+03
8.871534445097144271e+03
8.873061914386549688e+03
8.874589349136360397e+03
8.876116739376844635e+03
8.877644649513320473e+03
8.879172524174940918e+03
8.880700038308215881e+03
8.882227845136707401e+03
8.883755724545500925e+03
8.885283644033102973e+03
8.886811703280231086e+03
8.888339811430631016e+03
8.889867967511258030e+03
8.891396207648884229e+03
8.892924648351128781e+03
8.894452924651071953e+03
8.895981404892449063e+03
8.897509924583935572e+03
8.899038460798961751e+03
8.900567121555372069e+03
8.902095862548923833e+03
8.903624517133477639e+03
8.905153445095276766e+03
8.906682310107620651e+03
8.908071394368816982e+03
8.909340371068219611e+03
8.910869051346717242e+03
8.912397627076748904e+03
8.913926492077818693e+03
8.915455248776566805e+03
8.916984034315513782e+03
8.918512863383988588e+03
8.920041751232187380e+03
8.921570514413431738e+03
8.923099454717246772e+03
8.924628199280814442e+03
8.926157465050957398e+03
8.927686505259647674e+03
8.929076205124807530e+03
8.930380366263845644e+03
8.931630554249584748e+03
8.933026266902681527e+03
8.934555567507590240e+03
8.936084883764253391e+03
8.937614224109291172e+03
8.939143629954338394e+03
8.940673166635633606e+03
8.942202476192955146e+03
8.943731823669677397e+03
8.945261438205705417e+03
8.946791028629813809e+03
8.948320471983101015e+03
8.949849974020498848e+03
8.951379471213902434e+03
8.952909213327915495e+03
8.954438834833148576e+03
8.955968517889032228e+03
8.957291622717933933e+03
8.958821664491453703e+03
8.960209576733695940e+03
8.961738638627559340e+03
8.963412132214440135e+03
8.964795642133207366e+03
8.966325782107376654e+03
8.967857431251024536e+03
8.969388544372017350e+03
8.970918831687096826e+03
8.972449290961691077e+03
8.973979816179848058e+03
8.975510044933076642e+03
8.977040225033751994e+03
8.978570456883933730e+03
8.980100851440385668e+03
8.981631158623209558e+03
8.983161333130175990e+03
8.984691658993351666e+03
8.986221988966144636e+03
8.987752298081717527e+03
8.989282777252094093e+03
8.990813274194139012e+03
8.992343534853051096e+03
8.993873796973874050e+03
8.995404548518155934e+03
8.996935091059742263e+03
8.998465775200582357e+03
8.999996132945438148e+03
9.001416799985199759e+03
9.002662242869968395e+03
9.004193003277890966e+03
9.005724302118136620e+03
9.007255366319184759e+03
9.008786393955948370e+03
9.010317657129926374e+03
9.011848849202693600e+03
9.013214628524667205e+03
9.014532316145228833e+03
9.015759183593119815e+03
9.017183245713655197e+03
9.018714666481933818e+03
9.020245246155316636e+03
9.021776322019379222e+03
9.023307443408484687e+03
9.024838661662850427e+03
9.026369926580926403e+03
9.027900955590144804e+03
9.029432344960649061e+03
9.030963532546657007e+03
9.032494578840356553e+03
9.034047951901236956e+03
9.035557473859680613e+03
9.037088862703107225e+03
9.038620279366614341e+03
9.040151749654090963e+03
9.041683214131584464e+03
9.043214721850379647e+03
9.044746366819541436e+03
9.046277992835564874e+03
9.047809607937990222e+03
9.049159953827846039e+03
9.050528820617590100e+03
9.052060424931582020e+03
9.053592237750908680e+03
9.055124102179313923e+03
9.056656207830641506e+03
9.058188185594828610e+03
9.059720183933452063e+03
9.061252183797818361e+03
9.062784237795751324e+03
9.064316384155268679e+03
9.065848555543543625e+03
9.067380577509728028e+03
9.068912955352623612e+03
9.070445020467936047e+03
9.071977316696023991e+03
9.073509517600603431e+03
9.075041776270036280e+03
9.076573708897212782e+03
9.078106348609684574e+03
9.079638924844499343e+03
9.081171460419864161e+03
9.082703836788601620e+03
9.084236257727008706e+03
9.085768870407644499e+03
9.087301449583483191e+03
9.088833967379167007e+03
9.090293765911448645e+03
9.091311628516636119e+03
9.092646663347173671e+03
9.093850907147198086e+03
9.095308812381263124e+03
9.096841398802600452e+03
9.098374109131867954e+03
9.099906802298872208e+03
9.101439649499401639e+03
9.102972583656794086e+03
9.104505412858754426e+03
9.106038178699960554e+03
9.107571110328884970e+03
9.109104276489535550e+03
9.110636882774868354e+03
9.112169720545867676e+03
9.113702908408100484e+03
9.115236027179909797e+03
9.116768965236000440e+03
9.118302043654886802e+03
9.119835148353358818e+03
9.121368270338891307e+03
9.122901432466864208e+03
9.124434782143165648e+03
9.125967586822325757e+03
9.127501081650647393e+03
9.129034404618885674e+03
9.130567620366020492e+03
9.132100924568905612e+03
9.133634226818374373e+03
9.135015530245251284e+03
9.136357632759176340e+03
9.137890941179188303e+03
9.139424234956848522e+03
9.140957806938426074e+03
9.142491046353137790e+03
9.144024647826501678e+03
9.145558090740747502e+03
9.147091579019208439e+03
9.148625185463677553e+03
9.150158680092950817e+03
9.151692241968621602e+03
9.153225820298988765e+03
9.154759414399857633e+03
9.156293023571344747e+03
9.157826619310453680e+03
9.159360188080971056e+03
9.160894172728761987e+03
9.162427554139099811e+03
9.163961044923751615e+03
9.165401424978241266e+03
9.166637289335909372e+03
9.167956178469848965e+03
9.169307349170143425e+03
9.170841530317769866e+03
9.172059753337700386e+03
9.173510927181963780e+03
9.175044982981584326e+03
9.176578929640369097e+03
9.178113134515779166e+03
9.179647302578208837e+03
9.181181666624723221e+03
9.182715784071311646e+03
9.184250169409846421e+03
9.185784267549925062e+03
9.187318497064790790e+03
9.188852817376591702e+03
9.190387363576008283e+03
9.191921317767180881e+03
9.193455600345800121e+03
9.194989947635891440e+03
9.196524249688587588e+03
9.198058728359499582e+03
9.199592956618233075e+03
9.201127508593521270e+03
9.202662038933929580e+03
9.204196271935663390e+03
9.205730725130675637e+03
9.207265255843971318e+03
9.208799905884014152e+03
9.210334152957928382e+03
9.211868459048298973e+03
9.213403248157806956e+03
9.214938019442635778e+03
9.216346159576982245e+03
9.217654154072375604e+03
9.219188474083404799e+03
9.220723237546262681e+03
9.222257702144508585e+03
9.223792478698376726e+03
9.225327122858174334e+03
9.226861758527660641e+03
9.228396510616837986e+03
9.229931257443191498e+03
9.231465905722287062e+03
9.233000680184388330e+03
9.234535357890059458e+03
9.235946151573276438e+03
9.237215033161332030e+03
9.238506736185896443e+03
9.239890524008797001e+03
9.241425447279492801e+03
9.242960091484159420e+03
9.244494945375015959e+03
9.246029855735790989e+03
9.247564480521563382e+03
9.249099669644723690e+03
9.250634654254128691e+03
9.252169481178223577e+03
9.253428905201040834e+03
9.254842472055937833e+03
