1.662874197822368956e+02
1.299032726218849234e+02
9.816668146941627526e+01
1.184160787639850412e+02
1.278850914662225335e+02
1.212368516521146802e+02
7.039913271088987301e+01
1.331351615566522355e+02
9.205775746400162518e+01
1.226335384693746562e+02
9.291216070932117077e+01
9.703604942638548891e+01
1.538927042766950137e+02
1.109742311047540966e+02
9.403541359313373960e+01
4.764281558973753761e+01
1.404055576631089082e+02
2.181786627764404685e+01
8.486898351575615607e+01
8.877274581741332327e+01
1.252350623141301753e+02
8.241540099365921890e+01
1.383410461568675487e+02
8.111923187321202988e+01
7.240344611390091245e+01
1.316723944604117378e+02
9.754529029076476832e+01
1.185031036709018792e+02
7.349388742420522647e+01
6.643178773187614183e+01
1.249289350242396210e+02
8.483571066157706753e+01
5.633240648947445095e+01
1.338933443744284943e+02
1.387941673832026481e+02
9.567270701314824066e+01
7.098721208814920658e+01
1.134146166729328087e+02
3.956614330556788417e+01
9.163862436736863515e+01
6.492707191779997800e+01
5.431519273128964898e+01
9.121052717444855773e+01
8.896012198270148019e+01
5.413015964888335674e+01
8.173749631948652450e+01
9.499190739364587444e+01
1.158843773784338396e+02
3.726486286288110250e+01
6.531681398090310608e+01
8.842505676039230877e+01
1.123417344619451654e+02
7.945606937142328263e+01
1.258455149347681754e+02
4.632618834375434602e+01
9.099321896365677276e+01
5.885069115973109888e+01
6.398531786030819291e+01
1.132034598583363021e+02
7.699604944694392827e+01
6.948187401492805293e+01
5.874953311904550901e+01
1.073957571269372124e+02
8.954317539610809717e+01
1.095047888348781697e+02
1.155667824440283624e+02
7.382275252950503841e+01
5.194523749866769435e+01
7.988281353138373220e+01
7.758253125643287262e+01
1.192898243205141995e+02
7.174993873272168798e+01
8.339444864224009279e+01
4.060266721907870391e+01
1.073302842249919138e+02
7.946975887444568798e+01
4.970015995958321753e+01
1.511742694602499739e+02
9.093101507509997816e+01
1.120106052871558120e+02
1.294427307268812513e+02
7.426821270060521840e+01
1.180333384388869007e+02
1.010636173861813347e+02
6.273436556961534194e+01
7.461169431049529521e+01
8.036451488698087076e+01
5.874882244886952520e+01
9.581075054067970598e+01
1.024445069834023911e+02
1.106484579205479122e+02
8.212511294134839090e+01
8.293120315269001708e+01
5.180496029042264183e+01
1.146451216224290022e+02
4.893843500859619411e+01
9.754147118598770305e+01
6.714000129699263653e+01
6.685412129638372392e+01
9.656267797488646920e+01
1.251310602612947065e+02
6.024367603230028578e+01
1.243556236462351734e+02
1.160499667539712050e+02
1.720610832922077975e+02
7.169060586291772097e+01
5.564284263425243182e+01
1.163824754399072390e+02
1.249824424765311619e+02
8.268597850077841827e+01
1.303959329691342646e+02
1.052488762498360870e+02
9.274953157966599804e+01
1.167417496413398936e+02
1.542946364908763712e+02
8.212630022460012924e+01
1.487834252606203336e+02
1.497344221786541709e+02
8.577397222358180784e+01
1.020011797914223735e+02
9.016179997793983603e+01
9.873679432891034935e+01
9.962455940042909219e+01
1.177340578736750984e+02
9.174953571687868248e+01
1.441174030293254589e+02
1.016828622648280600e+02
7.770104650132822144e+01
1.420105386643488146e+02
1.159770627400191927e+02
1.738926666498579152e+02
1.317737775270163922e+02
1.012514773569127300e+02
1.239165650412859065e+02
1.167470603096165718e+02
1.266549743232331764e+02
9.822549389908128603e+01
1.265401474427126658e+02
1.248035767059609071e+02
1.427830982534116799e+02
1.331246244828982981e+02
9.408304321863157327e+01
9.840924504383049509e+01
1.375270170128503651e+02
1.228848497770886752e+02
1.202322569843641276e+02
1.273269334526124084e+02
1.146105202490036561e+02
8.898957471129234875e+01
7.652224660358963604e+01
1.136696463617390691e+02
1.176777588454429377e+02
1.088664166866776952e+02
1.238066886213226780e+02
1.115761969400696501e+02
8.160994472131790189e+01
1.035167140421013272e+02
1.076876367051881260e+02
1.306102369162195203e+02
1.142287086649434826e+02
1.074706932657077090e+02
8.212135635651702614e+01
1.000926967433453711e+02
9.516853185314408847e+01
1.015443686688043670e+02
1.205589129203564909e+02
1.265683090626564393e+02
8.890269772379473068e+01
1.056542338450614977e+02
1.268197221561097336e+02
1.055607887247241052e+02
9.976155794676509458e+01
9.435389292624888924e+01
1.188887331325172880e+02
7.177935603477199322e+01
1.119871048171122681e+02
8.411208152059572285e+01
1.244737133520822852e+02
1.242274727194335355e+02
9.690593888395055444e+01
1.082195692576063095e+02
1.301887800786296054e+02
1.360510671367925681e+02
1.224033743985426526e+02
9.973375478055042720e+01
1.119245772578524338e+02
6.784410328290650227e+01
1.206127832514148679e+02
9.734937380448681665e+01
8.257400884543999098e+01
8.787317363920769253e+01
8.286942401913968581e+01
1.227653312293854952e+02
1.099496100478425689e+02
1.177040860442253916e+02
1.277568480910670132e+02
9.648424386672807884e+01
1.156678595686551887e+02
9.633139102740480553e+01
1.332953022954174003e+02
1.363975505954253720e+02
1.373541674594218875e+02
9.972119833315078097e+01
9.137302942198554945e+01
8.094621000382427667e+01
1.015356257949015770e+02
7.410049655209439834e+01
1.021795680704958045e+02
1.040512094179957501e+02
9.416732798148682093e+01
9.174505631808037265e+01
1.034400429790479592e+02
1.127686442152426736e+02
1.150400332332058184e+02
1.166931660241678941e+02
1.053530809500963272e+02
1.116716607775151289e+02
1.081914016106972696e+02
9.898972121561889992e+01
8.723953870491367013e+01
1.090813585274760698e+02
8.793287847860882778e+01
1.211150525334715269e+02
9.784586321582990820e+01
1.431510131095841132e+02
1.058846573559183639e+02
9.204387364480000144e+01
9.759994111331438660e+01
1.248469117075654538e+02
8.704938986036204085e+01
1.075586072812317013e+02
9.747146392451971053e+01
1.117105954930062808e+02
1.017652392791549261e+02
1.029622616183595483e+02
1.374069248976148003e+02
1.201713761479276315e+02
1.047233422858008964e+02
1.099964934970748658e+02
1.150920884154741231e+02
9.636866576513548921e+01
8.932948025408087744e+01
8.956361099126121417e+01
9.085548030411528941e+01
9.093536312038794733e+01
9.246716876207680968e+01
1.176241858698320186e+02
9.569330099863223893e+01
1.157813585968834502e+02
1.152346224512082244e+02
1.012247694654269310e+02
1.184484334961483967e+02
9.566090401911503704e+01
8.502445641736677828e+01
1.112458881395105834e+02
9.338249076167062412e+01
1.263710848632383374e+02
1.125178096620202837e+02
1.167929465373007361e+02
1.204625569784108876e+02
1.143502253193850464e+02
1.235887885023868904e+02
1.064569001725054136e+02
1.113445875178893800e+02
1.269946223783267101e+02
1.142770420371148674e+02
1.173107847281835774e+02
1.246378395903352043e+02
8.817041742338273025e+01
1.215760424806767332e+02
9.282739306933683565e+01
9.596665336604601748e+01
1.160552982961525146e+02
1.218853950805699213e+02
1.367261412729682490e+02
1.253430696525099535e+02
9.618035144460596086e+01
1.075249207081590583e+02
1.165061807806998075e+02
1.219805312138277742e+02
1.181170124609010657e+02
9.420793538422599056e+01
1.050916465648635523e+02
9.786592738600070618e+01
9.209475624454184128e+01
1.191590534713553211e+02
9.703698151343949974e+01
1.164518558750797297e+02
1.258499794974130026e+02
1.120197849082461516e+02
1.255070049521820152e+02
1.173721362744810506e+02
1.167064895327290230e+02
1.295535438220429114e+02
1.055690329539316110e+02
1.044360552355039573e+02
1.310584613765516053e+02
1.246733007768739867e+02
1.111829690724240436e+02
1.384955265443381904e+02
1.282066140171505424e+02
9.099528347647755311e+01
1.168891744032616344e+02
1.165384285252554690e+02
1.203454251855740580e+02
1.106081529042344158e+02
1.178782126238562569e+02
1.050723130995958172e+02
7.784759532069712407e+01
1.332529190063679607e+02
1.215993850521676052e+02
1.178982130549767078e+02
1.242797759723902544e+02
9.566927074903811956e+01
1.139904089056362864e+02
1.135028017002856018e+02
1.161454384898975576e+02
1.000446131107569698e+02
1.248327338283090739e+02
1.063896939059054887e+02
1.415383537772893590e+02
1.253352680738367297e+02
1.411852062922743585e+02
1.336728458847948673e+02
1.266197994739237345e+02
1.136964772358632416e+02
1.072789698760492030e+02
1.221315626039005764e+02
1.579304682125308261e+02
1.178473628405947551e+02
1.242040900493477409e+02
1.209487056368195823e+02
1.391259346079645809e+02
1.260499300334543449e+02
1.304297124915829045e+02
1.322814232703901212e+02
1.195982285650409978e+02
1.292960586922353343e+02
1.109986339628969318e+02
1.348784912109528591e+02
9.421972788606086624e+01
1.479057378353348895e+02
1.439029567071648614e+02
1.154058031873361045e+02
1.269413959201776265e+02
1.317022600098916030e+02
1.260810102808277406e+02
1.296871604453712905e+02
1.104634870946768217e+02
1.378734359688050404e+02
1.539109480070610516e+02
1.092220649185590986e+02
1.157058538030973835e+02
1.585242257576042277e+02
1.325846523056785031e+02
1.332452968722219850e+02
1.353476808200484811e+02
1.293058449049669321e+02
1.365256859102233875e+02
1.147782020554981699e+02
1.348195398807481808e+02
1.316168770011445588e+02
1.263050148064927072e+02
1.079337881383951583e+02
1.236251472926446837e+02
1.288072986954248336e+02
1.169828687858315703e+02
1.331473590987694990e+02
1.292562226681501159e+02
1.206101716197900089e+02
1.237076334836922342e+02
1.216626018389419386e+02
1.383877492579392765e+02
1.076106814698684246e+02
1.294932716261574797e+02
1.199681049452976112e+02
1.020375488906985595e+02
1.215533998979674379e+02
1.305193247429235441e+02
1.203146370238774239e+02
1.282050801602578076e+02
1.299056686889830701e+02
1.203372891001049254e+02
1.379022250577721422e+02
1.247693652053854549e+02
1.336707864176254645e+02
1.189459837790286088e+02
1.367256615224488314e+02
1.412687891339858766e+02
9.870725915415654583e+01
1.495780173578178847e+02
1.618335777553506887e+02
1.443447736852190530e+02
1.564887514374312047e+02
1.093499534037456158e+02
1.459834647639845855e+02
1.253796918900750796e+02
1.286363405284975556e+02
1.071662318519159811e+02
1.133165106629640775e+02
1.225683118444922997e+02
9.958062060116500902e+01
1.317006600274537220e+02
1.154481117527878524e+02
1.063086875035862136e+02
1.306151714611960415e+02
1.181802271145388374e+02
1.265080483774574986e+02
1.507230006486672664e+02
1.368451364460043180e+02
1.309091977189620764e+02
1.421622714710817377e+02
9.621930453304531738e+01
1.396200716984981796e+02
1.306029222716175866e+02
1.341304163280767625e+02
1.459030076580964135e+02
1.160759641920723624e+02
9.624276917585149249e+01
1.024901112017022058e+02
1.024898132487815161e+02
1.383825563377438641e+02
1.286730266638486171e+02
1.479683585969741273e+02
1.743746514849289895e+02
1.210543770882095771e+02
7.644849829385614726e+01
1.456509198897334443e+02
1.489546287264843727e+02
1.301037202147844596e+02
1.138758146613844389e+02
1.428543268223920961e+02
1.281823344093786545e+02
1.439425306404109506e+02
1.181234813660310010e+02
1.360337115724359762e+02
1.172976297604232627e+02
1.059158140634509380e+02
1.327679406206035537e+02
1.205659433669832623e+02
1.143975610510740069e+02
1.344310540116215691e+02
1.205179325109778858e+02
1.308583631550710322e+02
1.374163227239933178e+02
1.345677792531694195e+02
1.202141917513008735e+02
1.252205752435971959e+02
1.129883059495158619e+02
9.978060558632539312e+01
1.408840917301086790e+02
1.149738434588185783e+02
1.344190896440317147e+02
1.121232465904467972e+02
1.215366454429801024e+02
1.319689162740634742e+02
1.532632997288191916e+02
1.293239359878554069e+02
1.242191842777812951e+02
1.195358597598804948e+02
1.054770477157080819e+02
1.225792699718305272e+02
1.231435538050418756e+02
1.324396342467832426e+02
1.418937356305529818e+02
1.440888029877038150e+02
1.149921205044996526e+02
1.050667386865426209e+02
1.272962085407215795e+02
1.488164833291241109e+02
1.239404175627000058e+02
1.303602792026579777e+02
1.216723538642275457e+02
1.330960515043894361e+02
1.217010980870637127e+02
1.297087706053349905e+02
1.429367991331733379e+02
1.284517466557395267e+02
1.388393612360875693e+02
1.348180783111297671e+02
1.119875504222415401e+02
1.288274308499585459e+02
1.424550343258985379e+02
1.135241336188603469e+02
1.242304808966083840e+02
1.158451843032500364e+02
1.355632363150676269e+02
1.401031655973650913e+02
1.158783806412334911e+02
1.317290459657790791e+02
1.343608758669421945e+02
1.501408142287743033e+02
1.235106780920465042e+02
1.583410079089134115e+02
1.555173364729060097e+02
1.349958820228162892e+02
1.177836263586454066e+02
1.378216159322680312e+02
1.568229341298981296e+02
1.433268405500299423e+02
1.356408006768936048e+02
1.126959798059339590e+02
1.441820000331145195e+02
1.295062233005701842e+02
1.396122786125994537e+02
1.123581888327558005e+02
1.320343749156548085e+02
1.348529247686770418e+02
1.254859893899261749e+02
1.045522931746905897e+02
1.488239319554939470e+02
1.256253520084602258e+02
1.303854153232018689e+02
1.210189173435447572e+02
1.269573645450307851e+02
1.348497827283916308e+02
1.348853726519996599e+02
1.338379861856809896e+02
1.422097271889919341e+02
1.077054674522925808e+02
1.368304561692432628e+02
1.207118006249734066e+02
1.454126452504094118e+02
1.366467959096367792e+02
1.242390237416861680e+02
1.544367845325627115e+02
1.291972517233023439e+02
1.129017738611699713e+02
1.538053699225104083e+02
1.714303595929212634e+02
1.314614880088442135e+02
1.329287198524753251e+02
1.289404888197771015e+02
1.425969491806040992e+02
1.497289753414574989e+02
1.250474285053963825e+02
1.172362845622339478e+02
1.135850683006450765e+02
1.248690378841974535e+02
1.442868692550252661e+02
1.374543680827313779e+02
1.603159061039416429e+02
1.346952230974384861e+02
1.321199053805957533e+02
1.391791785035913733e+02
1.270157042097658859e+02
1.414510819758856428e+02
1.316967652419255614e+02
1.311544355008848584e+02
1.221684425456171965e+02
1.418143324167186847e+02
1.309293402088058542e+02
1.320311283245621041e+02
1.359391849704986726e+02
1.082763739269397831e+02
1.302873163424311826e+02
1.241638341698404275e+02
1.362446723264515356e+02
1.423603892792258989e+02
1.208865084314764857e+02
1.308421733924641899e+02
1.287887030889389450e+02
1.414082189558356788e+02
1.448832679769445519e+02
1.286179743337873163e+02
1.185106124150369737e+02
1.261332051234338678e+02
1.369993987952780685e+02
1.362901640763147952e+02
1.289977346920159391e+02
1.366048101993985711e+02
1.319417090153262961e+02
1.437136210663653060e+02
1.588300771477214539e+02
1.390460874586394482e+02
1.407534940036346427e+02
1.153340287894065881e+02
1.559426096126055370e+02
1.357111904662620532e+02
1.335104728283340307e+02
1.241239426361121616e+02
1.610297557209980255e+02
1.308603630551055517e+02
1.360954437312456662e+02
1.286058754093892560e+02
1.437609647849645853e+02
1.401027177013427831e+02
1.319308941366352883e+02
1.498632275285431490e+02
1.003126430386058416e+02
1.445755480522588527e+02
1.388313437419412821e+02
1.439358604810917086e+02
1.356820565491041464e+02
1.563494614758761543e+02
1.146180563371856636e+02
1.227821361883212035e+02
1.116761290030290468e+02
1.113662406324415173e+02
1.149059954189333297e+02
1.289024137467785067e+02
1.460658074031392175e+02
1.404594292154671678e+02
1.388552804688930848e+02
1.274715051232639240e+02
1.580417358647349317e+02
1.262991802076200258e+02
1.609685076108721091e+02
1.573474720137948282e+02
1.341980451504502128e+02
1.336076826344673520e+02
1.475915778541858003e+02
1.403343375764907819e+02
1.262649149382661733e+02
1.401681485810080403e+02
1.562137595298946735e+02
1.449128877584124950e+02
1.385998021097562116e+02
1.410968161002007264e+02
1.440058603569094942e+02
1.383462535729647129e+02
1.759463057220047517e+02
1.342028228372197702e+02
1.448174635325614759e+02
1.353142678030282866e+02
1.355181397127027481e+02
1.508864655618828863e+02
1.285067135576806265e+02
1.382889574772409844e+02
1.458820942594566645e+02
1.365146254653892299e+02
1.417886070873546771e+02
1.347759857688765237e+02
1.601461976650576844e+02
1.355704667381295963e+02
1.571912768228973221e+02
1.411193427147215402e+02
1.489503390721855851e+02
1.548871164541531300e+02
1.207303889533576182e+02
1.482057612129366646e+02
1.380402888173228746e+02
1.336385796829215451e+02
1.443082992491026175e+02
1.488042107775962677e+02
1.261274649965390751e+02
1.469964589786227123e+02
1.463421033199539067e+02
1.418766869744910082e+02
1.396884838009547991e+02
1.445116606003072661e+02
1.531337293432555384e+02
1.322544927778637316e+02
1.420480423626931099e+02
1.269761221222358074e+02
1.664584927823973430e+02
1.353648136852058315e+02
1.100779873429061269e+02
1.492092956541044089e+02
1.244545816069137629e+02
1.448402016029597803e+02
1.319041437501028327e+02
1.164185178888354670e+02
1.174319773733739396e+02
1.011967184949931493e+02
1.455670614211559268e+02
1.383718720370678454e+02
1.593840410450485763e+02
1.737730570984635392e+02
2.121578499285887744e+02
1.987282890592481408e+02
2.144337277138160403e+02
1.870479098230814259e+02
1.917202925791295343e+02
1.890589498241218109e+02
1.578298309570750177e+02
1.216553008122738078e+02
1.421103856856553875e+02
1.020701275069971672e+02
1.179254454935672527e+02
1.229308027999876884e+02
1.279618747557410074e+02
1.333252158513193137e+02
1.247535271669180474e+02
1.379460101949068189e+02
1.417171581617737388e+02
1.335058681832171885e+02
1.230601163901315260e+02
1.237295163418656045e+02
1.493637536405060757e+02
1.493484765115522634e+02
1.297724141010538972e+02
1.418000942180486561e+02
1.359050274819782089e+02
1.412635020104937666e+02
1.308512121321548420e+02
1.352931069940268571e+02
1.416736217446821229e+02
1.544108284201285528e+02
1.413679677138345028e+02
1.595106704325862950e+02
1.544978770075681780e+02
1.455811831960517111e+02
1.393998848714628309e+02
1.491072570888209441e+02
1.588948454463278495e+02
1.524232852868020700e+02
1.474054651080509473e+02
1.620205718792057894e+02
1.285555997770488545e+02
1.563219189147901034e+02
1.459891956261948280e+02
1.552200228532588540e+02
1.625734334920020103e+02
1.253193433808857407e+02
1.496602923146105013e+02
1.338510566657157312e+02
1.312173309974761821e+02
1.404302388771463086e+02
1.176865115329157305e+02
1.348615895645837384e+02
1.375513158529581403e+02
1.547320185048308758e+02
1.377904688310520385e+02
1.425442584916395674e+02
1.441293732353846622e+02
1.544935916879932734e+02
1.446722930139558798e+02
1.522253048317149933e+02
1.576148094105341784e+02
1.518569864890801000e+02
1.390116089833965702e+02
1.368190768284906653e+02
1.354343044008742538e+02
1.481921799426733060e+02
1.665568393870410944e+02
1.538286550342694738e+02
1.477588387012235955e+02
1.273324631017647306e+02
1.534791343403339567e+02
1.528919356054640275e+02
1.547447818913384765e+02
1.594635484970763457e+02
1.629065488455588309e+02
1.433502406879088653e+02
1.613122257433690550e+02
1.513016865622621481e+02
1.749407070759623650e+02
1.433240136411295680e+02
1.663134855991073380e+02
1.514073027850220683e+02
1.567838064490055103e+02
1.656909229637012402e+02
1.827340499521350239e+02
1.786720260860404608e+02
1.601526712539038897e+02
1.602492496507582587e+02
1.490851436589741468e+02
1.850993744704398125e+02
1.500938678360043923e+02
1.622479173658156242e+02
1.750454625532041177e+02
1.429651085258991543e+02
1.379934593874512530e+02
1.472623679879241934e+02
1.708270113191955772e+02
1.626137557114354877e+02
1.389214365881032904e+02
1.417251553022672965e+02
1.466412347662245566e+02
1.278407775525266175e+02
1.475076903124002854e+02
1.521821912551170328e+02
1.655261043584058882e+02
1.506810739825171481e+02
1.475261205644588074e+02
1.553675603858368959e+02
1.283643636956302885e+02
1.543982044690942814e+02
1.521775893442494976e+02
1.632687816805168950e+02
1.424904744194546424e+02
1.592907568712181217e+02
1.547587875844300243e+02
1.136726076375970251e+02
1.648890787123389146e+02
1.657546135739975455e+02
1.636892143008988114e+02
2.034598645151675669e+02
1.699331922823127456e+02
1.723744083825719429e+02
1.967070409853597539e+02
1.747910507994301383e+02
1.593166980220193523e+02
1.513238930832287110e+02
1.695936692149029739e+02
1.350150638616119636e+02
1.600382451299641957e+02
1.424478082749675707e+02
1.502901444683307943e+02
1.457452842303621878e+02
1.443800971427950230e+02
1.338743429510879821e+02
1.521443935316071645e+02
1.509351122624350410e+02
1.603572495991960238e+02
1.524419428700285835e+02
1.420841771163339047e+02
1.546651112381510984e+02
1.699167198249142245e+02
1.798544684740486446e+02
1.484901762582464642e+02
1.688844182664020934e+02
1.492927065317966537e+02
1.613952244249530565e+02
1.452474791385773472e+02
1.444548442634869332e+02
1.526232665236140633e+02
1.539793872347189279e+02
1.444950879320031447e+02
1.529280533769994292e+02
1.455279200429305604e+02
1.663529321456499019e+02
1.738471344450503864e+02
1.428807307091693133e+02
1.595738828518917671e+02
1.655867323055557279e+02
1.373345429163229312e+02
1.480431217044118171e+02
1.472263839457067718e+02
1.721024048188372149e+02
1.636471821608633661e+02
1.466718941532179201e+02
1.421155860165619060e+02
1.491169628944844021e+02
1.539880767749103541e+02
1.654971797138045417e+02
1.553478831399939111e+02
1.562416654969321712e+02
1.555100363198388322e+02
1.718273174773837297e+02
1.482035921063977923e+02
1.592948279291165932e+02
1.554474877001988204e+02
1.540906968734079214e+02
1.682819574442747239e+02
1.689768081090787177e+02
1.570776275454759627e+02
1.616952335695550289e+02
1.494856262104667337e+02
1.496008700860722342e+02
1.728266134289611671e+02
1.460081522913725109e+02
1.560084254806374418e+02
1.693903381341717704e+02
1.536881152927490177e+02
1.550161759670714900e+02
1.538610536392199037e+02
1.551479096868614249e+02
1.771466038323650594e+02
1.457493388508206635e+02
1.454801701975333117e+02
1.608248505509456265e+02
1.497503792658795021e+02
1.689001210791486187e+02
1.483642543089646608e+02
1.344840272925703459e+02
1.576133494932422821e+02
1.594186481929907018e+02
1.712875852304008788e+02
9.795411245950441526e+01
1.515865959405155365e+02
1.894843938927556906e+02
1.363949570358911103e+02
1.645738127697811422e+02
1.550845788041011986e+02
1.587292047814742659e+02
1.447364672835275030e+02
1.453869991741702279e+02
1.614021810654415390e+02
1.596930234219046554e+02
1.516844093715087638e+02
1.610810260436977046e+02
1.717454344698352884e+02
1.378681097846331340e+02
1.529524537037126208e+02
1.341160745399795928e+02
1.259497573758722950e+02
1.495876584419504809e+02
1.508691089450947231e+02
1.251420357447818645e+02
1.436950132212294875e+02
1.319305779962570000e+02
1.547380925309929580e+02
1.604713115786085496e+02
1.652324446793197694e+02
1.431559519844053625e+02
1.431463093930810544e+02
1.419156920707092127e+02
1.518276009829744453e+02
1.386234853573147916e+02
1.507224083314915219e+02
1.444120644931348352e+02
1.600067640354880325e+02
1.483221094232683583e+02
1.446913631565387561e+02
1.516768494679943444e+02
1.493285060949598630e+02
1.619386086879967479e+02
1.326655318631130172e+02
1.685365452145466350e+02
1.578755132237024554e+02
1.465809856933763058e+02
1.670485239096692851e+02
1.443794710120974116e+02
1.412365017333606829e+02
1.741005176250712907e+02
1.564993052129347006e+02
1.559002687020312408e+02
1.388607754858445276e+02
1.292393516823185848e+02
1.389793129111599512e+02
1.374389396516069723e+02
1.321921047383095527e+02
1.553499722594167736e+02
1.394253034308547399e+02
1.472827685757868608e+02
1.456605779605396833e+02
1.447853624166649524e+02
1.385505624939883376e+02
1.419487826127771086e+02
1.521526679788551064e+02
1.415339662281000415e+02
1.588733314978648821e+02
1.354179787286724661e+02
1.491217096556118236e+02
1.393558847631937851e+02
1.505019190557377442e+02
1.619240392507066417e+02
1.573487417693447128e+02
1.504383923281889963e+02
1.467735888741761698e+02
1.405626038413641652e+02
1.634744401230214521e+02
1.471704751592984906e+02
1.524710075294940452e+02
1.483468787534916657e+02
1.624415402976030123e+02
1.558673888612555345e+02
1.579037422672232935e+02
1.557550595157512987e+02
1.827936650742159941e+02
1.507595019762950699e+02
1.675905451586717163e+02
1.647296105232550758e+02
1.417206747052892979e+02
1.522455066093865241e+02
1.467670759360513841e+02
1.526616286197300667e+02
1.551412767263923627e+02
1.687941382904299132e+02
1.640036225817725040e+02
1.595941839524644195e+02
1.607870449749594854e+02
1.478382390046567707e+02
1.756574443239821903e+02
1.510653708854218280e+02
1.526033024191029881e+02
1.712042766949226973e+02
1.417147088134188095e+02
1.530017515454704267e+02
1.289007298497297427e+02
1.609543818450487436e+02
1.584166274207359777e+02
1.542699796309292708e+02
1.608469453781573293e+02
1.556874336320039731e+02
1.571365395644976388e+02
1.533354093861444767e+02
1.449062998951159500e+02
1.589561869704610899e+02
1.524743352331063591e+02
1.676664847511779044e+02
1.587046790381072014e+02
1.557896116637266744e+02
1.749634910682169959e+02
1.567762516368077286e+02
1.450754181271459800e+02
1.363456569328410239e+02
1.572036329977412947e+02
1.638739222618075075e+02
1.429827850801574414e+02
1.545084951039532655e+02
1.705704706411194707e+02
1.562715790273426251e+02
1.668467032688910479e+02
1.571831582401140963e+02
1.567047555608233438e+02
1.711599191464526939e+02
1.542230984125283442e+02
1.500933079997065533e+02
1.533524811838050539e+02
1.625358909357765924e+02
1.570325658077155708e+02
1.587886269860605069e+02
1.596535260111088519e+02
1.468001203050606875e+02
1.531301354373530614e+02
1.551953558596616745e+02
1.647354566131789397e+02
1.427763994414556521e+02
1.483199885621953911e+02
1.473340232690496237e+02
1.429743718672878288e+02
1.556524427276567053e+02
1.549608980478950286e+02
1.743798577970567578e+02
1.638418222036695227e+02
1.519494290462508843e+02
1.467025898801054780e+02
1.683094563360151312e+02
1.582040298864648946e+02
1.750977500714784867e+02
1.563397185195291001e+02
1.656799621700613727e+02
1.634610210069498635e+02
1.665848274023318822e+02
1.517650472749444930e+02
1.548005845868831045e+02
1.883082069165867836e+02
1.848071384348914421e+02
1.630795729010062871e+02
1.553494432530966094e+02
1.764577194020517368e+02
1.731081067452669231e+02
1.711808715689238056e+02
1.919500883235350273e+02
1.990911761221050824e+02
1.748783384405834909e+02
1.636718089267365031e+02
1.668066204800761057e+02
1.682861452009229026e+02
1.834841704580513806e+02
1.554093946453931778e+02
1.749432547328699741e+02
1.680420992795808957e+02
1.689212457716473637e+02
1.710544296728514553e+02
1.705701790148674490e+02
1.659430439145862408e+02
1.906557259278112042e+02
1.694841166292253831e+02
1.818249498788736958e+02
1.687659971399312724e+02
1.609070265188170765e+02
1.925629900856682752e+02
1.719774327320655516e+02
1.909819709278418429e+02
1.780709054741439274e+02
1.830394003415296424e+02
1.581376907038168156e+02
1.644282468227538345e+02
1.386991656852129609e+02
1.562055118912322769e+02
1.715209292582125329e+02
1.629026983023295827e+02
1.659030734570500840e+02
1.717906560397638884e+02
1.775748845798666480e+02
1.556043670993044827e+02
1.672756594927044205e+02
1.592001652981123527e+02
1.811503121845289286e+02
1.609623134657483945e+02
1.724457352681959321e+02
1.683668355908870353e+02
1.703756304788339264e+02
1.765063443916322399e+02
1.764892426493600226e+02
1.791359800360926613e+02
1.835108222481615883e+02
1.760949864579236248e+02
1.719400167549239598e+02
1.834307100561083246e+02
1.956272596310672895e+02
1.742028288999063079e+02
1.599907717504242441e+02
1.635310283621327585e+02
1.780715158413237305e+02
1.878904534947091065e+02
1.751107472893590398e+02
2.315688369522742676e+02
2.217015668220389557e+02
1.906632953965077490e+02
1.654848258958829206e+02
1.782968656855573499e+02
1.626565301909811296e+02
1.814226203134929278e+02
1.911505174969711618e+02
1.691081775380261831e+02
1.667740401716615679e+02
1.697938656905010362e+02
1.780094745948914294e+02
1.884171453146914814e+02
1.724245193016978988e+02
1.620205325102327549e+02
1.812398777279206854e+02
1.828737302022008464e+02
1.848497258304421962e+02
1.698752728817798641e+02
1.904024455276720857e+02
1.610229804295958331e+02
1.792493128663414268e+02
1.746739948759638139e+02
1.755546124760942348e+02
1.703241670620153343e+02
1.761124997128772236e+02
1.937298124280668503e+02
1.801654757813559229e+02
1.865009334161920833e+02
1.718215685077340993e+02
1.750879310342087081e+02
1.669550690289538579e+02
1.887253764632734487e+02
1.763230828617271584e+02
1.752475615805548443e+02
1.864330813803332205e+02
1.877589893342750713e+02
1.845177921043862170e+02
1.844223270346429047e+02
1.676054784498028880e+02
1.783183549350100350e+02
1.768751138895600832e+02
1.768406313466107349e+02
1.672721974957466955e+02
1.788718134452684581e+02
1.833665522129628869e+02
1.815310017036728993e+02
1.780926487790711406e+02
1.864474183019608802e+02
1.675932959019903308e+02
1.938096398895532673e+02
1.918940254849694327e+02
1.767492363947800413e+02
1.803316014387751807e+02
1.725636969429511680e+02
1.638724478237631956e+02
1.729345720531666757e+02
1.739530701395828203e+02
1.788051481005195740e+02
1.731582261907674649e+02
1.687651353428901473e+02
1.790463290769557432e+02
1.876880939184738111e+02
2.035310951930769932e+02
1.785563876667622765e+02
1.694757274812298533e+02
2.065061013623710835e+02
1.903244865764923475e+02
1.777601459534489265e+02
1.923494629004848662e+02
1.624797757192721122e+02
1.875678529160403798e+02
1.726112133324298554e+02
1.862600916933238580e+02
1.852827065094610646e+02
1.941584995282003661e+02
1.785527222196523951e+02
1.848708834677764514e+02
1.600091490585647591e+02
1.898930907948811750e+02
1.773811817817857275e+02
1.682191124857858142e+02
1.751774982762088655e+02
1.691442196881112636e+02
1.656862510573695033e+02
1.668853917546645675e+02
1.502612174828321656e+02
1.323965312088075166e+02
1.218443400577685765e+02
1.277885103324648526e+02
1.255473247322669152e+02
1.203952401834006452e+02
1.506132474034613438e+02
1.355633038400731607e+02
1.513595463124630385e+02
1.543220589367177809e+02
1.564910382180652562e+02
1.652518649744777122e+02
1.590494791970651534e+02
1.511708206618216650e+02
1.584427608726684582e+02
1.492131178275757577e+02
1.532775682275516544e+02
1.510169380513196700e+02
1.474586016116714404e+02
1.404600255078894122e+02
1.558645342920387407e+02
1.281844972608797093e+02
1.388725680090622632e+02
1.209417938962097310e+02
1.740552193988766305e+02
1.362269264207464801e+02
1.525393402943570891e+02
1.796321732854592312e+02
1.064476688688919381e+02
1.689083174165087939e+02
1.697097109172753449e+02
1.782795539693246667e+02
1.794574777531365726e+02
1.750735849071675716e+02
1.784529826128963350e+02
1.817752075688526645e+02
1.694082777682400263e+02
1.740642507137348503e+02
1.971221626348849725e+02
1.754944577956949274e+02
1.858188890329178662e+02
1.685387214719249585e+02
1.860455419407332442e+02
1.813442638946098384e+02
1.734391160158016874e+02
1.998056746193403228e+02
1.753592039191794640e+02
1.875565888120310944e+02
1.863010113818724847e+02
1.641011217305825767e+02
1.787851427488697595e+02
2.023575352141730548e+02
1.857940425661385007e+02
1.697270975942988116e+02
1.930268524403711012e+02
1.954939300339358397e+02
1.739747714446759232e+02
1.865212643645356536e+02
1.827245611248613102e+02
1.878917945708022046e+02
1.775885011722953095e+02
1.870090906094545176e+02
1.827701542997395450e+02
1.985651687505838652e+02
1.977702077685489996e+02
1.844698124536257069e+02
1.940041964045968257e+02
2.029737244438221069e+02
1.909515274158177647e+02
1.929861202178297503e+02
1.941879264778549441e+02
1.876805711261808653e+02
1.709614172377839623e+02
1.928615662846491148e+02
1.775037338915410317e+02
1.905143316976070196e+02
1.783917490374181511e+02
1.956609596172902741e+02
1.925916631722456316e+02
1.908426646459159599e+02
1.945973936425627357e+02
1.917458745089899708e+02
1.886860869136684755e+02
1.874026203849363128e+02
1.987007820694381337e+02
1.939905409495380297e+02
1.927919994695564867e+02
1.854947268514345922e+02
2.018290762865314321e+02
1.917755887460553765e+02
1.915671639711719365e+02
1.902397703096450812e+02
1.965908853106442677e+02
1.934492923509488094e+02
2.023084326501838461e+02
1.906720068624497344e+02
1.826300667163491482e+02
1.859781660862948911e+02
1.797813667755337406e+02
1.944064481919317586e+02
1.844655476952229094e+02
1.872669948101824104e+02
2.064255861112851278e+02
1.942597815716395928e+02
1.990912501158657335e+02
2.089226184296805968e+02
1.899535414535315567e+02
1.855228181403350334e+02
1.925925256276871664e+02
1.765834133794269576e+02
1.953519702033208603e+02
1.843806555590052767e+02
1.744623940970898275e+02
2.128649385379178511e+02
1.783969253965724135e+02
1.769683303077347603e+02
1.817851813264659881e+02
1.996325170486630611e+02
1.916347359558992594e+02
1.939756849403587751e+02
2.099907806179183467e+02
1.752632888949599419e+02
1.982392198990122836e+02
1.999094089031149792e+02
1.999234538886450139e+02
2.147128467307104813e+02
2.063308570845254053e+02
2.073456499346846726e+02
1.970656152929068128e+02
2.161162304889601273e+02
2.067239596288939651e+02
2.078754610727921488e+02
2.055922071579171302e+02
2.014075028501003999e+02
1.980809091607476944e+02
2.130972118611169606e+02
1.992375307491836907e+02
2.011917516372008095e+02
1.960713414223018560e+02
1.958053278809079245e+02
1.818407929172794297e+02
2.056455566805169894e+02
1.989362575699078377e+02
1.904456161499266216e+02
1.916330246860376576e+02
1.855764958041880845e+02
1.961666978809987825e+02
1.959526590923825609e+02
2.066521262148190772e+02
2.029028012187870047e+02
2.064526539807600329e+02
1.915308378591817302e+02
1.885363505238272239e+02
2.002671896097036495e+02
2.069602857863653753e+02
1.969039782149143321e+02
1.908839381293114741e+02
1.990271613672241529e+02
1.893793831836052277e+02
1.900900016415960181e+02
1.963773719188900486e+02
2.015258302704963285e+02
2.032931683414172994e+02
2.010335984647385601e+02
1.987242213204950190e+02
2.085080503478967842e+02
2.108801621714918610e+02
1.967224229969579028e+02
2.069307005930795356e+02
1.935806617990899383e+02
1.980099552633384121e+02
2.023915666548487593e+02
1.851426634742769295e+02
1.909426904266425709e+02
1.801444961668136955e+02
1.779571313026076211e+02
1.731239451183460289e+02
1.889312694126803933e+02
1.788088966565731255e+02
1.993025437105870594e+02
1.940515184812774407e+02
1.886424420399461042e+02
1.922835170698020590e+02
1.952962537229074655e+02
2.108252466042807782e+02
1.999806204320640006e+02
1.958595185672447201e+02
1.853486428454050952e+02
2.038801896861112368e+02
2.031089121520886636e+02
1.782489470216363259e+02
1.880603691947684410e+02
1.793486627312805695e+02
1.937239589817185106e+02
1.710529477445714406e+02
1.827533933825200734e+02
1.880782551480380391e+02
1.848108271536194991e+02
1.789235808687275551e+02
1.855042032790402118e+02
1.718004857060255404e+02
1.769059281594810216e+02
1.648017867913918337e+02
1.691808465488154809e+02
2.122591286223748739e+02
2.065536450551506675e+02
1.998210848660225452e+02
1.859096415404809477e+02
2.073106040072144083e+02
2.094785477160273786e+02
1.924074867939737885e+02
1.891695280045204299e+02
1.929354823761147202e+02
1.957976216561155525e+02
1.991773947394150639e+02
2.063190779847524823e+02
1.999919559217859444e+02
2.000907762339904536e+02
1.965237993683278148e+02
2.112520648591139718e+02
2.086011801987035597e+02
2.259449648548465461e+02
2.205648892287658214e+02
1.991205834214746346e+02
1.932152599311264964e+02
2.041408594797428009e+02
2.087213631859757470e+02
2.053663413257301897e+02
2.040489558103640491e+02
2.053084217747392017e+02
1.903354214198043337e+02
2.144922584395558545e+02
2.002546257042437787e+02
2.123207719386477947e+02
2.153179682639231771e+02
1.886852290637887961e+02
1.972023257046878939e+02
2.070251683237409850e+02
2.210710457515460234e+02
1.932850540541064674e+02
2.145230029276340531e+02
2.091109451204459049e+02
2.104893960821783594e+02
2.152293317466187546e+02
2.035376730393637956e+02
2.225052880758829303e+02
2.216961663123645963e+02
2.048433757590908613e+02
2.171933869900612990e+02
2.089856117724649209e+02
2.094561825581871801e+02
2.014709568591046320e+02
2.059197389710282664e+02
2.208664096742819254e+02
1.951561611066622106e+02
1.991793550172432674e+02
2.048453404701052420e+02
2.132833272960619979e+02
2.278807880270605608e+02
2.060603960735989517e+02
2.233045126956991169e+02
2.017723971610224680e+02
2.176779667192266174e+02
2.145689068252707727e+02
1.984586404013342644e+02
2.063899856413025304e+02
2.015425653301850843e+02
1.951397444680561364e+02
2.054056052179325320e+02
2.033285621182166381e+02
2.226933963721582472e+02
2.133122153877484095e+02
2.148185819066668500e+02
2.067966703145566782e+02
2.228836305307960117e+02
2.031941443421740701e+02
2.341768086074191046e+02
2.116774457778007275e+02
1.976238871683825380e+02
1.806535391023500665e+02
2.361246426486404175e+02
2.130737025798309219e+02
2.170044123540984344e+02
2.130961510861741317e+02
2.064557461571516797e+02
2.237883666814088599e+02
2.002847346750372992e+02
2.220210932118378935e+02
2.105716033553645730e+02
2.082170764071200608e+02
2.242995734205757117e+02
2.217856798420389168e+02
2.045462972608989105e+02
2.070772645833126546e+02
2.213650864624482608e+02
2.075893419027021025e+02
2.263190702512407881e+02
2.145736437401415060e+02
2.207706676348872463e+02
2.193833186163467417e+02
2.182461220955179897e+02
2.247084556012073051e+02
2.136221228447810461e+02
2.004252246387925993e+02
2.186717101209308964e+02
2.088449117591514153e+02
1.957369349834667673e+02
2.071235004973871412e+02
1.845045424379081282e+02
2.141791993152374403e+02
1.852834493871163772e+02
2.007073056608962816e+02
1.938694431133281455e+02
2.144378476531199453e+02
2.042022780449295851e+02
2.172081516148556943e+02
2.050904346663751880e+02
1.880382495867329453e+02
2.151996027487103902e+02
2.184694902108113297e+02
2.158884601496651783e+02
2.442215577939230400e+02
2.131336050393223616e+02
2.089918973669245759e+02
2.088030256849814066e+02
2.160976928998504718e+02
2.009053339572170671e+02
2.181089996180683954e+02
2.017896235307408688e+02
1.953152490923902178e+02
1.996663659613590767e+02
2.071562530698003002e+02
2.099527641367462820e+02
2.019461039758492973e+02
2.188188702976379716e+02
2.058396381408104503e+02
2.161212530743849243e+02
2.051143107637203968e+02
2.106248553165796693e+02
1.930085711031796336e+02
2.225029959418222916e+02
2.067465418921632931e+02
2.053313212800765939e+02
2.067585361579916139e+02
1.951826448802953564e+02
1.939590058835990192e+02
2.033239061265844896e+02
2.165977496658448729e+02
2.089739189313814336e+02
2.153297661164682495e+02
2.103648081361837114e+02
2.204746347454963313e+02
2.029354644275588555e+02
2.039643239614435970e+02
1.975632443095187227e+02
1.969081464666417673e+02
2.275341877449443473e+02
2.140892436027493773e+02
2.193565017138326425e+02
2.247965504575045372e+02
2.246389477564337369e+02
1.928685682377756905e+02
2.003399650674589623e+02
2.113599299487240160e+02
2.022619043874518354e+02
2.230892439834453569e+02
2.213987477347795334e+02
2.099506617914653930e+02
2.278736471569126252e+02
2.232324603013452418e+02
2.273264588063039469e+02
2.455225600626326639e+02
2.376002995953795107e+02
2.481320012993521971e+02
2.513966255229700550e+02
2.302445261717032281e+02
2.436385189079897486e+02
2.486643088790785328e+02
2.292394745266187215e+02
2.123330775972132471e+02
2.224159030772100891e+02
2.222597825076422566e+02
2.332161482154952523e+02
2.426220629369007895e+02
2.109758635304592360e+02
2.086772676827649207e+02
2.073684574101862665e+02
2.258479961222290058e+02
2.127065287868083772e+02
2.254774007691981126e+02
2.185972720838669261e+02
2.253972859461966891e+02
2.115508995768344391e+02
2.470296369715774460e+02
2.207526004454544193e+02
2.241322759582171216e+02
2.232040190227876622e+02
2.372729832816972930e+02
2.202867685856249977e+02
2.137611278386711433e+02
2.355301500088352498e+02
2.395554232434223820e+02
2.187952053733157243e+02
2.320366935787433249e+02
2.269137968446194122e+02
2.136617300226795066e+02
2.293017242614433826e+02
2.292107678914084659e+02
2.274640582016123744e+02
2.209601613148950037e+02
2.089942999462519424e+02
2.264400813298029504e+02
2.271241913174067406e+02
2.265468874803773645e+02
2.310059328354408024e+02
2.177172637948533520e+02
2.273534650718729608e+02
2.311826751478185713e+02
2.139206738645269468e+02
2.306779487983900481e+02
2.286194827500350470e+02
2.158909450286438130e+02
2.254938172598108110e+02
2.164974291353868239e+02
2.334888663492511967e+02
2.408611416227571453e+02
2.456102265643992553e+02
2.461852237565926202e+02
2.146149658098634916e+02
2.334956074735208063e+02
2.325821669432710905e+02
2.304204823643659097e+02
2.340546133784274616e+02
2.369959181195872304e+02
2.412507387526946161e+02
2.265132753442904061e+02
2.311933250044115766e+02
2.310855546371835771e+02
2.273760052712308664e+02
2.376436248786922647e+02
2.422798280395868176e+02
2.361643556279806830e+02
2.403982469788446963e+02
2.381465757876537452e+02
2.224054680600024767e+02
2.038461969151347262e+02
2.221414144395864128e+02
2.302868214446724267e+02
2.247321457659896851e+02
2.493895814989193980e+02
2.330210171315068237e+02
2.443175154931423947e+02
2.371960350967747502e+02
2.370783515745903003e+02
2.119097560451331503e+02
2.445772555079737458e+02
2.366932536836272618e+02
2.334094962278661569e+02
2.283572223050430239e+02
2.317995118262537062e+02
2.310474972295634757e+02
2.326836443749618297e+02
2.668301564583388767e+02
2.298455192886657414e+02
2.251090310781219728e+02
2.065414595904356929e+02
2.235718715867273261e+02
2.225860173749024966e+02
2.426337018219725508e+02
2.406327315563404454e+02
2.195037498144632480e+02
2.187385293264123334e+02
2.503200590658834130e+02
2.235244794788903846e+02
2.314443648993097042e+02
2.511491187724288920e+02
2.436443166751695628e+02
2.280591499233591151e+02
2.165343371603954665e+02
2.383074641588578686e+02
2.384113134154987677e+02
2.468241948775938397e+02
2.433342697340315510e+02
2.352359794498532040e+02
2.231136051861112435e+02
2.350582160412993460e+02
2.413426165599545641e+02
2.350766472553854669e+02
2.298407361118808865e+02
2.366102375287971995e+02
2.183203819813928135e+02
2.379057311080827048e+02
2.378868640498085654e+02
2.337756748588585367e+02
2.379344024122518704e+02
2.455468807314736353e+02
2.269701037260860232e+02
2.426434090035570534e+02
2.315173990465834208e+02
2.372995506905805030e+02
2.237005176388327072e+02
2.453902855505201899e+02
2.352233754139045914e+02
2.307146632942065310e+02
2.433853735262097473e+02
2.360890913294443010e+02
2.508909904712928665e+02
2.306080118717093228e+02
2.504894249930286207e+02
2.189844914324417857e+02
2.478558298641970623e+02
2.349750222371274333e+02
2.594761431250155965e+02
2.163160174638735214e+02
2.394344225237991850e+02
2.465372015892300794e+02
2.466282654109286625e+02
2.253139498036211137e+02
2.256744143414161101e+02
2.319937190825598918e+02
2.692828579359457990e+02
2.505018833861404914e+02
2.236911159836918159e+02
2.318807917631711177e+02
2.166678742098524424e+02
2.488339678291967516e+02
2.459963364898704867e+02
2.328069970079345978e+02
2.225521953232182568e+02
2.235038540848070738e+02
2.337270395141314623e+02
2.287826390458256185e+02
2.335007263200508589e+02
2.324741270194072627e+02
2.201689196504646304e+02
2.118550742463776544e+02
2.481780386302598629e+02
2.289357151075172112e+02
2.506662970187586268e+02
2.299480564902514175e+02
2.266129855906144428e+02
2.260138528704716805e+02
2.421198256137830356e+02
2.549434674180314744e+02
2.518817942316582617e+02
2.379307067452856472e+02
2.171054903004191772e+02
2.385726601254517334e+02
2.337733658880976293e+02
2.408693735680878945e+02
2.296690257196186167e+02
2.353867374420912597e+02
2.367649547204428302e+02
2.501524321469671577e+02
2.383115313640928150e+02
2.279289394654769865e+02
2.269647657180462090e+02
2.190207266920004372e+02
2.341756795185663975e+02
2.503638019340900200e+02
2.381753418446643309e+02
2.465372527834635150e+02
2.418991774215661792e+02
2.356333503706603949e+02
2.470308421515520649e+02
2.244858279477489873e+02
2.659058469392649613e+02
2.314210259530047153e+02
2.718831336336898516e+02
2.548710866173717591e+02
2.567635215648779763e+02
2.866835367861466466e+02
3.176080082190079565e+02
3.388950072371179090e+02
3.154545069222796201e+02
3.328936684746081482e+02
3.222917624257651710e+02
3.390991776964834798e+02
3.163794989412130008e+02
3.073002572094896436e+02
2.963918057762195986e+02
3.727491258305446422e+02
8.685521437313566366e+02
8.641347327772341487e+02
8.911664944018359620e+02
8.931861969959010139e+02
9.107310722996137429e+02
8.948395388591017081e+02
7.002432110640609153e+02
5.043531867404118998e+02
3.729730393075837469e+02
2.486282372998149413e+02
2.176916341404683806e+02
2.047465446352390188e+02
2.158664857351780313e+02
2.604796416201513694e+02
2.779232125387006249e+02
3.787141909302623048e+02
5.714058765693466739e+02
5.248978406811378363e+02
5.357140805901144631e+02
5.308374244196631935e+02
5.164639383195489017e+02
4.906690148943586678e+02
4.264088864492287598e+02
3.556349831248941769e+02
2.719033383190296149e+02
2.574006412798289034e+02
2.122343502166725386e+02
2.035170411067688008e+02
2.057785693831377500e+02
2.231180660876520392e+02
2.226610967166975570e+02
2.147217344770655814e+02
2.104446545689617665e+02
2.087783917006331080e+02
2.165146542007966843e+02
2.157180945391316413e+02
2.283355397672002027e+02
2.073468746612945495e+02
2.117413826942934634e+02
2.227306539369588450e+02
2.213229300420555887e+02
2.265714846278990819e+02
2.217187327446523000e+02
2.022520645970562896e+02
2.280048547190623651e+02
2.080936909273897015e+02
2.111852987867358706e+02
2.359867200880005669e+02
2.341442966181643328e+02
2.007010120997137221e+02
2.213873431425820115e+02
2.279809464427817716e+02
2.210359486456758873e+02
2.278060698113944795e+02
2.227284998249452883e+02
2.274025699285058693e+02
2.179409230400820832e+02
2.161713221976695536e+02
2.287036174587989592e+02
2.336618755639908329e+02
2.161841869104358125e+02
2.295836931024946921e+02
2.357660436401828008e+02
2.252763732761980862e+02
2.281530239344649544e+02
2.149729271726550621e+02
2.237096256288542691e+02
2.315772898935706507e+02
2.367884362644368252e+02
2.344837594500157252e+02
2.202820924862425613e+02
2.334511040367935664e+02
2.335437895581881662e+02
2.319368883987618233e+02
2.277293307504575353e+02
2.399864646320459656e+02
2.463158005627253715e+02
2.384817553699760424e+02
2.339171397021312941e+02
2.389373106517862198e+02
2.312688467532881873e+02
2.241276091383729749e+02
2.193031899431575766e+02
2.275792454140255927e+02
2.339326496784469214e+02
2.210766292989954707e+02
2.121751859695920643e+02
2.082902163184555206e+02
2.146530153225063771e+02
2.167912206013240279e+02
2.264323744223401889e+02
2.380307878750869577e+02
2.513683468685852915e+02
2.400493952746378454e+02
2.349180189606114197e+02
2.388999847300341060e+02
2.267410897008952873e+02
2.546611268967653245e+02
2.487377698228252143e+02
2.466973582845825206e+02
2.366247217247605192e+02
2.450947638483931428e+02
2.374988826346792621e+02
2.339551128693563555e+02
2.333179587989484673e+02
2.455330229633044041e+02
2.432897195096974485e+02
2.390194615645377780e+02
2.315313167579819549e+02
2.395443194785028709e+02
2.510544681754784051e+02
2.503450836974111837e+02
2.286882730605916834e+02
2.229943457664945754e+02
2.495433135109916805e+02
2.426063922523630367e+02
2.328064353257125845e+02
2.504107311010189676e+02
2.771212122739431720e+02
3.247614094404460729e+02
2.205757088702712849e+02
2.543095812822555217e+02
2.558689475059176743e+02
2.827174632429233156e+02
2.895475125363562370e+02
3.180132594418858503e+02
3.481998800833226824e+02
3.240199507336009219e+02
3.528027891667829294e+02
3.765536612297594843e+02
3.682656194414423680e+02
3.245153351019533829e+02
3.488661319123338558e+02
2.666045189474626795e+02
3.199289387734752950e+02
2.789412140071329986e+02
2.881819039182285564e+02
2.899792402520683368e+02
3.072514806289697731e+02
3.198203495618856209e+02
3.222363061221893190e+02
3.115826395840119858e+02
2.967382582754274267e+02
3.268281781233794163e+02
2.680335577864016159e+02
2.550924095537740470e+02
2.416065926369963961e+02
2.296104341310127666e+02
2.453231874404593782e+02
2.342119504890160613e+02
2.410748380789270868e+02
2.582493081763036571e+02
2.626783258372521459e+02
2.639222962463941258e+02
2.353141658241564755e+02
2.575839918449165111e+02
2.633898727524946821e+02
2.536003634593416791e+02
2.401711848129668567e+02
2.402314679695222992e+02
2.424020945123924662e+02
2.408771247108678324e+02
2.323299010229453927e+02
2.670308475161348838e+02
2.549414945474855756e+02
2.400684405730716833e+02
2.629658726504251263e+02
2.855284405935914265e+02
2.693599037963174396e+02
2.419508670787978133e+02
2.623067178607931282e+02
2.494030947934438984e+02
2.532418316229298796e+02
2.522325158327575139e+02
2.443281986550306897e+02
2.543478551326619197e+02
2.393989518116220552e+02
2.418024911968143726e+02
2.527583673494678465e+02
2.410842311640352591e+02
2.472059075993319652e+02
2.439889862906142071e+02
2.397007747090055432e+02
2.468599583616740745e+02
2.407938416283373328e+02
2.420805921220919004e+02
2.453976650471521168e+02
2.422510214150509569e+02
2.619355755591878960e+02
2.468966151359987293e+02
2.518687189264384472e+02
2.409651868390327252e+02
2.571768638644140879e+02
2.244571616059008079e+02
2.550654672987537026e+02
2.382252158365182595e+02
2.575648425760901432e+02
2.535146407327435156e+02
2.414292664946959519e+02
1.931663155942278252e+02
2.527940035016672198e+02
2.380587122672162650e+02
2.588549048031941879e+02
2.471825488505465671e+02
2.522571223847048998e+02
2.507754571152333938e+02
2.432710067165671717e+02
2.484840618137756678e+02
2.476571733574810992e+02
2.533279758729182731e+02
2.496554131256360449e+02
2.587733612501755260e+02
2.701945162416805033e+02
2.428592687727023929e+02
2.400763912143238770e+02
2.397863091540362461e+02
2.426315103417716443e+02
2.553583904603719077e+02
2.701103568579891316e+02
2.821559563507710209e+02
2.359528551083006676e+02
2.581083862242123246e+02
2.569688818742365584e+02
2.458089329555698725e+02
2.652881774233432566e+02
2.491034237220754335e+02
2.516571763751571780e+02
2.319342223170155535e+02
2.378308144516215918e+02
2.364704124015004538e+02
2.496032725648545636e+02
2.591918364324329218e+02
2.603580555937243730e+02
2.415357213966789232e+02
2.559607716830373079e+02
2.356411308543741256e+02
2.568756613087558662e+02
2.525197630804752293e+02
2.598148915338622373e+02
2.507665715877008381e+02
2.460295952287416981e+02
2.132937202395062855e+02
2.475949803502583961e+02
2.330030142837077562e+02
2.615422500140328452e+02
2.386030748871606875e+02
2.752953167883815695e+02
2.531909839480983351e+02
2.515288044648331152e+02
2.529229065242932961e+02
2.649229637622729570e+02
2.526870773753954325e+02
2.618530541075325573e+02
2.438876082625350818e+02
2.541725825908620493e+02
2.508417078768985391e+02
2.732048387883078249e+02
2.538502283212642965e+02
2.540054410027473182e+02
2.613553255087348930e+02
2.587728378142950305e+02
2.679221143070333255e+02
2.585930122810902390e+02
2.555491053258402872e+02
2.474709902143149520e+02
2.456647554649754284e+02
2.655009910956628119e+02
2.435065991265813068e+02
2.720910544424854152e+02
2.195092261863011061e+02
2.473477038341108312e+02
2.389673603892176459e+02
2.471153247415500971e+02
2.705399680188660909e+02
2.540387433585941039e+02
2.586163662275196202e+02
2.598195104421444057e+02
2.610394489988446480e+02
2.637943472649206456e+02
2.678981084619823037e+02
2.490499046815853319e+02
2.783152610663847213e+02
2.600544956042026001e+02
2.706281584119656713e+02
2.708747624740737479e+02
2.756126984726790283e+02
2.560362797422631616e+02
2.567647279196619365e+02
2.523547846066652767e+02
2.571593078427494561e+02
2.662518168113693378e+02
2.581492011995585472e+02
2.585623393253629843e+02
2.648466484231135496e+02
2.548172271878935931e+02
2.614836801683170506e+02
2.608628893617355402e+02
2.599144771410864223e+02
2.552634282832905512e+02
2.522167123059452649e+02
2.710874894046883128e+02
2.611441753861613506e+02
2.723154795143696560e+02
2.493595759699806251e+02
2.421305653416272889e+02
2.497142163806249187e+02
2.555992711565420450e+02
2.486322605313118288e+02
2.578785586054678447e+02
2.366600772747440260e+02
2.444630472117747502e+02
2.501283338253658144e+02
2.487286007588576808e+02
2.481602655930235244e+02
2.510325672773465726e+02
2.548083566076866759e+02
2.531054041355648678e+02
2.434714809023810460e+02
2.392775547218100769e+02
2.453051123317652298e+02
2.427286195736426748e+02
2.602273376170642223e+02
2.469420342755046534e+02
2.446504477961098587e+02
2.488802611866820769e+02
2.527798957034457317e+02
2.541114183567061673e+02
2.578107913406486773e+02
2.456763055679486740e+02
2.476196329116300774e+02
2.560373915660973125e+02
2.478991890841881514e+02
2.434413152615063609e+02
2.497385458800383731e+02
2.412956591507659994e+02
2.475820638775810778e+02
2.609962540743072168e+02
2.623313927435388564e+02
2.488075155343925928e+02
2.628578778346018225e+02
2.400002522726664438e+02
2.552998022087994059e+02
2.566502185555590358e+02
2.561480647216748707e+02
2.757899757870896451e+02
2.659415757646015095e+02
2.508880488518345260e+02
2.787399508268182444e+02
2.562738525543967967e+02
2.616831579055896100e+02
2.715771672604227547e+02
2.706819143934083627e+02
2.578453125170792077e+02
2.519202279266948779e+02
2.624639531028041119e+02
2.535959908353566448e+02
2.590848287359685855e+02
2.611522024085390967e+02
2.545515816268634808e+02
2.746021201437847594e+02
2.715432177301916568e+02
2.625324243627588316e+02
2.795237592063526790e+02
2.753112876020378508e+02
2.578867997063668440e+02
2.670021341195848095e+02
2.757050415031656598e+02
2.573275787111957698e+02
2.547652080688321803e+02
2.596053814049125776e+02
2.589646220770763421e+02
2.838093521505222157e+02
2.622377717540073832e+02
2.697532002810108338e+02
2.580792624112856970e+02
2.682361175001894935e+02
2.755170527153352964e+02
2.802272379105264690e+02
2.722000524768331502e+02
2.541670118116664696e+02
2.619162947988095880e+02
2.795426938751306238e+02
2.700963767904210044e+02
2.715842804163685287e+02
2.777439634973349030e+02
2.735476828436279106e+02
2.613184720845052880e+02
2.744171263896621440e+02
2.784876649198868108e+02
2.759032779148679992e+02
2.863289477610917970e+02
2.655899362261662873e+02
2.717967035863462115e+02
2.645229043018900370e+02
2.605969295198348732e+02
2.618247156339535877e+02
2.756517130727281710e+02
2.435146555598897180e+02
2.566065877540032147e+02
2.600849522286864612e+02
2.524654306090259013e+02
2.536173306709233373e+02
2.595310936645890934e+02
2.481633196550086780e+02
2.550183554481378110e+02
2.502688761547710499e+02
2.447304465716075867e+02
2.529431679424532149e+02
2.473502132822448232e+02
2.476181617779923840e+02
2.645384575944489711e+02
2.705553728971172518e+02
2.602885725775595347e+02
2.467697799483533458e+02
2.608800409784357157e+02
2.539240633898612032e+02
2.504962129000122388e+02
2.738682736109755069e+02
2.471072349756161088e+02
2.582870987239319902e+02
2.569384643142128084e+02
2.704015951387085579e+02
2.493670044152910350e+02
2.650502440153193220e+02
2.432183585592911186e+02
2.342141373245433726e+02
2.593073381833390840e+02
2.512733462045969759e+02
2.750676372549892790e+02
2.438697254647376838e+02
2.744609537482694464e+02
2.482285430230433576e+02
2.577064228825299779e+02
2.715845225338453588e+02
2.631589555180287903e+02
2.477359443413032238e+02
2.545413314545912158e+02
2.930282346372556503e+02
2.826893937202177653e+02
2.317040516216891888e+02
2.867684856237419240e+02
2.401247966868308481e+02
2.686602970141500464e+02
2.675615849653939335e+02
2.906141095134467491e+02
2.574252460847803832e+02
2.626879627218421547e+02
2.719202306683500865e+02
2.560663666700905878e+02
2.600683300518038550e+02
2.547177674134988763e+02
2.443448461023033360e+02
2.460509208917818285e+02
2.533196760862034012e+02
2.609492673995590621e+02
2.632396773104877639e+02
2.734669470134353446e+02
2.605389821981430600e+02
2.603663149787005864e+02
2.693670477686753202e+02
2.751668609571440811e+02
2.688238510941275763e+02
2.575684890793017985e+02
2.755817149104594819e+02
2.590499015389564192e+02
2.669672723186141070e+02
2.759323428440760608e+02
2.773782893401233878e+02
2.546008615709958178e+02
2.570073240315500129e+02
2.607658929142999682e+02
2.922654522025044344e+02
2.778396035362603698e+02
2.771042935025823226e+02
2.819635037756498832e+02
2.165242360742302310e+02
2.858264962556735327e+02
2.617276785764410079e+02
2.662904009649051886e+02
2.575083545127289426e+02
2.555856912512226700e+02
2.756551032724241281e+02
2.399272388837870835e+02
3.039493518409004764e+02
2.715009676980023983e+02
2.600149942322557877e+02
2.644814858551410452e+02
2.702048239902438809e+02
2.683879884595112344e+02
2.625697399699901098e+02
2.702213605221736543e+02
2.755528046078578086e+02
2.442759577943488694e+02
2.701509089289042436e+02
2.570201309140247758e+02
2.752373955045174512e+02
2.555214336985851276e+02
2.689798192349206261e+02
2.825986074349617638e+02
2.643953122980389026e+02
2.653539030030576669e+02
2.634533679868726495e+02
2.769791603978193280e+02
2.868439350620743085e+02
2.822754243739954632e+02
2.460765184420770879e+02
2.681678211078731238e+02
2.683076387690250613e+02
2.803485723425140463e+02
2.580870694587790695e+02
2.904244727734499634e+02
2.922242077422693001e+02
2.902882657487638198e+02
2.693527609319864951e+02
2.886709464142260799e+02
2.976657956941270413e+02
3.039657637907213257e+02
2.641210527243062529e+02
2.802579212531107373e+02
2.696593626154065646e+02
2.860992388778522582e+02
2.806053129244881461e+02
2.704549385167047717e+02
2.839922040468354680e+02
2.819574637117475504e+02
2.799608036714514014e+02
2.637718406706663927e+02
2.702879647286197269e+02
2.966264600869075139e+02
2.728738198290482728e+02
2.747128087053338845e+02
2.763258140735528059e+02
2.861674418572305285e+02
2.961713708582757931e+02
2.699712678580747820e+02
2.931349003934840312e+02
2.454329354826921588e+02
3.163316122160091481e+02
3.215401006173111114e+02
2.711258477381977059e+02
2.741124534870895673e+02
2.885563183749061409e+02
2.799667380229321907e+02
2.908252638826398311e+02
2.753625538003131510e+02
2.757417032709784053e+02
2.779779461173359323e+02
2.831441045496213178e+02
2.829201906481505375e+02
2.934235373154750732e+02
2.609025382823070345e+02
2.693665383817299812e+02
2.493755769625532253e+02
3.139590982826297818e+02
2.718271390987622453e+02
2.824361685331375043e+02
2.700847827678316548e+02
2.777294773374197234e+02
2.943968935918663874e+02
2.959427257483802691e+02
2.469387328250400913e+02
2.980213228216775860e+02
2.747710950396783574e+02
3.542480660935494257e+02
2.802688006220653847e+02
2.749225625619989728e+02
2.702909257195684631e+02
2.770609915471638942e+02
2.842342771360571874e+02
2.656345384077231984e+02
2.764319314204350349e+02
2.815718699149471718e+02
2.581103233647503430e+02
2.727640215791911373e+02
2.533244958287312443e+02
2.726300416681971228e+02
2.497514378848609056e+02
2.675177620289262563e+02
2.755515899009009786e+02
2.641537484250200123e+02
2.665505883726535217e+02
2.278701874928172515e+02
2.544162569231445730e+02
2.511178632356708249e+02
2.637947267817377224e+02
2.547077728664156382e+02
2.890634561861818952e+02
2.553194075930693998e+02
2.662699535785539524e+02
2.551581175122515504e+02
2.425558359700011692e+02
2.681029266996369529e+02
2.690001136551812806e+02
2.858405979634642335e+02
2.639271654802831790e+02
2.661061701109648538e+02
2.950251556207237513e+02
2.757646999513136734e+02
2.622160354480415094e+02
2.705423050240988232e+02
2.623154460602648896e+02
2.786928148915268366e+02
2.785999901685814280e+02
2.758195072783773298e+02
2.772628137471184573e+02
2.808280007833815830e+02
2.864362608604650973e+02
2.707640543943340958e+02
2.974788228490490951e+02
2.826208371145746128e+02
3.055767549988639189e+02
2.915439857289466090e+02
2.990909197092865952e+02
2.984438377593730252e+02
2.892200955831152669e+02
3.111544040337223009e+02
3.154900060280858725e+02
2.882354940052551910e+02
2.934530485516219187e+02
3.050311227656846427e+02
2.903235419603272476e+02
3.138894503635223714e+02
2.879631939237778511e+02
2.862531922812016774e+02
2.963284784594286521e+02
3.018844785532187416e+02
3.059800240979611772e+02
3.015265704608150941e+02
3.025757421424132758e+02
2.901191642217660274e+02
2.828758325355485681e+02
2.948441991186995210e+02
2.887554413863207969e+02
2.840876630554805615e+02
2.756486770370465251e+02
2.774415576698158930e+02
2.879357609299224805e+02
2.706009975892070543e+02
2.843574442271758471e+02
2.837455223436734855e+02
2.733955300913598307e+02
2.907409183958437779e+02
2.857703182419212453e+02
2.765266920228800132e+02
2.759313120685789045e+02
2.911975169119853604e+02
2.928129082437162651e+02
2.873702909347004493e+02
2.952274788001067236e+02
2.982107028698798104e+02
2.992103463886095369e+02
2.972569152910282355e+02
2.899944858393951677e+02
2.866849728303515690e+02
2.948741956375433233e+02
2.869237969751386004e+02
2.910896970687832663e+02
2.983981873154933169e+02
2.864580262881124213e+02
2.909509948629993232e+02
2.953606665911660230e+02
3.093137620623896851e+02
3.036219857705434038e+02
3.054447112708938334e+02
3.098966270773353244e+02
3.114349776776944054e+02
2.900148082240189638e+02
2.883349252657701527e+02
2.811774319448174424e+02
2.717465262259179894e+02
2.845743806687104325e+02
2.917916794599626087e+02
2.898450982611908557e+02
3.010645386039236655e+02
2.849191551872705759e+02
2.836775477459636932e+02
2.932063833432300726e+02
3.016258791055427082e+02
2.776353389805821053e+02
2.942858302251524378e+02
2.715521559485946455e+02
2.885366141232678387e+02
2.700102321775395922e+02
2.915111554926108397e+02
2.958224959487372416e+02
3.036831669845864781e+02
2.876485819978150857e+02
3.021645818761942905e+02
2.831849119370756966e+02
2.917367774144256600e+02
2.978741960163155227e+02
2.711291551537200348e+02
2.862059012216448082e+02
2.655122685252063093e+02
2.754141098861871342e+02
2.888804721061010810e+02
2.736838406238533707e+02
3.059086784461400157e+02
2.945810344302564090e+02
2.892247270499507863e+02
3.076644287328586529e+02
2.934355154120763132e+02
3.066762961092725845e+02
2.882543481512664130e+02
2.926129807638590705e+02
2.694331691625137637e+02
2.628044597483853408e+02
2.767100090893716242e+02
2.861203473229268184e+02
2.798839419149633727e+02
3.123279660709054610e+02
2.918721208295029896e+02
2.883830612639592914e+02
2.843979728978516164e+02
2.806938525045783877e+02
3.056745665131343799e+02
3.048874104971379211e+02
2.991184181958585668e+02
3.042412898574189626e+02
2.949553977303524448e+02
3.051082774307377576e+02
2.919678509806501552e+02
3.014525594877329695e+02
2.984313041283981534e+02
3.104766527918754946e+02
3.025835841200773189e+02
3.173412004273479852e+02
3.039795608902912818e+02
3.097756158443145864e+02
2.972118647529667328e+02
2.915329938319180201e+02
2.990774464208073482e+02
2.905941815059175042e+02
2.975617391058144676e+02
3.012853990002973887e+02
3.017674089220412270e+02
2.830817285478700569e+02
3.153612862237049512e+02
3.011722759647628322e+02
2.850122329754644852e+02
3.140894960414070169e+02
2.985360726361046773e+02
2.956691702782675293e+02
2.897301221439592496e+02
2.998415366529652033e+02
3.010597817880846492e+02
3.000705602120734738e+02
2.967869028897467842e+02
2.979598098659332095e+02
2.937114619453811883e+02
2.963930659158754111e+02
3.004658624503011879e+02
2.913013253977698582e+02
3.042148779270115142e+02
2.958174868888397668e+02
2.944339420492109411e+02
2.978264655077565521e+02
2.862523773442129595e+02
