2.914705885321711420e+01
2.815240450861696075e+01
2.772826209624244598e+01
2.241428904943698797e+01
2.680039230315892240e+01
2.694176237485918790e+01
2.590565906280337671e+01
2.647297842393667011e+01
2.572543443606991787e+01
2.601525838510487532e+01
2.535640266507658680e+01
2.539696947084722112e+01
2.548689825826794220e+01
2.519559856240572415e+01
2.473971752855250728e+01
2.418889772460142140e+01
2.521299328856164834e+01
2.417834544951338671e+01
2.395830535993456323e+01
2.389415312048081930e+01
2.430550852282411256e+01
2.374610237680026970e+01
2.424574252174438982e+01
2.335817362410240250e+01
2.320048174674461450e+01
1.921985579111201403e+01
2.327079441744446342e+01
2.364370290854203915e+01
2.311208614222652002e+01
1.852098129752680222e+01
2.323514417339816873e+01
2.283365500498678813e+01
2.257280837856503197e+01
2.331061146031965592e+01
2.358557584759168080e+01
2.230444280191224138e+01
2.204194186205844019e+01
2.235770751167449788e+01
2.156419052071668219e+01
2.226343152547934423e+01
2.196950332440166420e+01
2.186582547861198833e+01
2.236423791979148845e+01
2.186016872964423996e+01
2.165489526582463142e+01
2.177174613946447934e+01
2.200197108677087598e+01
2.230781002406264690e+01
2.137267309532239778e+01
2.178059955652446789e+01
2.196343958983116096e+01
2.193494131764292376e+01
2.162717081261478924e+01
1.807514299441089989e+01
2.109897854675058682e+01
2.156950962124363258e+01
2.138574238344544298e+01
1.733175249528971307e+01
2.344714960607191401e+01
2.325250887281046630e+01
2.283945971192017765e+01
2.209006416394420924e+01
2.164711575548292544e+01
2.140444605518331755e+01
2.145196407074823242e+01
2.141643449910845121e+01
2.085700434377304902e+01
2.062404462433244134e+01
2.080984816728505038e+01
2.103919202001169708e+01
2.119397696547918386e+01
2.086341204616515554e+01
2.070763545186116161e+01
2.060824310800295223e+01
2.112481777254559745e+01
2.100030983626088243e+01
2.030561317019245848e+01
2.112007359253082939e+01
2.048539162264308899e+01
2.078632387096652678e+01
2.097509422788091626e+01
2.031538452596891275e+01
1.709073809983356185e+01
2.056352668454638177e+01
2.025024665819331204e+01
1.664226480622460969e+01
2.056025718718325024e+01
1.993177996062572532e+01
2.043466144639968718e+01
2.049575126508172929e+01
2.036535457215870082e+01
1.984151942966717996e+01
1.967211245100840245e+01
1.962218089382688291e+01
2.026054491912720223e+01
1.985928226448643130e+01
2.000264741387940148e+01
1.971898469048475633e+01
1.982914118800097825e+01
1.984402879466676950e+01
1.991777064656499974e+01
1.949709495951182703e+01
2.031595778344030023e+01
2.039403756607073959e+01
2.045498576095194565e+01
1.952052963991951273e+01
1.935194514094549945e+01
2.016591545178605926e+01
1.999754631996105303e+01
1.967507804148542760e+01
2.005539830664666212e+01
1.985927391252804242e+01
1.614628919957548092e+01
2.006838002749597294e+01
2.024457129171038616e+01
1.602588886564661053e+01
1.997387034385295834e+01
1.991424012342082861e+01
1.931920416296631515e+01
1.890994927585343888e+01
1.893296747206159125e+01
1.889652870717843669e+01
1.887322282926309214e+01
1.888530408605640432e+01
1.876982511655879549e+01
1.964544510480054740e+01
1.920864131101344086e+01
1.903981860645803081e+01
1.970023158866750990e+01
1.951766772847145859e+01
1.669029227400200810e+01
1.550221931445871348e+01
1.474162381674062239e+01
1.476266521496359196e+01
1.481563768805636627e+01
1.476200962650955084e+01
1.455807107970889192e+01
1.333856722478280865e+01
1.473877104428469131e+01
1.495557262365529461e+01
1.528207656001772108e+01
1.519089599869405838e+01
1.535691885603897333e+01
1.363486449104152953e+01
1.506102911474932604e+01
1.303208363839393868e+01
1.267942969332493419e+01
1.404726978359903278e+01
1.377110363860610498e+01
1.367873378948791085e+01
1.395956951114918532e+01
1.409951703281795155e+01
1.393101146012856439e+01
1.392745510730142122e+01
1.390265006158042205e+01
1.358123283423161887e+01
1.376525584986745443e+01
1.370299559471770223e+01
1.380086080612272070e+01
1.366508939079684914e+01
1.361333058910743610e+01
1.327261406564338841e+01
1.336851564178132712e+01
1.330732305395376436e+01
1.332356639715151836e+01
1.357627851477626812e+01
1.362122497333753834e+01
1.323149736034326196e+01
1.336092632532258939e+01
1.340283472064862558e+01
1.344049029342507673e+01
1.333792499498194140e+01
1.185284514144636425e+01
1.325798715211475454e+01
1.292073803430344370e+01
1.317946346497183363e+01
1.158920940439749181e+01
1.327803280589618495e+01
1.175415062219068929e+01
1.304591475422463454e+01
1.177265958854024852e+01
1.322615491128262377e+01
1.319956681874408666e+01
1.290582073884097269e+01
1.274804836347301595e+01
1.272770443426086473e+01
1.224665393041093964e+01
1.258629009115876052e+01
1.250500170900725827e+01
1.248334957097592302e+01
1.248646484656276101e+01
1.244579772268155970e+01
1.288234101826975930e+01
1.273142617871714322e+01
1.283315063886061580e+01
1.371120519237166491e+01
1.287309946680513661e+01
1.281505253690744617e+01
1.262393545837315401e+01
1.286490645591889859e+01
1.288094102215010217e+01
1.284632130350981072e+01
1.265693536759487259e+01
1.252334173106520154e+01
1.251550534284286087e+01
1.272011241805072324e+01
1.238514156765274699e+01
1.265187948699768938e+01
1.242916245149004872e+01
1.105064808759683714e+01
1.239867302337048116e+01
1.258665111461431607e+01
1.118845023359404323e+01
1.247443191127534767e+01
1.254587310475267614e+01
1.241744392274160624e+01
1.111867334222647585e+01
1.244326172930615471e+01
1.229631427092387774e+01
1.208758689543306453e+01
1.229252640966535637e+01
1.195871861998370989e+01
1.225586230251452058e+01
1.222959125469014907e+01
1.236301997106339812e+01
1.221499539656236877e+01
1.196324923570684540e+01
1.193090561273008987e+01
1.219885236868464240e+01
1.193014201922195205e+01
1.200723109090927032e+01
1.205916335754555213e+01
1.211256666033607665e+01
1.217224714834906152e+01
1.198924606188804276e+01
1.227623982441253325e+01
1.225829437715247394e+01
1.204934623301074303e+01
1.211101006824933535e+01
1.223810390986858998e+01
1.208335689469444674e+01
1.208300758342914527e+01
1.079258392010532752e+01
1.212241119682318491e+01
1.079487290831666790e+01
1.211173317559981122e+01
1.228528027995360894e+01
1.079559460384727920e+01
1.234119005559296767e+01
1.220954654245145576e+01
1.214518407150017687e+01
1.093230359503495563e+01
1.203948299206831862e+01
1.199133767362988401e+01
1.223056283390514665e+01
1.193428424849558134e+01
1.232929953557354885e+01
1.220123739667997320e+01
1.220598867758832995e+01
1.222655950758151988e+01
1.228835834411648165e+01
1.235357932689421645e+01
1.222216818744893274e+01
1.218216704080350254e+01
1.222712306176972774e+01
1.226003969779107017e+01
1.228465040026999944e+01
1.227077646724215221e+01
1.198053010478117919e+01
1.218851994840559883e+01
1.197525227152411986e+01
1.198728812234798369e+01
1.212320601133224507e+01
1.219317078564449908e+01
1.219503595295913279e+01
1.213320959485887762e+01
1.195902815295374033e+01
1.080459437988948146e+01
1.194483720900773882e+01
1.202179765723603744e+01
1.068144823533749133e+01
1.164860717026320813e+01
1.192420302868849724e+01
1.053127251384054475e+01
1.188803295977328744e+01
1.202914980610207785e+01
1.189895668109027227e+01
1.067187037155371598e+01
1.206687700114490447e+01
1.203825309302267854e+01
1.210552775218952526e+01
1.201218578738561149e+01
1.212385996246442765e+01
1.237787424910182033e+01
1.256242995075414015e+01
1.359787128941258061e+01
1.210610298116996830e+01
1.182536413456733548e+01
1.178907340328953346e+01
1.201124820524453973e+01
1.176176159076394434e+01
1.149899374409783981e+01
1.154325507126613637e+01
1.159407698050711488e+01
1.167981705058629061e+01
1.155621490344383950e+01
1.157311072699863175e+01
1.154893788411910549e+01
1.136917306872001632e+01
1.056398006828406011e+01
1.172857546932780082e+01
1.172233291337451000e+01
1.193545633676002993e+01
1.171822896446005302e+01
1.055057673354428616e+01
1.165281088037057877e+01
1.162573853836486215e+01
1.018833740449803393e+01
1.160231887627213077e+01
1.031904325852832827e+01
1.160583134403526273e+01
1.155245228872900398e+01
1.155392699687018698e+01
1.227611390917811285e+01
1.172686360502155978e+01
1.137683734982404182e+01
1.148396055820618145e+01
1.160557080668045593e+01
1.186692408040228308e+01
1.150606835930276262e+01
1.157580371804994712e+01
1.159048811236432286e+01
1.168468443401847523e+01
1.151436703585800814e+01
1.164661510446679493e+01
1.162454926760090146e+01
1.154716387837401825e+01
1.153590369070463595e+01
1.149168972218741480e+01
1.156075038857334292e+01
1.125572288224251594e+01
1.166398768493328220e+01
1.167710929095402683e+01
1.135083423728379870e+01
1.145263520246591149e+01
1.324540586538770448e+01
1.027246106576013496e+01
1.148086728700532433e+01
1.126121331482448795e+01
1.143446270438789192e+01
1.169357769381559464e+01
1.130897820147480637e+01
1.135298462038967138e+01
1.159467901953138735e+01
1.025426079384573264e+01
1.141776200600315327e+01
1.019656370632992726e+01
1.012687864002160154e+01
1.138986971922749447e+01
1.131363718418418074e+01
1.138675808582681803e+01
1.124901613183609328e+01
1.127659509804439075e+01
1.121707724228011926e+01
1.130366001756652494e+01
1.142878106788395165e+01
1.129601326415071405e+01
1.147816993771021288e+01
1.144060724046179445e+01
1.123877263484802391e+01
1.137569499666807005e+01
1.133866815275131046e+01
1.128308566240659339e+01
1.124200531126004599e+01
1.120461943679591421e+01
1.113201750030205517e+01
1.096462063236361217e+01
1.114324705535966409e+01
1.128283679810487250e+01
1.114345331432818931e+01
1.120470063691684182e+01
1.114157378382106955e+01
1.116685414970847745e+01
1.129016810895445744e+01
9.952600842248660484e+00
1.123315111741218075e+01
1.262616491699131593e+01
1.728259870926612152e+01
2.187920831567774016e+01
2.300736682214678908e+01
2.317755722864022161e+01
2.299934089464439779e+01
2.119144869119703145e+01
1.665847461369160598e+01
1.031305983606428178e+01
1.003664170951300605e+01
1.102851739593958769e+01
1.109433632783668777e+01
1.083340868744542718e+01
9.801252116676842263e+00
1.099076779427708850e+01
1.078620644171596332e+01
1.092708669617984718e+01
1.090737924524864688e+01
1.082835879846037486e+01
1.098554764930568872e+01
1.098762733657292223e+01
1.098984997537962549e+01
1.124132859305970378e+01
1.116967948402209032e+01
1.108658457233577010e+01
1.109116590380280520e+01
1.079971150851720552e+01
1.103309014724515436e+01
1.097467846448437889e+01
1.099364585774531555e+01
1.107016259081228426e+01
1.076569858577047611e+01
1.082253532324566514e+01
1.088254004617471615e+01
1.090315696362202758e+01
1.122867293798818267e+01
1.010943919036499850e+01
1.335302746504182991e+01
1.067450362418923504e+01
1.524171932753086267e+01
3.029430210199549833e+01
2.199705875247883924e+01
1.159887336717991779e+01
1.088361767352397536e+01
1.072597962492638146e+01
1.086975170503921007e+01
1.078375520126010301e+01
1.096367971048025147e+01
9.567706313445320632e+00
1.079793829033450692e+01
1.060871503061784615e+01
1.067577345785280940e+01
9.652913293726566479e+00
1.066186557074230201e+01
1.058070628549201331e+01
1.073844604570125938e+01
9.422779882969186005e+00
1.066566537736149556e+01
1.065566263448768503e+01
1.069571531829267030e+01
1.064072546283889409e+01
1.073293353507647296e+01
1.067933498231352374e+01
1.059200453984298029e+01
1.090523508460106861e+01
1.078089416814062496e+01
1.087286947719795371e+01
1.069007861709669704e+01
1.080843229410657713e+01
1.085400506536193888e+01
1.095140939173852423e+01
1.091159663453651163e+01
1.085705619576149061e+01
1.083184083544800203e+01
1.080909593785505685e+01
1.091727128186292717e+01
9.737511865811002920e+00
1.108114681389319323e+01
1.110134166222815644e+01
1.119132021356190876e+01
1.105013267165418434e+01
1.092923450237975658e+01
1.111265190930371460e+01
1.111998375417796936e+01
1.093364777208699046e+01
1.088022906930776301e+01
1.095274868422805348e+01
1.099595782807387323e+01
9.727844422959849524e+00
1.093379052357198589e+01
1.108980705738702177e+01
1.087083439266080909e+01
1.087757717821182801e+01
1.100587285124401404e+01
1.085671671725974896e+01
1.097289040896839118e+01
1.108292094285410556e+01
9.849838468337434705e+00
1.096740804230686628e+01
1.099630422089359172e+01
1.102136219489699442e+01
1.001853375338761865e+01
1.097369959367060765e+01
1.103210497241061461e+01
1.097982548226738508e+01
1.085334017432248466e+01
1.056791827931680317e+01
1.104906236657209995e+01
1.105133733196792178e+01
1.088899711538682524e+01
1.082897569559133899e+01
1.083461958407166925e+01
1.097775222965431574e+01
1.088165175184049538e+01
1.087477886901864643e+01
1.071495903865285726e+01
1.082354748112843978e+01
1.074044446424116117e+01
9.551723709110618188e+00
1.055993468294512994e+01
1.069486142577389032e+01
1.068529441567481264e+01
1.055890764169920892e+01
1.041866335409025979e+01
1.071531112681702602e+01
1.047420118250560606e+01
1.052115672297141202e+01
1.052916493255544594e+01
1.048356432462562360e+01
1.058352208663327154e+01
9.410796963284115080e+00
1.060115606082116813e+01
1.056597841511522340e+01
1.033562631322626935e+01
1.051884187803088011e+01
1.037509149944193609e+01
1.061031776853880793e+01
1.044602808775254665e+01
1.039716098377259890e+01
1.053463219025681141e+01
1.034103384906381606e+01
1.019892630019882596e+01
1.039117841891423666e+01
1.060630594289462181e+01
1.047573163285352216e+01
9.337621866136368354e+00
1.038018588096328898e+01
1.038673813773482557e+01
1.047322800621620864e+01
9.219830590678583349e+00
1.027344412815922148e+01
1.019185223129953854e+01
1.026907523092730123e+01
1.042081281101765455e+01
1.027919029486373859e+01
1.045633343076831601e+01
1.027717963136737467e+01
1.042278139027814099e+01
1.031683893216864512e+01
1.016834822092763702e+01
1.032667406886675288e+01
9.155718199137195867e+00
1.019892209716554277e+01
1.019411579343268670e+01
1.033139125081254761e+01
1.017706823098822078e+01
1.019666208685538678e+01
1.021705698324136691e+01
1.010463496101292158e+01
1.013567333325101849e+01
1.010367136523604792e+01
1.024035452801994239e+01
1.028119135044345533e+01
1.005380438068274351e+01
1.020586145158954849e+01
9.094940046790856769e+00
1.018825257413812402e+01
1.028357611770476865e+01
1.013365124428656117e+01
1.004850097028201006e+01
1.012238888439873818e+01
1.017031225263482064e+01
1.025839294358484644e+01
1.022639561172477052e+01
1.019452943455707050e+01
1.023907809054593976e+01
1.033163662901220725e+01
1.040005870837821789e+01
1.024677466934657843e+01
1.033119884539592803e+01
1.013563135553584083e+01
1.031371864665449678e+01
1.030718479148458755e+01
1.033253846339361637e+01
1.045157321879211487e+01
9.648578601451054837e+00
1.059462060572937148e+01
1.069224572502925952e+01
1.065171687957915836e+01
9.643815279962652198e+00
1.068906320404331822e+01
1.059463096810153715e+01
1.072583534459405463e+01
1.033107484478602700e+01
1.039295289759220609e+01
1.026242037330204049e+01
1.044167561482217366e+01
9.429935342876969884e+00
1.100740653343753372e+01
1.162844086971131752e+01
1.218351237035020240e+01
1.227226457121853542e+01
1.234513885385407228e+01
1.267485010179153804e+01
1.235278143922122673e+01
1.171945620046003178e+01
1.141158947112073641e+01
1.131606312906079559e+01
1.098339109674759229e+01
1.067087148852148637e+01
1.031006903198910685e+01
9.544278480448189939e+00
1.053765381020773795e+01
1.041477041429486405e+01
1.041726530546102403e+01
1.056243704857982557e+01
1.062026878896902282e+01
1.051934166111469615e+01
1.071343502455956198e+01
1.074632632047928560e+01
1.067924702408083704e+01
1.057979746726448411e+01
1.047128410998319836e+01
1.050038063787477682e+01
1.050807419149602850e+01
1.065295600958538103e+01
1.048012896275501227e+01
1.062051234399478261e+01
1.060658771033797798e+01
1.053884161061604630e+01
1.077234417216220486e+01
1.059283139071779445e+01
1.065807934469517448e+01
1.053003644015204188e+01
1.032411340878650741e+01
1.028233425008722079e+01
1.031158262694872541e+01
1.041276894208091086e+01
9.163984642618991927e+00
1.045447665802517179e+01
1.038439049486939680e+01
1.052046911108331884e+01
9.417664444870240459e+00
1.035959618246893577e+01
1.053050018097321860e+01
9.395847811443521991e+00
1.029906648019019322e+01
1.019503497824766391e+01
1.018818731043434411e+01
1.005123624739078458e+01
1.016024286309267843e+01
1.012816429575312860e+01
1.010550431687475204e+01
1.011449900326670104e+01
1.018061866203604815e+01
1.019791837231501930e+01
1.007654214728142961e+01
1.017600466579525076e+01
1.010193266865131179e+01
1.031007473848590728e+01
1.007896719075511882e+01
8.893847943355636332e+00
1.008140410478594617e+01
9.858874933692572284e+00
9.982668902516651954e+00
9.803852275596645072e+00
9.664712297597997548e+00
9.628602704968550086e+00
9.545131371542472820e+00
9.898387319864305312e+00
9.815309968771956051e+00
1.001333483371808519e+01
1.003168114296875402e+01
1.033539327840702349e+01
1.027677215162964153e+01
1.037006343221200133e+01
1.023314181271992851e+01
1.018112413694852236e+01
1.016984604725696784e+01
9.912658536849347612e+00
9.584099301166663309e+00
9.764052665638537576e+00
9.416838212159492016e+00
9.547328770884645266e+00
9.551064897363833239e+00
9.554450540322804386e+00
9.650793174140824604e+00
9.499469452567954164e+00
9.579318993460082865e+00
9.574362385362469752e+00
9.595539798126088371e+00
9.461699235732409008e+00
9.432284319888614377e+00
9.774286988226542405e+00
8.593196937175648031e+00
9.823352777959502902e+00
9.832187463659627369e+00
8.627448658442157026e+00
8.526724444690218618e+00
9.430606243122499066e+00
9.494877318317174186e+00
9.488693684173615139e+00
9.664081788307328225e+00
9.505649922083328818e+00
9.630459603004704050e+00
9.587807309779186937e+00
9.506929003862007121e+00
9.469940296235270338e+00
9.450965482803207252e+00
9.465422879901375097e+00
9.411084817942063196e+00
9.420056181187813849e+00
9.523036452354105563e+00
9.334171440013935950e+00
8.493441916231066813e+00
9.342009245474896417e+00
9.467021976316614129e+00
9.503765018490653915e+00
9.256645673540793595e+00
9.456112906956096964e+00
9.320209122393031009e+00
9.314150657899874730e+00
9.278404602344586749e+00
9.116562180039124996e+00
9.287265526955991390e+00
9.252215250287648018e+00
9.362313092366623124e+00
9.181286512029810609e+00
9.279033149487002419e+00
9.238849862693891524e+00
9.407425932492509801e+00
9.251366092401934083e+00
9.297051202470623110e+00
9.412219308641452287e+00
9.370274426874795282e+00
9.272418427990650969e+00
9.241242905561746213e+00
9.286943237704921472e+00
9.330142913010494254e+00
9.531543925413824780e+00
9.358129957311181357e+00
9.383443151769853330e+00
9.209166621353729099e+00
9.437235579050568646e+00
9.489577353859559139e+00
9.437962268628032447e+00
9.495269505823660694e+00
9.471486748373285636e+00
9.373244333304434406e+00
9.473110486264527452e+00
9.405555872721377497e+00
9.519123758157645554e+00
8.431850592682813783e+00
9.542023847123184410e+00
9.480470700053192701e+00
9.429811291582685939e+00
8.466936793016142104e+00
9.562565063384800723e+00
9.553828307785650509e+00
8.392687540741146535e+00
9.493659019331822435e+00
9.494493287945683591e+00
9.648133359687596666e+00
9.493336860504749453e+00
9.553965207841278229e+00
9.652377372389137733e+00
9.460439620154520668e+00
9.513796238094629487e+00
9.573128559327948039e+00
9.745084204275455519e+00
9.703851803477459015e+00
8.537019618574275270e+00
9.504339903068688145e+00
9.547206375880806561e+00
9.360539471491966523e+00
9.474406060346199254e+00
9.484546585341915304e+00
9.553573027171356813e+00
9.465898608072619069e+00
9.402246001835179001e+00
9.512851173982454611e+00
9.268176554922533228e+00
9.357879646977794508e+00
9.298984593690949652e+00
9.378696303894644259e+00
9.318659999883264433e+00
9.456548138773264611e+00
9.497558479963290168e+00
1.076333478834617985e+01
9.594558462197044335e+00
9.600504474234380581e+00
9.539483003194622057e+00
9.664553439278302349e+00
9.593195898147071077e+00
9.673606037421350834e+00
9.842650260992902744e+00
9.687753340756776410e+00
9.424908230786664731e+00
9.354243702659552184e+00
9.408278157521808183e+00
9.067317660151639203e+00
9.235712003625200950e+00
9.131960057476055326e+00
9.254764315092817384e+00
9.138968345376516922e+00
9.151966922294260343e+00
9.075360198670734846e+00
9.275752186093777496e+00
9.330145011876533445e+00
9.414055183038430030e+00
9.365441789772917858e+00
9.223936421610007486e+00
9.348376159475041192e+00
8.332925296645631974e+00
9.328387436327931326e+00
9.162878412086261193e+00
9.312261375041178013e+00
9.126702547899874673e+00
9.220042607805410739e+00
9.176709594505695122e+00
9.245482286746678824e+00
9.313508591827503125e+00
9.386074455441480779e+00
8.223996883887215503e+00
9.293297173393771260e+00
9.176592650065442669e+00
8.233318502670256223e+00
9.250756482504744582e+00
9.404173143000157609e+00
9.889600257324104859e+00
9.987189921587233954e+00
9.824705098636174583e+00
9.974970702122460509e+00
9.878342174959708899e+00
8.852430357398098693e+00
9.521590933633326870e+00
9.344844261355538251e+00
9.255455926348362894e+00
9.254973954858932927e+00
9.182058969793077452e+00
9.181646636822369700e+00
9.098836743721916420e+00
9.124357895123340612e+00
9.245663745666549360e+00
9.694741453987919755e+00
9.711485511264667636e+00
9.766184820331783811e+00
9.816602416386880137e+00
9.762313353897322799e+00
9.605061920259217345e+00
9.468516676319740810e+00
9.361569148612513658e+00
9.375136097852333705e+00
9.208150734789876779e+00
9.096277684995682122e+00
9.184002484977856540e+00
9.012676379210992295e+00
9.074094557632966129e+00
9.105487395048767141e+00
8.982324217051885995e+00
8.982952724820625789e+00
8.975585420148933125e+00
8.903134379982310165e+00
9.249700796461398866e+00
9.302153390656746623e+00
9.402985763884444737e+00
9.498458852453021350e+00
9.390244934232375940e+00
9.478731295174005922e+00
9.096436092609426538e+00
8.948771232844295653e+00
1.135540035192213892e+01
1.949235901456870934e+01
2.483960831109709133e+01
2.526021212489738232e+01
2.528756857183309492e+01
2.551279893830535883e+01
2.211401671993994356e+01
1.440840931098643019e+01
8.569613818756794288e+00
9.340627277327799405e+00
9.164672927794939028e+00
8.894608684434395229e+00
8.745439243405261465e+00
8.735217147170972751e+00
8.643200458932602359e+00
8.787728388533096791e+00
8.902528082118832842e+00
8.771451753079398728e+00
8.818079748851692656e+00
8.721559847675264265e+00
8.735840426100269340e+00
9.036928890961734240e+00
9.089283926073026265e+00
8.912463270592969167e+00
9.112969611718318319e+00
8.946314317006434536e+00
8.887127276205758264e+00
8.606302031768429117e+00
8.550573106051556849e+00
7.567098525970556544e+00
8.436764544657229692e+00
8.503206716375741436e+00
7.782359323905279069e+00
7.763634464106479172e+00
8.665064174749392834e+00
8.657116469821193760e+00
8.745280840274688217e+00
8.785469472297092963e+00
8.824774015635744817e+00
8.936106578629294361e+00
8.848155634037796702e+00
9.001416519357880119e+00
1.008842783321557057e+01
1.395737901354369193e+01
1.577318988277052725e+01
1.581748955955152347e+01
1.585237525037178585e+01
1.796124580263508363e+01
1.345326134087823711e+01
9.840493428405448384e+00
8.563668607717946912e+00
8.603009849707312640e+00
8.514257513407372358e+00
8.456935874537327535e+00
8.543941386333736787e+00
8.482897026521795780e+00
8.495465071610087904e+00
8.562308458977696546e+00
8.582199966732906304e+00
8.658981048329815522e+00
8.699444354710470506e+00
8.721431989467694379e+00
8.616743764605425682e+00
8.584285074930829040e+00
8.580140269706026501e+00
8.431950569244149207e+00
8.583729113577296843e+00
8.382861394832024970e+00
8.421848943722338277e+00
8.355478891936890307e+00
8.456044114014103386e+00
8.535211884719361208e+00
8.453178748166607193e+00
8.455978535731190959e+00
8.401793135013734926e+00
8.343097648027066882e+00
8.439997556406787282e+00
8.373578747746039497e+00
8.441226003009099088e+00
8.473439853571996139e+00
8.492900437825309012e+00
8.563514865323789138e+00
7.602970841685688264e+00
8.505357462509913091e+00
8.687785816614352896e+00
8.530578410671624923e+00
8.541346522186806567e+00
8.492497633415844405e+00
8.356378904844545374e+00
8.369071688941669862e+00
8.334168432616234412e+00
8.363183786968152233e+00
8.407160436443730234e+00
8.442276339958008080e+00
8.432833572785108700e+00
8.350938507396932664e+00
8.371939075362057281e+00
8.299734239534442892e+00
8.506647134913471575e+00
8.322337337182231565e+00
8.366377397249095793e+00
8.460630842464116341e+00
8.297035598000038092e+00
8.339311580544450209e+00
8.216011463272607784e+00
8.352389931515665111e+00
8.369928394313946640e+00
8.363168511600658661e+00
8.368658206976617109e+00
7.474714104860980868e+00
8.480794247343165893e+00
8.624133168945800065e+00
8.697108865075968254e+00
8.743106908605559724e+00
8.801315054134121851e+00
9.004649860047491572e+00
8.843319336036316258e+00
8.659250962791988471e+00
8.611936193430933528e+00
8.488836121950413371e+00
8.281872317285193574e+00
8.184622526694703026e+00
7.965777531343405826e+00
8.079527994407053271e+00
8.223561812057868181e+00
8.455858857273472751e+00
8.574294160965704847e+00
8.456999703760500253e+00
8.410492342351036044e+00
8.137371461852852761e+00
8.088959415110224427e+00
8.264722975256715287e+00
8.211629573211450150e+00
8.216273955480186686e+00
8.215646413864964970e+00
8.185000238716968468e+00
7.926946647039558869e+00
7.891236201929080707e+00
7.898460886567301387e+00
7.948915970466534198e+00
8.104947292777337609e+00
8.219394315189509470e+00
8.309372467800054451e+00
8.172028177317272934e+00
8.098688511020627701e+00
7.902613029871448980e+00
7.693825406814986501e+00
7.763152930333482082e+00
6.980854222346529525e+00
7.871427026441733865e+00
7.821179630075960176e+00
7.682132564260832019e+00
7.721591953439035372e+00
7.895028095507317545e+00
7.885983972406040543e+00
7.954005584241605753e+00
7.906784491457631070e+00
8.042655741924548352e+00
8.081270666870414843e+00
8.125231136096580542e+00
8.022702283897460873e+00
8.045944460527588049e+00
8.153332592619339181e+00
8.048632873952024980e+00
7.818118822258597334e+00
7.777097710569990774e+00
7.918168249668470438e+00
7.840022664022161969e+00
6.980504481572492814e+00
8.050194604424497413e+00
8.140589106046677514e+00
7.937263169050649658e+00
7.854596894516120642e+00
7.097052981267547800e+00
7.950924194660673017e+00
8.017358617710888424e+00
7.847369228295989707e+00
7.994059497460971109e+00
8.038440810587339058e+00
7.955844521346663534e+00
7.991182221277228770e+00
8.013359076369010126e+00
7.915721376737990589e+00
8.047605553161105263e+00
7.885618268386478391e+00
7.942562641787650257e+00
7.863562092286877636e+00
7.889352051779642494e+00
8.017814964945308986e+00
7.961649636572234456e+00
8.032339021295019421e+00
8.023965338666318559e+00
8.037429415670995780e+00
7.919780101857888610e+00
7.880263807990867342e+00
7.753869586031190586e+00
7.835115675829503523e+00
7.923219685123381595e+00
7.940646103695809366e+00
7.952005439858417901e+00
7.997028669744498330e+00
8.088865421707339465e+00
7.904751133761538817e+00
7.994337268036461275e+00
7.915631631435441129e+00
8.023847815792894522e+00
7.916899148083762938e+00
7.954098970046286077e+00
7.130405182484517823e+00
7.960532137197355418e+00
8.025719530719355177e+00
8.087769854499899935e+00
8.162583801370368874e+00
8.294116178877155576e+00
9.426357240509888769e+00
1.084100836685327707e+01
1.081398842454649589e+01
1.095746187637898750e+01
1.073911480274012931e+01
1.068103778338776877e+01
1.060392723844028673e+01
1.074529564253683134e+01
1.085397637463280951e+01
1.072063906372904896e+01
1.054004592930505169e+01
8.304455967579286835e+00
8.103657455629772244e+00
8.062306514984202366e+00
8.001995377451649460e+00
7.890718285559791489e+00
7.964832186132361436e+00
8.018508632645863443e+00
7.867184396088211962e+00
7.825069302751221478e+00
7.829798224327104705e+00
7.917643691660148697e+00
7.868920842636819124e+00
7.822877887229026328e+00
7.764009814265725673e+00
7.866376283103170941e+00
7.860502587450397094e+00
7.874810986787328382e+00
7.786933979611414536e+00
7.900417208232761723e+00
7.706716595547758786e+00
7.767128676462395909e+00
7.722599484829709482e+00
7.735450205814942137e+00
7.732730951694349208e+00
7.776859383069650633e+00
9.137727074650902281e+00
7.807748048133144714e+00
7.751617128884650043e+00
7.711606243596115462e+00
7.733237420906611703e+00
7.699161047302917282e+00
7.803495896204332816e+00
7.730113588036900296e+00
6.875719283248924896e+00
7.752929447854368661e+00
7.772037151758042661e+00
7.744684522460250520e+00
7.718322000999804366e+00
7.597384463541494881e+00
7.653709253610463392e+00
7.667185723858949586e+00
7.669605173851081759e+00
7.541562074664065030e+00
7.694400670312077750e+00
7.710729409126062528e+00
7.650617805427040174e+00
7.652253557635865455e+00
7.692583686493229322e+00
7.613351829840693696e+00
7.716023564818018876e+00
7.697427541420983843e+00
7.636732788304890107e+00
7.674819177967623141e+00
7.569772257303802654e+00
7.499749956285283403e+00
7.593911998334309743e+00
7.675406917302356469e+00
7.942247890016750134e+00
8.449167681502453675e+00
8.729489470661535577e+00
8.895632400194070755e+00
9.306988623316151177e+00
9.601520985063622504e+00
9.177544810306285328e+00
8.633481899235661672e+00
8.676267030619420950e+00
8.414344403319173438e+00
7.915312556871551664e+00
7.780469466488236563e+00
7.550968254520537215e+00
7.682395078293640545e+00
7.491356693009273648e+00
7.492088221519197511e+00
7.396506909119787032e+00
7.456709768515262127e+00
7.289783533712030916e+00
7.319026955571751536e+00
7.116776597424716577e+00
7.291492348053562722e+00
7.161626637653359495e+00
7.285589451789356019e+00
7.445973373690058850e+00
8.809977832542772447e+00
8.779143942892090990e+00
8.704961825929700581e+00
8.452417120146584750e+00
7.703089498277769565e+00
6.769944395929211822e+00
6.495378027129344645e+00
6.482532626400755227e+00
6.403079919602770786e+00
6.564924764171583327e+00
6.514409079810535630e+00
6.712762187337625086e+00
6.832241664226569533e+00
6.879850886032395252e+00
6.930798187910161445e+00
6.927452627701440768e+00
6.964466996499548479e+00
6.945980239776422316e+00
6.927516971229276344e+00
6.935583396322241967e+00
6.926504514075904062e+00
6.728687545122929770e+00
6.546577332205616884e+00
6.747743569275429287e+00
6.819436486328215530e+00
6.934393556161855265e+00
7.878465495517073869e+00
9.967267714079294905e+00
1.349870856981594791e+01
1.422457072689033808e+01
1.433339675511424360e+01
1.365523022005090503e+01
9.898291555908073747e+00
8.438431096144928034e+00
7.982300714400001773e+00
8.171499080424363015e+00
8.122682022855389761e+00
8.211593239751598716e+00
8.049528839095838606e+00
7.544046835803921880e+00
7.177036434574232793e+00
7.255085094612348406e+00
7.119779177498600120e+00
7.246502896449037223e+00
7.284441570829326196e+00
7.684092653290031549e+00
6.958787329000009514e+00
7.632229947862306574e+00
7.852386155749702112e+00
7.602626644985615023e+00
7.761225405830701973e+00
8.315790736682934892e+00
8.376698408994892375e+00
8.501936408709170223e+00
8.595453765034807958e+00
8.403622179702674444e+00
7.714621475946531248e+00
7.443007545023332838e+00
7.428971407409289185e+00
7.298031592626755604e+00
7.397679378387960192e+00
7.395603747375990800e+00
7.390193859314218017e+00
7.356391843953379528e+00
7.501057681118311393e+00
7.656273750958077606e+00
7.784469371589961106e+00
7.764110592794351007e+00
7.692495359210393957e+00
7.745938143014634569e+00
7.968030916204480008e+00
1.105034498849562752e+01
8.157068904668626885e+00
8.101749388718578970e+00
8.110420968853182089e+00
7.842848227693723473e+00
7.563404632890947887e+00
7.342086324730546565e+00
7.429082861588113929e+00
7.349096846254043136e+00
7.388017937872021434e+00
7.388669962588106266e+00
7.392130716922511446e+00
7.407502691569782804e+00
7.384929025757337229e+00
7.401818395241817505e+00
7.414362900972358617e+00
7.557301644836837085e+00
7.562876874388194004e+00
7.544976248899045501e+00
7.438666049323537699e+00
7.621638240947853582e+00
7.624464355381867620e+00
7.671961385941563627e+00
7.662087918068326786e+00
7.702248054747043327e+00
7.666418142938979052e+00
7.624407157040098859e+00
7.391507423586604730e+00
7.216034421184925662e+00
7.268949625664138381e+00
7.213088725557013525e+00
7.328042706857068822e+00
7.221392717754261170e+00
7.285280480622771115e+00
7.433041761171080175e+00
7.328582993983913774e+00
7.386302934788980146e+00
7.424584201508548809e+00
7.294187796791737455e+00
7.238175923693088265e+00
7.236755436502151362e+00
7.221506690768871195e+00
7.387512343014090987e+00
7.311487838421306229e+00
7.283054934597276819e+00
7.620918018970406216e+00
7.570749162801519105e+00
7.590973264050353109e+00
7.532747168237026614e+00
7.640002984178205558e+00
7.629261971976230683e+00
7.510705794536552737e+00
7.514600776834214457e+00
7.256027204712671264e+00
7.351387593536507836e+00
7.375471712329648710e+00
7.425156980197161971e+00
7.472582370310510314e+00
7.477737902284644633e+00
7.403718284273838712e+00
7.422441528569124536e+00
7.536865394224929737e+00
7.492858801350657849e+00
7.471790258714944954e+00
7.460014993801911132e+00
7.437021144410505435e+00
7.379331201246028371e+00
7.473779118246722142e+00
7.413344708347250567e+00
7.417480542210173944e+00
7.364265614626508416e+00
7.391011359656837421e+00
7.280354230450651443e+00
7.447561417085982960e+00
7.422729763405186532e+00
7.332477846729057447e+00
7.398376122082092721e+00
7.351320982681135874e+00
7.371496403417545196e+00
7.265743939647883565e+00
7.308887627001694476e+00
7.295572880459786802e+00
7.291983369312531771e+00
7.261165958223230632e+00
7.213282565976557592e+00
7.291746846787178882e+00
7.301545131384624021e+00
7.278015017226498351e+00
7.219018327029504967e+00
7.241412549298511969e+00
7.206125711072396633e+00
7.220943306802714012e+00
7.224027048888975067e+00
7.261390375862403879e+00
7.306185615703971514e+00
7.317921450050616450e+00
7.303084374362773801e+00
7.286527530328732460e+00
7.336752538631977849e+00
7.459485801361185331e+00
7.364448832563229352e+00
7.262673535921920553e+00
7.312355426952046322e+00
7.302489802675959041e+00
7.240087140947103705e+00
7.206473738576240962e+00
7.132552904939880811e+00
7.119168375045068053e+00
7.051054753120451046e+00
7.229735048210674364e+00
7.176087843140687816e+00
7.295976013071284960e+00
7.291566658626578601e+00
7.296978241874408688e+00
7.341296040634345488e+00
7.246034900675270229e+00
7.264046402930289581e+00
7.181958198435362206e+00
7.088410829893320830e+00
7.016878460330903344e+00
7.137192211132953545e+00
7.119348315769753022e+00
6.957765339417210093e+00
6.964896641426163271e+00
6.873772727099275670e+00
6.946934030576252361e+00
6.753699251220950828e+00
6.754962437536392805e+00
6.739603974669354791e+00
6.677745333871429878e+00
6.596032165944667902e+00
6.595459567825711744e+00
6.482275071357268992e+00
6.435245787336905110e+00
6.257374093057852527e+00
6.237394628243499994e+00
7.439781022943822819e+00
7.522711192381480672e+00
7.961974788004221537e+00
8.283858069337499686e+00
8.433980462020620905e+00
8.428951467393089203e+00
8.322748337983009392e+00
8.001103746085366453e+00
7.752847627953071807e+00
8.668942468007042379e+00
9.593722200412571510e+00
9.852020447117332935e+00
9.797510918155968085e+00
9.726824480587145771e+00
9.101160420457683031e+00
8.015470496669243161e+00
7.379755670457139871e+00
7.400564420625393325e+00
7.345126410448401977e+00
7.213200532788360597e+00
7.172266594533392770e+00
7.240695407309859277e+00
7.267856740857811637e+00
7.279120475152416780e+00
7.591582216778894221e+00
7.881948432841462626e+00
7.899650420940857565e+00
8.061710278998361900e+00
8.007775939255132869e+00
7.878198246667060367e+00
7.856714822545338706e+00
8.236012857947564214e+00
8.705672154496317816e+00
8.830799895402678956e+00
8.857062963487793539e+00
8.586525224648573484e+00
7.994679201767232790e+00
7.280936184300844438e+00
7.126028416885792360e+00
7.157793611454589922e+00
7.151276360382667896e+00
7.299160234048041929e+00
7.308207782275284004e+00
7.221306583572985716e+00
7.251963259633710912e+00
7.191196456724242125e+00
7.199057886844448362e+00
7.158032050991224970e+00
7.170689826233544117e+00
7.446463884496579588e+00
7.485650419686786350e+00
7.561834062286218128e+00
7.597851795024422650e+00
7.634857315553654544e+00
7.680079017416488796e+00
7.742037276428050951e+00
8.083079905527700504e+00
7.986904716851947583e+00
8.091275319700173441e+00
8.058744228962245515e+00
7.692833831625478958e+00
7.350089304088768039e+00
7.123142660060653775e+00
8.310040078678364139e+00
7.141012810693927904e+00
7.148098453672446340e+00
7.253177648723871052e+00
7.179983659950676333e+00
7.234092338028089486e+00
7.172127657687156876e+00
7.290683263933005698e+00
7.250375361145226627e+00
7.533762941187192475e+00
7.522030342302041817e+00
7.589888415935156729e+00
7.698365893728837506e+00
9.093736310295543745e+00
7.925209722773366217e+00
8.139410284716738886e+00
8.376311148610259494e+00
8.365121788053260232e+00
8.388233743706951628e+00
8.299222819691584263e+00
8.445751525852715602e+00
8.391256232866789233e+00
8.318836869484510288e+00
8.771428420888971900e+00
8.927444648384250669e+00
8.645808153574346733e+00
8.245227181428436580e+00
8.072066242741982478e+00
7.533586903955882264e+00
7.521794789233540612e+00
7.548047388784297596e+00
7.625367481691123217e+00
7.570752800843173702e+00
7.581524725887028637e+00
7.535252761659053888e+00
7.280646226098710372e+00
7.112728596829984262e+00
7.174571793134354891e+00
7.127987318446574072e+00
7.061030773128579519e+00
7.112084340107411862e+00
6.970222185025201078e+00
7.140554681561417816e+00
6.978825182224584367e+00
7.111417958381139215e+00
7.116755021984024765e+00
7.331826426109729233e+00
7.278518317794237191e+00
7.734880762878325378e+00
8.692123880850861184e+00
9.691652177574585636e+00
9.937317687608034689e+00
9.979556871884430080e+00
9.987379454775918930e+00
9.868118749467289064e+00
8.592697205004592220e+00
8.035885246416961891e+00
7.986559745442335156e+00
7.921706345372059310e+00
7.564071439705753797e+00
7.377046936965204971e+00
7.349396509149684675e+00
7.347866113579316405e+00
7.324214600810467601e+00
7.378638308169182203e+00
7.271300670002817768e+00
7.124911144129910667e+00
7.150956238578251245e+00
7.083267489729588640e+00
7.144858787202085004e+00
7.159034345924932374e+00
7.310895612527178677e+00
7.593424138443780613e+00
7.909325388654584899e+00
7.647554727083115012e+00
7.648709778021351546e+00
7.558513821097243124e+00
7.228956785899777415e+00
7.063308382626173554e+00
7.152033666424205904e+00
7.594265051662210553e+00
8.452250661217409089e+00
9.147210429498334960e+00
9.178435576439856192e+00
9.172599440882457600e+00
8.969190670558012002e+00
8.333333690136178973e+00
7.317028845731033293e+00
1.165763050404909862e+01
1.172461474656054037e+01
1.162475577076475552e+01
1.152292200059592986e+01
9.402409807653242524e+00
8.707553062704278091e+00
9.044595909334319117e+00
8.944390196771269785e+00
8.928417148652089352e+00
8.835234017822084951e+00
8.227139200548569065e+00
7.345191920954934339e+00
7.250869437835556042e+00
7.562413964212822748e+00
8.091139928785139546e+00
8.352588536749287584e+00
8.469216589399977124e+00
8.387941722067047579e+00
8.733705206704925672e+00
8.958937700021094130e+00
8.478397768002119861e+00
8.542126921171565357e+00
8.570777816926153037e+00
8.386271315314431263e+00
7.577877450494595379e+00
7.467020466293595504e+00
7.610196685877262723e+00
8.807537195464314905e+00
1.072292074237286386e+01
1.082724026397717765e+01
1.079340686999758780e+01
1.073415334676640676e+01
1.042261093642689573e+01
8.228208089950330262e+00
7.264673241281878191e+00
7.193599169324411235e+00
7.358502750663086900e+00
8.262490924292771766e+00
8.886843097961179438e+00
8.847042156983354388e+00
8.841624654986922849e+00
8.841788843313166169e+00
8.414531855942469107e+00
7.507707169716983486e+00
7.386288788735591915e+00
8.572078056010365543e+00
1.096078935931085674e+01
1.129719592665525063e+01
1.135162131953400610e+01
1.131767843350475999e+01
1.109487693134490449e+01
8.860345750760298955e+00
7.398718518564208146e+00
7.321260259900605583e+00
7.331354997374680771e+00
7.242552798501876943e+00
7.268041422136396257e+00
7.235791202971194380e+00
7.566796193762129974e+00
8.416206756995990190e+00
8.576649259666384140e+00
8.586319631931559115e+00
8.586582484710042706e+00
8.464100974031795843e+00
8.056937276851021679e+00
7.853606331525952555e+00
8.752266620745148273e+00
1.141712462312361254e+01
1.188816832885644104e+01
1.194020617079802804e+01
1.197659211813536473e+01
1.220361263635877158e+01
1.317918659160633510e+01
1.006748652048563386e+01
9.814220296495623330e+00
9.636578773278632326e+00
9.577564479867790581e+00
9.015130161662035846e+00
1.076064047390730316e+01
1.005059586087371315e+01
1.044338599512236421e+01
1.040661175842942043e+01
1.006732797109681421e+01
9.711730088275290385e+00
9.027070578429222891e+00
8.643193691306148452e+00
8.965177097938894946e+00
9.282228954430451040e+00
9.329729883944118285e+00
8.958996707684296013e+00
8.605235805150273976e+00
9.047407704290142405e+00
9.704295589384328125e+00
9.421950512279389400e+00
1.426980381782205143e+01
1.402182457161651996e+01
1.717575895103668771e+01
8.703568684659474641e+00
7.611468084719371419e+00
7.383534321403189438e+00
7.443511943928658781e+00
7.414111515158621657e+00
7.375825618298756048e+00
7.383455426127005339e+00
7.394972729499464492e+00
7.487585018169800044e+00
8.283967624729198675e+00
1.092003260428279532e+01
1.341787041311240358e+01
1.362184903893148480e+01
1.362508084143225595e+01
1.376797561092057620e+01
1.335863668493980327e+01
1.147572035115468481e+01
1.039240793894776971e+01
1.024853467416916253e+01
1.008493715998815432e+01
9.592342320457829530e+00
8.166315548249491130e+00
8.562130789478956672e+00
9.228692889710805147e+00
9.311047753144455541e+00
9.179735654521760324e+00
9.029984262518174987e+00
8.475547023637862054e+00
7.615731981858713695e+00
7.435217032303616413e+00
7.403212773066980112e+00
7.441643551297060455e+00
7.463024505499253891e+00
7.904140403984384555e+00
8.786367872721237759e+00
9.111103812965470894e+00
9.077579410698426443e+00
9.043833467061134002e+00
8.834341394919135837e+00
8.207654635513817354e+00
7.433223093602292053e+00
7.298833957483829238e+00
7.369882251769687365e+00
8.135790950330024529e+00
1.065545453080335925e+01
1.218652242691650400e+01
1.235637032825867543e+01
1.238481599034654934e+01
1.225511724798994173e+01
1.084687749298058712e+01
8.186709592513532030e+00
7.613708658100682314e+00
7.694983157117150085e+00
9.178679061261869165e+00
8.982120219072433187e+00
9.828564514375633721e+00
9.888507882703105878e+00
9.754856517158149387e+00
9.624121754559615383e+00
9.043059922873677436e+00
7.768205634040199037e+00
7.378877959933090480e+00
7.671803759131140765e+00
1.065694750194824003e+01
1.271539608385636733e+01
1.275713418231288010e+01
1.270845824069351693e+01
1.278957734955727865e+01
1.171552126683988782e+01
8.318238844147668232e+00
8.696937296451819677e+00
7.487505006643773164e+00
7.366725644990196997e+00
7.487813160123415912e+00
8.650246329154276381e+00
7.343869201690989890e+00
7.317221275331592167e+00
8.044205994770802448e+00
8.920102462833570556e+00
9.054878758660018789e+00
9.066844496550572785e+00
9.121735855722837627e+00
8.801368626264560291e+00
7.868280068902574698e+00
8.043943513804753920e+00
9.824192030841357948e+00
1.124079198421713421e+01
1.129335452079403801e+01
1.131874635675554153e+01
1.131002341178827919e+01
1.027256462219897060e+01
8.387037927664428238e+00
7.734563680118573537e+00
7.494356755404458781e+00
7.286670752692190334e+00
7.328085939170779106e+00
7.311534621383618315e+00
7.298498810016509353e+00
7.206508123414524292e+00
7.214862113827835266e+00
7.305433488915690887e+00
7.433628684192142622e+00
7.839564365254960698e+00
8.287486189060587094e+00
8.292100055106267575e+00
8.315408128217180561e+00
8.292608698736597006e+00
8.125992170891228383e+00
7.659453074664365424e+00
8.645990704377950919e+00
9.261612862735191243e+00
9.403444286759640391e+00
9.306958839501715985e+00
9.419449741566662482e+00
8.586706748657576327e+00
7.545718202120630380e+00
7.402701360091975324e+00
7.475382532402768732e+00
1.449578239130928736e+01
1.091211198033586172e+01
1.116705641400707272e+01
1.129699039028479035e+01
1.117655242308756769e+01
1.132827904398395091e+01
1.135799168587685237e+01
1.143663347481976089e+01
1.136556184057665142e+01
1.135286671577580719e+01
1.170060102932639801e+01
1.154590017870740759e+01
1.609702837769082961e+01
1.451612890704967640e+01
2.060998834827555726e+01
1.489387572176636354e+01
1.489803033198675131e+01
1.492811457827966848e+01
1.381029291017591376e+01
1.204522060369326297e+01
1.074247293447069396e+01
9.596840546354547641e+00
9.391165795837643770e+00
9.192481518394115980e+00
9.302044114958006205e+00
9.608726184232724066e+00
9.807307317511556377e+00
1.058068074575783868e+01
1.825862800162267519e+01
1.152062724769901791e+01
1.135267930570792849e+01
8.092250968386673904e+00
8.081240807213266208e+00
7.888634773610323947e+00
7.626656545726518743e+00
7.228681837378521102e+00
7.723285226606846798e+00
6.773753833267061708e+00
6.656744063106845744e+00
6.649488184546969549e+00
6.695684863256317954e+00
6.767729578220042619e+00
6.827703656651673114e+00
6.832076799213262497e+00
6.828114622926931609e+00
6.784320947129881318e+00
6.835887426826200652e+00
6.759212594083751746e+00
6.675123321663973819e+00
6.462784402239584836e+00
6.441780780654280392e+00
6.522589127197282011e+00
6.510619882975019479e+00
6.526185421518611030e+00
6.513372678750314115e+00
6.422494440392371828e+00
7.508516137144900959e+00
7.405518801922941208e+00
6.456068737337592900e+00
6.584986634666872618e+00
7.750957710977005810e+00
6.456905799868524198e+00
6.552018542138277724e+00
6.581202560375252197e+00
6.575716055782835134e+00
6.619601990270820302e+00
6.577072788039987294e+00
6.602328513473729288e+00
6.556620298916090661e+00
6.620129286962325388e+00
6.733928770213232440e+00
6.832725507857571046e+00
6.748166911965166825e+00
6.887878953589327224e+00
6.889374101633360503e+00
6.864618164106025766e+00
6.890631272716198907e+00
6.791664070147556131e+00
6.820138177452047756e+00
6.877967806536412709e+00
6.876033367380998129e+00
6.802304064581002230e+00
6.699578746384140082e+00
6.788237271437012943e+00
6.861859374256050081e+00
6.840885582763986505e+00
6.800383333222504767e+00
6.801096942091585440e+00
6.839418862357205420e+00
6.758611219273142012e+00
6.752374916577476682e+00
6.777899381029260262e+00
6.744677581163862179e+00
6.694286653325272063e+00
6.692459945057472659e+00
6.722292284632722215e+00
6.718985856887828234e+00
6.638159431930804821e+00
6.591282189122403601e+00
6.522483916123226422e+00
6.578759126503990196e+00
6.513088774960290372e+00
6.624851872297625732e+00
6.721501605218606734e+00
6.844622275189056637e+00
6.824961964927148017e+00
6.882212000943360053e+00
6.868048560731948804e+00
6.806066013716673524e+00
6.996718369613403432e+00
7.012224177757567567e+00
7.022175310600530018e+00
6.948010484094043981e+00
6.973767933057918533e+00
6.981370886549491672e+00
6.935344535277678801e+00
6.872294834151814413e+00
6.917953625209577240e+00
6.916775552729196086e+00
6.896375253163062879e+00
8.018434157065451373e+00
6.837182874348682660e+00
6.998957378448040778e+00
8.137526385475627677e+00
7.763509568029197006e+00
6.852117450911275220e+00
6.955535553373592528e+00
7.150515487970342754e+00
9.316569800474114871e+00
8.116722814482539405e+00
8.152074071660102561e+00
2.175697743352289137e+01
1.287179345372330097e+01
1.400821096534964560e+01
1.408109498597907816e+01
1.423014314197052599e+01
1.485726592404859581e+01
1.642963540561869706e+01
1.569913849401709172e+01
1.543924595623273888e+01
1.531979484447542106e+01
1.505750012981963515e+01
1.350047995561778968e+01
1.392953487663406875e+01
1.649804407497857284e+01
1.642035616702737144e+01
1.651779165138421490e+01
1.553528760370236839e+01
1.444263609449036956e+01
1.106037132583380078e+01
1.043668087028716585e+01
1.237190133998192287e+01
1.389122259676113913e+01
1.368415534732666572e+01
1.247312408322448718e+01
1.202056759419053300e+01
1.089981342086775307e+01
9.623017247374374250e+00
9.311572806807195235e+00
9.337641534805005250e+00
9.518837056009658681e+00
9.358793302190406393e+00
9.306422334931639284e+00
7.947510071112178665e+00
6.900964460120442290e+00
6.851234868729052074e+00
6.804390353829278482e+00
6.788339558337156632e+00
6.923819482492802102e+00
6.934493855168034848e+00
6.865226263193423328e+00
7.222998067869238703e+00
1.024495976017843191e+01
1.512679217375163532e+01
1.597138042639192612e+01
1.806700397807239611e+01
1.615645067412664204e+01
1.547599994003164703e+01
1.308877233768271076e+01
1.153204244365925035e+01
1.085770105823013765e+01
1.063921879418117733e+01
1.056954799565502157e+01
9.592942942772467063e+00
7.990589673051929687e+00
7.400560992685873529e+00
7.995435870843519588e+00
8.346147907461707760e+00
8.424664069900906327e+00
8.366163223391589909e+00
8.243394985620744464e+00
7.634061744122882409e+00
7.060504293416488331e+00
7.892817378693675501e+00
6.735490157764278507e+00
6.778255902830836455e+00
7.991117443982780344e+00
7.158298728094736774e+00
8.366127114825047784e+00
9.453540191271208926e+00
9.617713727082891850e+00
9.588494081786453904e+00
9.437429094723972511e+00
8.760505952836579624e+00
7.314622627072226990e+00
6.737789216261569791e+00
6.859554155865888347e+00
6.785362608506069648e+00
7.263096093115522400e+00
1.054529801792369526e+01
1.353751986377316285e+01
1.378620827106623814e+01
1.391694104031838108e+01
1.391597259699121381e+01
1.470554766388193890e+01
8.492378677377610430e+00
6.819959053734299559e+00
6.720103489914062145e+00
6.724152199220108095e+00
7.221078718225237836e+00
9.105707740277859230e+00
9.946501546143961647e+00
9.903154081869848469e+00
9.927943242032931437e+00
1.149834180884197821e+01
8.969978322256549674e+00
7.089610434758618851e+00
6.737281437640115556e+00
6.893968833017523501e+00
7.997983689306052746e+00
1.275874034227615894e+01
1.455014043107492228e+01
1.462664016151297020e+01
1.450760711327588481e+01
1.451335640390884407e+01
1.161024081802217900e+01
7.515898429155001281e+00
6.835692475406170310e+00
6.728526222395164957e+00
6.600049621284911794e+00
6.636088355311398956e+00
6.775596332489671525e+00
6.861161560732693232e+00
6.954465753726162269e+00
8.000531736285195095e+00
9.368619096005652125e+00
9.519614826118974804e+00
9.397672616118173394e+00
9.492296212884440365e+00
9.131303539678091497e+00
7.450913379130445158e+00
6.742246052895023212e+00
7.200665258017397541e+00
1.055085314340492353e+01
1.250250880299709522e+01
1.248998062810973053e+01
1.255403726573462109e+01
1.248754353144385476e+01
1.104732422701930616e+01
7.726098835910607754e+00
6.928992899223719526e+00
6.970596501497376529e+00
7.022281883256649593e+00
6.950536132150256563e+00
6.885036370755964974e+00
6.660408958788669231e+00
6.632931693658918881e+00
6.657536228026663672e+00
6.771904797559719746e+00
6.686578941631389661e+00
6.705423560414055295e+00
7.367393519233750965e+00
8.435116347866376429e+00
8.687745770532432132e+00
8.655729121842368201e+00
1.008171234171880748e+01
8.537571734642165566e+00
7.661519408767492045e+00
7.126924195933406203e+00
9.639400848551147760e+00
1.019039014732222626e+01
1.029978267768879441e+01
1.043012759978191006e+01
1.039022464419817737e+01
1.138430668371869814e+01
8.473233824921758028e+00
6.908520692449765299e+00
6.771756428376431991e+00
6.764344094471785418e+00
6.744854042680774597e+00
6.844579190619447751e+00
6.914228339445054772e+00
6.817560861165953945e+00
7.029997433163471143e+00
6.911097112388350894e+00
6.929912655284396372e+00
6.905057344536396968e+00
6.896890734613497109e+00
6.819991445440982680e+00
6.768170065398257940e+00
6.767928267085116190e+00
6.916476044469364481e+00
7.478382597108052643e+00
7.707259150911863088e+00
7.726964841015268703e+00
7.756185260505249701e+00
7.730055712240184285e+00
7.844425772549917575e+00
6.972774758951282514e+00
6.829523586662983092e+00
6.735286904644773642e+00
6.688879794873054507e+00
6.773245362588955487e+00
6.741659571217295088e+00
6.749797151706636633e+00
6.716248123325344821e+00
6.940099367415215603e+00
8.215349995842393227e+00
6.885144165137773165e+00
6.737339752786936309e+00
6.736832208792380428e+00
6.639068749420411919e+00
6.687172268089034866e+00
6.697410569088224186e+00
6.622858324941188535e+00
6.606390504144315834e+00
6.529288979561682638e+00
6.636488064879562998e+00
6.923918275782387610e+00
6.986711849950837383e+00
6.950106497088023971e+00
7.010330628812991627e+00
6.988075696279011595e+00
7.031460031611426409e+00
7.123028811959239093e+00
7.180824198840279671e+00
7.217475859529516313e+00
7.257554874309343873e+00
7.150731522863370770e+00
6.800859293068551636e+00
6.527710182399630412e+00
6.555872660624904036e+00
6.604377437280264829e+00
6.567988113046608234e+00
6.632204087466737619e+00
6.781707632456456025e+00
6.879753863134407510e+00
7.076471925612580982e+00
7.365870614593040600e+00
7.595051781366243482e+00
8.982604022355991091e+00
8.048108968544696040e+00
8.252316170570155762e+00
8.572252925031502713e+00
1.018954266555399357e+01
9.056082373259560114e+00
9.281609723685170010e+00
9.466505799475115168e+00
9.462590600980750111e+00
9.506698748554015310e+00
9.373159355790647851e+00
9.144935128139000113e+00
8.981989469368119927e+00
8.734104738408101198e+00
8.528937305137766600e+00
8.106289595551290361e+00
8.893242371113185385e+00
7.869679927819897891e+00
7.834050309101068699e+00
8.130354274834017403e+00
8.533374985181081840e+00
8.895811918963072884e+00
9.243580652296307321e+00
9.687613854615108266e+00
9.688251064847131389e+00
9.561052667515617998e+00
9.781291742921142784e+00
9.726234997421848050e+00
9.399358995256584137e+00
9.521727104406094710e+00
9.596511657009896723e+00
9.088674965798452021e+00
9.083322462959763754e+00
9.427099532619214628e+00
8.904903770973046306e+00
8.560632960887256004e+00
8.840197197561369791e+00
8.751578508761070907e+00
8.185645830262558320e+00
8.107073156101355593e+00
8.183704131411850824e+00
7.805287293161444317e+00
7.610763214660036802e+00
7.739123707382915107e+00
7.628995294962892082e+00
7.379834912823981519e+00
7.329476530362420306e+00
7.368109284704019935e+00
7.249874822051391554e+00
7.157226880282365755e+00
7.197904524341989685e+00
8.424477851521212202e+00
7.327473649756512941e+00
7.289680644220577932e+00
7.289748158788441401e+00
7.239774123946241424e+00
7.253569323857784745e+00
7.297547093011205632e+00
7.314289187291597827e+00
7.148692735671523302e+00
7.202860236328398003e+00
7.181061841261131562e+00
7.035789546165108987e+00
6.866075421990904815e+00
6.905632863750649442e+00
6.834575700830683331e+00
6.842584792403775928e+00
6.841795388075036399e+00
6.803391172772661477e+00
6.880150355377228522e+00
6.874246826700309398e+00
6.894070995308311467e+00
7.001617181224939479e+00
7.005956397973305272e+00
6.962405233971060703e+00
6.819040173064584209e+00
7.954879496282472928e+00
6.873874047127964459e+00
6.909037238309822193e+00
8.229457018530030865e+00
6.965850959136340670e+00
7.055393559247393753e+00
7.092207213811943411e+00
7.142133621395755583e+00
7.068030477802090594e+00
7.161704801607174709e+00
7.260042182947786138e+00
9.632618277640141002e+00
1.033227015541515925e+01
9.706527326112620813e+00
1.357025765724628741e+01
1.266290508293111294e+01
1.290746765890908065e+01
1.328897872331131857e+01
1.479885688898077234e+01
1.538797305358472656e+01
1.433203979415549867e+01
1.392905223264987491e+01
1.358472146845826778e+01
1.236507203512197606e+01
1.083952011469727061e+01
1.286130482572360911e+01
1.482855296498820152e+01
1.497404824217238151e+01
1.488137042494345508e+01
1.402940006917813420e+01
1.174350338026408203e+01
8.186987069076121060e+00
7.190099691960030626e+00
8.106157699436749908e+00
9.533826263624115782e+00
9.929208916440124710e+00
9.923517303292227254e+00
9.871973709852587930e+00
9.574962195614011407e+00
7.980936147935125291e+00
7.148974558829662485e+00
7.141780520142105182e+00
7.197643334577764840e+00
7.140343859412976890e+00
7.105848666042695605e+00
8.377264663240747922e+00
7.359710521125941263e+00
7.435147471495576532e+00
7.399626547450602665e+00
7.513645330508356146e+00
7.453403454418753071e+00
7.416087860602535997e+00
7.233653328610862410e+00
7.231205374405221598e+00
7.120450604731326294e+00
7.176546572296389925e+00
8.585090701634671362e+00
1.479379287935461029e+01
1.993270440153929712e+01
2.066536783881381467e+01
2.067421021535464121e+01
2.065181794503014956e+01
1.852420589506411375e+01
1.343118592765317665e+01
1.333991407593138945e+01
1.600987585892599796e+01
1.358896808967521608e+01
1.557590044220339820e+01
1.308331011818660450e+01
1.117501655767151370e+01
7.814818009786363540e+00
7.431740391140375657e+00
7.918112986659117780e+00
9.427111573304742365e+00
9.837690227302667623e+00
9.689312246025048481e+00
9.752435726233329660e+00
9.685968080851711903e+00
8.379498056397139294e+00
7.507682543625357141e+00
7.576499213759604778e+00
7.717592719949104563e+00
7.695335201764731181e+00
9.013631567535602684e+00
9.183955600348285842e+00
1.136575289476605199e+01
1.199072523237935251e+01
1.184683133267043686e+01
1.183338470103521800e+01
1.144141417391321980e+01
9.101350026533301829e+00
7.389933534193967368e+00
7.323345668872996761e+00
7.285210907047908080e+00
7.370354465088508888e+00
7.448211577438263120e+00
1.134311806558553570e+01
1.665007024913318645e+01
1.806964923915629839e+01
1.804965192770427151e+01
1.816229189981399372e+01
1.726094687141704398e+01
1.206777295000549088e+01
8.036054881899181268e+00
7.660319052432461362e+00
7.530494824822075550e+00
7.574449311159900944e+00
8.392615028462378390e+00
1.129288242564381761e+01
1.246054016576469259e+01
1.262277755415386515e+01
1.260394641776752245e+01
1.459370348737721912e+01
1.127666916519015494e+01
8.614254676645279218e+00
7.604522393514988821e+00
7.596538406270994415e+00
7.568342051788130576e+00
9.564795798764611945e+00
1.590588948729941343e+01
1.888134830915508644e+01
1.922524769560684277e+01
1.903161172362233344e+01
1.908330978516318055e+01
1.526048505053088888e+01
9.243044337140167599e+00
9.089971579478671515e+00
7.906015718147211047e+00
9.056785625020790320e+00
7.844998654915644742e+00
7.751586264389084491e+00
7.568919182833409920e+00
7.613997836984544243e+00
7.632705320102154189e+00
7.868579688928411642e+00
1.067732625751868447e+01
1.190160043332078921e+01
1.185495195851883743e+01
1.186851762449632197e+01
1.202756725352134382e+01
1.029425447857997433e+01
7.612391274506753902e+00
7.360807592986038372e+00
7.402931063514271770e+00
1.012339971738410682e+01
1.779029874339128270e+01
1.871510594692620444e+01
1.674244584373384015e+01
1.685021862297006834e+01
1.858209151560164685e+01
1.243351584166208568e+01
8.298101986627763438e+00
7.293889633329910360e+00
7.491481218523826868e+00
7.667313954385431174e+00
7.631383133062448643e+00
7.720921017824318611e+00
7.712293364945975505e+00
7.550487228476476353e+00
7.495029907285554849e+00
7.397994260169257430e+00
7.620940498565071053e+00
7.477970096735962358e+00
7.597896300552264393e+00
8.440965861726070329e+00
9.966341275717248038e+00
1.037821722371842625e+01
1.036613224410069556e+01
1.047739579301912549e+01
1.022134083098306334e+01
8.672297454806869865e+00
7.594773272256478691e+00
8.019725529381979356e+00
1.097165713919273955e+01
1.473349650717358905e+01
1.311551522402554149e+01
1.310558682901096006e+01
1.322847192325398602e+01
1.213579797508961278e+01
9.143136644518767397e+00
7.276690999939939175e+00
7.178343150800608363e+00
8.449226310638817239e+00
7.229972722926651052e+00
8.269592356739506656e+00
7.183379162984628863e+00
7.177796957881545481e+00
7.407142983539788617e+00
7.430749620012639056e+00
7.448846930603154171e+00
7.447876660216422806e+00
7.535184150708730044e+00
7.504842565079146155e+00
7.391004465880041785e+00
7.569415642786506915e+00
7.506005197379781002e+00
8.862983980619199897e+00
7.652879419876090772e+00
8.878070575250758267e+00
9.259506567286436507e+00
9.169660292288206449e+00
9.338874028153458795e+00
9.461670255432913734e+00
8.563105363193180608e+00
7.709558852338139090e+00
8.896556373297103804e+00
1.194061527424086222e+01
1.085164580253358579e+01
1.070219266470054187e+01
1.072144421990623187e+01
1.048462624836177781e+01
8.939485527516184860e+00
7.905351182821915401e+00
7.681675739634525435e+00
7.692022788485429530e+00
7.690356254103534184e+00
7.589207953253290562e+00
7.691626298596999867e+00
7.733464155296188913e+00
7.763027296596783700e+00
7.743509729688010879e+00
7.749898448333172318e+00
7.693650320127222386e+00
7.531255561980637836e+00
7.543404835358621163e+00
7.504073389949105888e+00
7.439468978583768433e+00
7.524873713810727338e+00
7.518704181611684412e+00
7.472967741152563015e+00
7.497782258751179540e+00
7.583621455164935021e+00
7.611379010236266396e+00
8.928232656717586480e+00
9.383003705987503551e+00
8.472858517801261868e+00
9.976565715960450831e+00
8.568423911287323946e+00
8.548759719339718899e+00
8.445079086938751090e+00
7.895377836016794326e+00
8.360023396711758537e+00
9.064864496384211989e+00
9.058726043284210050e+00
8.959064589409384993e+00
8.929632506249172152e+00
8.585660743784291782e+00
7.704737757182004820e+00
7.501012194387462806e+00
7.509428686266012676e+00
7.539078644179689981e+00
7.576210191098805780e+00
7.392289063750284051e+00
7.396963558321762555e+00
7.350476106551923294e+00
7.302102867963757404e+00
7.345677992855097926e+00
7.443841317076619113e+00
7.450539782731411265e+00
7.444628259335932974e+00
7.355517110612837861e+00
7.394393399825391455e+00
7.455011920469006625e+00
8.481287349584144764e+00
7.405866090746639152e+00
7.508290234010547515e+00
7.339399546772778393e+00
7.436540272036490151e+00
7.344179383908778114e+00
7.522246702372313187e+00
7.493845255871664612e+00
7.525541205790986510e+00
7.484240010274573862e+00
7.743686474683311616e+00
7.949403176209994371e+00
8.152690111350237245e+00
8.173409699127669015e+00
8.092505066971925842e+00
8.160146692640429578e+00
7.943550349899964225e+00
8.217982734885845630e+00
8.363004605551941140e+00
8.312513682068733090e+00
9.784424857451044844e+00
8.212983448668651931e+00
9.165400833795400715e+00
7.618530012414416852e+00
7.412102268008388783e+00
8.731816054244793790e+00
7.395455827621872480e+00
7.424801447272536770e+00
7.313045200238608601e+00
7.254289168863488513e+00
7.372255496745447445e+00
7.489832521916118147e+00
7.442295860975741917e+00
7.585133575029767705e+00
7.486708730924363842e+00
7.457839893288690014e+00
7.384409586857084484e+00
7.381101877470406691e+00
7.537149239999530792e+00
7.545924201796649022e+00
7.464884918881291576e+00
7.459125122628290860e+00
7.434778686291333649e+00
7.505532944893626102e+00
7.487637642925786707e+00
7.560868925702861176e+00
7.561132317882901077e+00
7.616208913228427413e+00
7.537152589529822144e+00
7.652105503892955518e+00
7.532335631944254040e+00
7.622291930162408136e+00
7.514523027265193278e+00
7.675773210528260115e+00
9.078193480259113102e+00
7.954744653864159964e+00
8.008206120937968464e+00
8.053863105357795149e+00
8.068377847754168997e+00
8.017568314572640631e+00
8.262977350033558821e+00
8.204665263386281993e+00
8.143298778801305815e+00
8.296189476830539533e+00
7.970936533440874605e+00
7.659581477803859784e+00
7.501959275003589944e+00
8.698218545145399716e+00
7.509352001711226521e+00
8.679740040228702824e+00
7.442217510930391633e+00
7.450903140844997274e+00
7.406072894129700934e+00
7.420116799268924979e+00
7.519572285561385350e+00
7.479661883356665264e+00
7.592528123152304964e+00
7.661113836532537746e+00
7.700380190295028626e+00
8.983095348967450988e+00
8.048904940466579561e+00
