7.632847073845110231e+01
7.735185660737811020e+01
7.635482658050609928e+01
7.583251456179374372e+01
7.304468354035621758e+01
7.170362397325402526e+01
7.017018832500826875e+01
6.857396770650026951e+01
6.800360986873083391e+01
6.643804265953232857e+01
6.530571848465679352e+01
6.632427340977467622e+01
6.901878201486228193e+01
6.881438533563796511e+01
6.953172408329203336e+01
6.906827672898441506e+01
6.777121245093482571e+01
6.580992318433102639e+01
6.569950751103026221e+01
6.585044339786635703e+01
6.524906544618991688e+01
6.344765079630016658e+01
6.308338069325979802e+01
6.126247654950864074e+01
5.988667585915356995e+01
5.902153478843436574e+01
5.846258376636961174e+01
5.943215975760985259e+01
6.138421125755897378e+01
6.130975083428408112e+01
6.093730034756059410e+01
5.927723858304043603e+01
5.872250018384107051e+01
5.658627638137517835e+01
5.508614283400210354e+01
5.536724554154667288e+01
5.614022432026330023e+01
4.114157133873691663e+01
5.711638004883609909e+01
5.671574189975893887e+01
5.448292999457315489e+01
5.448668586414991921e+01
5.577002561976163975e+01
5.587227879013337173e+01
5.569833240499319515e+01
5.604100487898332972e+01
5.385719185514155072e+01
5.411781386867911436e+01
5.490244648087625023e+01
5.586624869294070095e+01
5.630519482479733995e+01
5.644368907942906333e+01
5.675617406987975500e+01
5.679369792468249756e+01
5.605358180240581589e+01
5.601713197237332764e+01
5.528022558316910562e+01
5.567196341685981054e+01
5.523351343056176432e+01
5.493043262592919262e+01
5.578220425935437277e+01
5.697244967465544363e+01
5.746797174363928207e+01
5.866408564067322118e+01
6.119625660967942338e+01
6.500401277933994493e+01
6.646209920447387276e+01
6.391976735652640684e+01
6.018591410999060543e+01
5.439615998369301764e+01
5.063229786251935138e+01
4.938127157254834998e+01
4.835201384701178284e+01
4.779795772833320910e+01
4.807143831993678162e+01
4.830352084393580014e+01
4.625665640764045605e+01
3.086906263995152955e+01
4.152980863509048248e+01
3.933121852371742477e+01
3.767963249685502092e+01
3.850463251299211720e+01
3.767690550051040788e+01
3.908132706267536349e+01
4.105490649734961295e+01
4.285682837791922140e+01
4.479613833179996618e+01
4.615694662937259096e+01
4.503814246306118463e+01
4.577046562575843325e+01
4.597031284822080011e+01
4.747023373817936687e+01
4.800480716839054196e+01
4.831198744880784801e+01
4.792321798714779391e+01
4.712424235243755533e+01
4.778327472342575533e+01
4.719900173680922251e+01
4.727286479703452926e+01
4.748172259579371257e+01
4.699147230860186397e+01
4.604916206873406281e+01
4.452956204574360299e+01
4.300358689465743822e+01
4.103157788894073832e+01
4.042670675670808578e+01
3.786742657311314275e+01
3.649280502834434969e+01
3.545615277262681531e+01
3.480117197638535487e+01
3.715881096369905379e+01
3.907886278022463244e+01
4.164746017854854898e+01
4.280845742520460107e+01
4.398315837543016471e+01
4.524097791094373378e+01
4.646843991862483847e+01
3.907749200942491541e+01
3.760200747977324198e+01
6.164492001541653110e+01
4.714240825536859347e+01
4.710228631525866660e+01
4.740990966290218012e+01
4.820529254294236665e+01
4.852663007541931961e+01
5.603433218809847460e+01
4.846516618842432678e+01
4.851883938229494220e+01
4.765020673207769164e+01
4.720327471263955488e+01
4.753046397299598169e+01
4.800563846830093695e+01
4.833425836332423131e+01
4.894928153612911359e+01
4.839707442589045172e+01
4.700344168736521056e+01
4.657032798229869996e+01
4.726070413673354409e+01
4.779852457166067126e+01
4.892240429702041382e+01
4.897677081948709343e+01
4.848158318803480427e+01
4.878664105308990173e+01
4.851080778644814728e+01
4.889915893315404816e+01
4.859248417565213174e+01
4.891045853076278149e+01
4.913515639503307852e+01
4.982255946841245020e+01
5.011482756718177711e+01
4.866029567327534266e+01
4.903312882228996017e+01
4.909623255981120593e+01
4.895609242834346020e+01
4.855845217354628574e+01
4.760702210590331163e+01
4.654431846268037276e+01
4.589826288279305544e+01
4.662875400364338674e+01
3.516928335055619925e+01
4.420690330005866997e+01
4.921366499807697181e+01
4.874886446922540273e+01
4.854329742243833579e+01
4.821472583841254789e+01
4.871015524907616623e+01
5.080179203147429945e+01
5.174753724890710771e+01
5.169097095936751884e+01
5.068180072833010286e+01
4.889624048694171421e+01
4.798291491040311030e+01
4.743960837793793672e+01
4.565680627179214923e+01
4.572774099258947444e+01
4.462756994779081055e+01
4.431830954164762915e+01
4.542750816432145911e+01
4.518454909298753819e+01
4.561256694499503794e+01
4.525632604479527288e+01
4.586154196497410140e+01
4.654576744406912070e+01
4.781641885759130162e+01
4.746254849775338158e+01
4.728109496505464904e+01
4.644648573834597727e+01
4.640436216138598269e+01
4.669888516504279607e+01
4.680872261776389109e+01
4.686957364497266099e+01
4.636721704113923437e+01
4.649337992665458330e+01
4.801162279864920635e+01
4.788254891342887731e+01
4.716155078876944629e+01
4.637123522368007400e+01
4.676470704276080426e+01
4.759371965103351698e+01
4.842067210627679685e+01
4.830817821301571513e+01
4.869928274759155329e+01
4.831508663727069575e+01
5.024362020556496589e+01
4.679915174637371678e+01
4.575974098656105582e+01
4.508675196903377724e+01
4.385877176259329246e+01
4.323512489704826578e+01
4.231645099615447236e+01
4.304074599534872902e+01
4.410092843522576800e+01
4.506931817542654528e+01
4.557902423544069848e+01
4.548517665899736073e+01
4.651331868884773968e+01
4.632159057023788762e+01
4.661236370560347808e+01
4.656392624250943868e+01
4.717586826232899000e+01
4.699758781085892423e+01
4.677659298322533488e+01
4.635675063689794939e+01
4.610887333780283370e+01
4.658796626692153353e+01
4.741552724424903431e+01
4.692360165494754654e+01
4.696093917531588602e+01
4.662580837161338820e+01
4.651037072393899052e+01
4.612602987319813508e+01
4.579080662245716837e+01
4.559554583820140294e+01
4.503663053793773940e+01
4.563053662147829215e+01
4.659628751003696578e+01
4.706448059997416067e+01
4.750855336873202361e+01
4.778124135916045390e+01
4.717985185198102727e+01
4.618901532618141204e+01
4.535777946882988942e+01
4.578643818896593842e+01
4.600171749787717346e+01
4.662134511066159348e+01
4.706850065006805295e+01
4.661727977114883714e+01
3.249758037836311786e+01
4.719009541414187225e+01
4.579960083699840823e+01
4.612438118816880461e+01
4.671664389073928447e+01
4.641146395097803179e+01
4.730049343747615609e+01
4.724680237146133521e+01
4.808192984301194173e+01
4.883726985001388954e+01
4.861619888632662878e+01
4.787910590533749655e+01
4.743697806738641987e+01
4.778178556322249904e+01
4.704598662665920017e+01
4.591804403986992611e+01
4.498493696222611504e+01
4.497279042629737233e+01
4.538524718254606682e+01
4.578180065440214719e+01
4.646802478740966080e+01
4.637070910267610913e+01
4.567256396340552982e+01
4.584273254211469606e+01
4.576120696496784745e+01
4.530365271567186625e+01
4.468818037816529198e+01
4.490030575462468931e+01
4.509425752085011396e+01
4.501422706001530827e+01
4.575767962024036706e+01
4.681540749571895788e+01
4.563944110170310609e+01
4.610767853254528603e+01
4.459202818304966343e+01
4.413125615088866027e+01
4.453747063147063301e+01
4.423650213631786698e+01
4.456879349272872304e+01
4.405243398739413152e+01
4.465995557966748208e+01
4.475009865584824809e+01
4.575656495872392071e+01
4.595470033847006164e+01
4.564974404318230938e+01
3.766102719080889472e+01
3.636612847077430644e+01
4.478389847424247705e+01
4.503975955930611974e+01
4.477733658300065400e+01
4.507848864687904467e+01
4.537537881982147070e+01
4.560155287851578265e+01
4.529064077513335462e+01
4.463532487219959677e+01
4.335448843612026337e+01
4.226742182285926219e+01
4.237681831694282408e+01
4.296819412373920244e+01
4.466452772854104580e+01
4.611751664748313573e+01
4.608183115336490943e+01
4.587505923500441440e+01
4.540974212487049755e+01
4.492003898632903258e+01
4.453327987698626345e+01
4.446528018059751020e+01
4.472644982053573415e+01
4.444495656414662932e+01
4.460170709776939191e+01
4.534320731278841521e+01
4.582920471213158464e+01
4.573891485271428792e+01
4.534577806438642966e+01
4.378457161715112989e+01
4.426810555627962884e+01
4.440846630237274439e+01
4.493576325845653230e+01
4.544989967792560748e+01
4.480576008144063849e+01
4.511618834947826429e+01
4.470629799808690308e+01
4.376741513123726435e+01
4.348663990054398454e+01
4.432528882336482212e+01
4.476979921849320476e+01
4.587973021747227875e+01
4.627308134877161905e+01
4.563085540650589422e+01
4.554878956339110374e+01
4.431177633808280092e+01
4.308027389379765282e+01
4.240781206971242767e+01
3.120730692335985879e+01
4.633781329840826402e+01
4.673274176309629979e+01
4.595422340447732523e+01
4.465249205532951748e+01
4.301410643967927427e+01
4.352384495016526955e+01
4.320071355736548213e+01
4.286457665656135418e+01
4.274901924829668332e+01
4.224608408217856947e+01
4.186822709589161917e+01
4.169521714333698270e+01
4.240319698604816523e+01
4.286397815858249771e+01
4.337748960656075070e+01
4.307037374224668014e+01
4.191401752364985356e+01
4.064265560199313398e+01
3.965282573705959379e+01
3.997474717002707223e+01
3.932709930981473434e+01
3.972938971911923289e+01
3.929564353906150842e+01
3.928390626201324665e+01
3.894897570365453277e+01
3.922185205868811408e+01
3.880232134062992344e+01
3.975005394863435981e+01
4.093847591421747723e+01
4.220411044909157994e+01
4.369646435699365838e+01
4.449959492161272578e+01
4.502742615000727255e+01
4.492981711181951709e+01
4.458513983355147303e+01
4.429853894931445524e+01
4.301956820133406012e+01
4.125353879566704762e+01
4.120754770183570059e+01
4.134761612395351449e+01
4.238543069779026240e+01
4.389900898890866188e+01
4.445109407865994200e+01
4.380714545507557034e+01
4.354578145287981528e+01
4.369162750761457659e+01
4.338201564337934002e+01
4.248500564756306375e+01
2.897311711201294315e+01
4.060647244904939868e+01
4.026153946761147751e+01
4.160530983376362002e+01
4.235826843862558633e+01
4.312012496205147727e+01
4.341778060062846833e+01
4.350152724019945794e+01
4.293307115319069567e+01
4.198447198091828625e+01
4.211965517329946351e+01
4.185672640552459001e+01
4.357195937047170275e+01
5.036660785220762904e+01
5.504841619688231447e+01
5.695559523413056269e+01
5.427198342022144573e+01
4.817357527438716147e+01
4.451930475102555107e+01
4.429567094956588136e+01
4.383955139706900894e+01
4.344452658793832711e+01
4.378786688269497773e+01
4.330713625186661631e+01
4.327774172256377483e+01
4.339339470173791824e+01
4.323736041338450065e+01
4.310050837411474589e+01
4.338794606964634681e+01
4.292252588901494903e+01
4.386768969022080711e+01
4.344812043440568772e+01
4.340113705514505682e+01
4.152455451849313306e+01
4.056200047379101647e+01
4.009311847484845970e+01
4.042602072027560922e+01
4.164685377365265140e+01
4.149483893976508853e+01
4.174931647662354806e+01
4.110011355508675734e+01
4.200701441260901703e+01
4.157959547798304101e+01
4.196327264402944479e+01
4.172791641420632658e+01
4.285674360370566660e+01
4.285276223419071329e+01
4.240452751479149640e+01
4.249620407712777848e+01
4.222282699300644282e+01
4.186480031737556118e+01
2.998659613025204251e+01
4.299333248325202561e+01
4.373171407937759625e+01
4.432716121889347960e+01
4.467192382335453971e+01
4.413434138681810026e+01
4.399593043633455380e+01
4.348135316960448904e+01
4.361971859518838102e+01
4.399574917161037746e+01
4.437181598296704976e+01
4.419410778125957506e+01
4.363407182598385248e+01
4.374094317204563964e+01
4.340252544862224227e+01
4.337065336124887693e+01
4.330127959892005407e+01
4.327890732761225934e+01
4.328359977095925615e+01
4.354275458894782957e+01
4.266885899007533567e+01
4.274861239846894279e+01
4.246939393016823772e+01
4.271330086195843023e+01
4.350735455561947163e+01
4.371033258133215327e+01
4.344999014934531800e+01
4.278111782303930966e+01
4.187098328578241535e+01
4.238886653672859950e+01
4.333933213973931942e+01
4.352590404587306949e+01
4.275967316614297431e+01
4.282597589877043731e+01
4.301104046898015554e+01
4.268455861925420436e+01
4.176739044254374988e+01
4.162067917462464806e+01
4.120097522660061884e+01
4.122919866110203913e+01
4.143340297248986559e+01
4.125160390205068239e+01
4.125482492424733749e+01
4.186668689783495267e+01
4.157258427197146489e+01
4.242047997865630293e+01
4.172744091194492455e+01
4.114305538173825738e+01
4.125820427800231727e+01
4.077969649583088341e+01
4.098263149671932126e+01
4.146327788253215374e+01
4.146272448312335257e+01
2.963134274565263127e+01
4.149454413463701030e+01
4.082886192386813207e+01
4.037200495684194834e+01
4.001767988014272959e+01
4.051140586335759508e+01
4.279682227094991021e+01
4.271990728617048205e+01
4.296778783158352866e+01
4.218330125769124095e+01
4.235609433257236134e+01
4.210503217939304932e+01
4.258078589224619748e+01
4.232236616821113984e+01
4.214698506841182279e+01
4.278842862222644783e+01
4.205248056908776277e+01
4.225014209645159013e+01
4.222494951539274410e+01
4.210704406589754001e+01
4.237479091831421840e+01
4.279997528058260770e+01
4.293048167699228657e+01
4.274973970850438576e+01
4.242679923237916739e+01
4.257213642095716466e+01
4.282469054931087982e+01
4.241925284553391862e+01
4.211662546032318488e+01
4.193118064531345368e+01
4.181305970825997775e+01
4.211021274999000497e+01
4.137968017640993423e+01
4.956739379204110918e+01
4.204028201730433523e+01
4.211912326512594973e+01
4.176077858035885981e+01
4.142193649314440762e+01
4.136516347856987608e+01
4.079050025797329937e+01
4.082446754452841020e+01
4.071118196241128118e+01
4.044017421172627991e+01
4.078038794908281517e+01
4.105362192394986920e+01
4.054357045392145409e+01
4.135649450967528651e+01
4.174471673512563541e+01
4.190343611660699707e+01
4.148243656773836108e+01
4.140464854550739204e+01
4.157901950492693999e+01
4.143863708052330708e+01
4.144464416385277872e+01
4.055269554864830184e+01
2.866717552173933115e+01
4.019327188270798246e+01
4.015973757347331485e+01
4.069358760919649853e+01
4.050912713145316957e+01
4.040273470388081023e+01
4.034836297856828935e+01
4.065294351424327601e+01
4.085913411207756951e+01
4.088962021275410308e+01
4.092516711958418085e+01
4.066349159324096973e+01
4.004127644489434346e+01
3.983949212472078472e+01
4.035547783713865044e+01
4.009690177684337442e+01
4.022975729884405638e+01
3.976630032803790726e+01
3.990868489150336984e+01
3.962219892365204288e+01
3.983489248334224442e+01
4.039143121015371918e+01
3.991682737006273385e+01
3.984353862316027062e+01
3.941973229231485476e+01
3.920892009340244044e+01
3.918791927703800582e+01
3.890329857526484858e+01
3.889646941987995632e+01
3.893042391751635733e+01
3.907385404533910389e+01
3.913157215961138746e+01
3.920462896789895524e+01
3.873893491097631880e+01
3.918648004855826628e+01
3.833482724999781510e+01
3.896630841208036600e+01
3.850385972928842193e+01
3.867436731495897817e+01
3.860056571979524875e+01
3.798221087292890275e+01
3.793954520215888238e+01
3.785110783068402185e+01
3.796832902816407795e+01
3.807406091843704132e+01
3.813721167220543862e+01
3.819950453261815682e+01
3.835557701549967646e+01
3.855599839537656948e+01
3.853948417938374860e+01
3.818828604311140396e+01
3.815021586459754843e+01
3.795423719637781090e+01
3.795687192221005546e+01
3.823281376108580076e+01
3.853802865586051496e+01
3.832548170401324228e+01
3.805002679668356791e+01
2.685743871583395048e+01
3.805670423753533527e+01
3.798761603499474404e+01
3.762823358699193932e+01
3.773365675200296465e+01
3.745913962485707316e+01
3.785873441765767922e+01
3.791921166127173137e+01
3.730437273345159355e+01
3.709505635929734524e+01
3.744095591760964936e+01
3.686448559898506971e+01
3.737183946330210915e+01
3.720230118007325615e+01
3.746987968531669821e+01
3.715394282584459518e+01
3.679996445045377840e+01
3.615702133378480454e+01
3.672504650078536770e+01
3.711268505740346768e+01
3.742959594866638895e+01
3.697603537253594652e+01
3.709410267445718290e+01
3.660770385796963922e+01
3.687976697867369325e+01
3.792353945572999407e+01
3.846469669921932422e+01
3.828867459948285301e+01
3.788196229439386542e+01
3.790966565872031424e+01
3.727929720785325429e+01
3.609486653116607613e+01
3.614704970484022084e+01
3.625116516132931821e+01
3.633252943339147123e+01
3.695980184260780277e+01
3.700669131133504663e+01
3.724449046710156352e+01
3.701608957222497054e+01
3.737150664087516816e+01
3.696267627094406549e+01
3.629163401989711701e+01
3.608803468741353271e+01
3.628818032665052584e+01
3.627741745410762775e+01
3.633491850331483874e+01
3.645755809681602955e+01
3.606700216274010984e+01
3.627196478286876413e+01
3.603372876549782688e+01
3.633832559129756135e+01
3.621647385720923751e+01
3.614868565603136830e+01
3.623598303269005783e+01
3.617740746662192208e+01
3.616947447507281055e+01
3.581829135906451711e+01
3.562509791137485138e+01
3.512081965583745813e+01
3.494607322864743537e+01
3.485731068640381380e+01
2.520651937143941623e+01
3.565527578670005937e+01
3.586489689253492941e+01
3.583941133402851875e+01
3.598189261220899482e+01
3.540767746493158086e+01
3.551333000456162381e+01
3.560494647680749125e+01
3.559665528351221297e+01
3.572374564588687207e+01
3.572987914196726678e+01
3.586958120868896316e+01
3.539895949400727915e+01
3.585831351682669066e+01
3.589194593457892779e+01
3.585169467391865084e+01
3.565398716881392005e+01
3.548370484513157663e+01
3.476930498915916701e+01
3.493191974947873746e+01
3.486747030985570461e+01
3.515615949293341203e+01
3.521687837173752911e+01
3.500921156030640446e+01
3.520499463466897794e+01
3.528232163263323429e+01
3.570397978015399332e+01
3.582566193697942225e+01
3.607100316465678702e+01
3.604129757879262996e+01
3.605915112470163564e+01
3.564789929431315585e+01
3.493816140498637424e+01
3.462669583571030785e+01
3.499468709636484220e+01
3.489628660505713498e+01
3.478478034740296465e+01
3.470771768221182896e+01
3.432296382704474524e+01
3.401726341379639251e+01
3.441628153588871442e+01
3.450854326170055941e+01
3.442473650822894626e+01
3.416580624373381170e+01
3.375007385491677780e+01
3.363916695968516990e+01
3.414620999608789020e+01
3.397152988504920756e+01
3.417073006480227093e+01
3.406907907515064693e+01
3.410895965531599217e+01
3.396616354471927934e+01
3.368345681899825195e+01
3.453594235410050572e+01
3.430778733911265022e+01
3.524340385305889356e+01
3.535266859907685699e+01
3.481246424343789414e+01
3.450891687271560215e+01
3.424028090951890846e+01
3.433487500515763458e+01
3.409041583243929097e+01
3.372869454171821246e+01
3.347146782565628342e+01
2.411058075574295856e+01
3.475659171359585997e+01
3.405386387313374286e+01
3.430890256516617853e+01
3.475307249035589052e+01
3.416045595400032653e+01
3.366960007708961911e+01
3.397446049359175646e+01
3.354153863580108919e+01
3.389226226271811271e+01
3.390270317772089470e+01
3.416731852462370256e+01
3.423613567126805890e+01
3.384855667034030091e+01
3.354872981825634781e+01
3.403534312638904424e+01
3.397478088062073454e+01
3.410486354431493083e+01
3.385433395357772213e+01
3.420556296257090878e+01
3.401675991796028597e+01
3.429234059519078670e+01
3.472744347091993689e+01
3.423375738747549235e+01
3.466591162482844624e+01
3.451614165782137889e+01
3.398266026360354886e+01
3.412727754125243962e+01
3.466282684026600691e+01
3.410449747308212665e+01
3.397112592189148472e+01
3.389837401692015106e+01
3.449309107796382534e+01
3.479640210664315703e+01
3.435211050361215968e+01
3.449736494963823930e+01
3.426676999711630600e+01
3.427501399185194231e+01
3.436270239949770655e+01
3.429988086679889392e+01
3.434525701956906119e+01
3.385846745401445190e+01
3.364401483878064880e+01
3.413700106963008096e+01
3.381764278410135205e+01
3.393631677194882457e+01
3.364774989802847216e+01
3.355723248458843955e+01
3.371802047633170218e+01
3.335043081553976663e+01
3.266603440182161933e+01
3.259450865586055102e+01
3.118343253083419953e+01
3.122753742612368200e+01
3.139253846559774530e+01
3.105416533941709289e+01
3.158649021208536567e+01
3.263130125609905718e+01
3.255846422003837404e+01
3.279630458278584371e+01
3.269641922992377658e+01
3.267849730359539961e+01
3.244779482065180787e+01
3.228127379093484706e+01
3.230749878588137136e+01
3.272928115233895596e+01
3.285248708264598605e+01
3.307633008436494748e+01
2.361045006296761883e+01
3.369725968378605785e+01
3.335251613063656606e+01
3.309656901167024046e+01
3.336902004464452887e+01
3.278020660263871378e+01
3.281774118072305413e+01
3.258543808825309185e+01
3.240574917092856566e+01
3.261541771505586951e+01
3.272754001559235348e+01
3.310905653061607268e+01
3.328863472740302853e+01
3.403743959476990000e+01
3.365528448317720489e+01
3.331100615833845069e+01
3.302947799618210922e+01
3.317801969048601762e+01
3.304247512073529691e+01
3.181450371319018089e+01
3.158087096602726973e+01
3.143868957394222363e+01
3.204734253012397005e+01
3.315794021305731576e+01
3.229319497455433918e+01
3.282573863035386807e+01
3.308488001927732114e+01
3.309753774117505287e+01
3.327258186139878404e+01
3.306449662890254615e+01
3.185887272937642933e+01
3.134589122858869104e+01
3.141770473245988526e+01
3.199339780225231422e+01
3.256479194981556446e+01
3.256293973115927542e+01
3.256254581975959894e+01
3.303537487113515425e+01
3.328003098208458255e+01
3.304192737262052759e+01
3.278979204951092896e+01
3.298664191446382432e+01
3.219976846739825049e+01
3.238648572965468730e+01
3.258224503954093620e+01
3.269938263615000551e+01
3.237380424224841136e+01
3.220666411491173164e+01
3.267389848916472772e+01
3.326337334589564421e+01
3.262523516634086462e+01
3.299940468820098971e+01
3.283104598775344130e+01
3.302684700256351391e+01
3.299870868716511296e+01
3.293098313505969799e+01
3.331631668126249934e+01
3.354262226398870439e+01
3.329236445723042692e+01
3.244255563068088577e+01
3.159224180450139485e+01
3.202935499342035541e+01
3.241180553861748592e+01
3.293934612746908641e+01
3.331548646423907911e+01
3.300821728886649709e+01
3.307807655121909107e+01
3.291445184760853238e+01
3.251773495435764971e+01
3.266691189715859167e+01
3.292049519020038417e+01
3.340787370845721682e+01
2.535701781179549386e+01
2.961393516580499252e+01
3.368555939463614379e+01
3.367957778054951490e+01
3.364776930467152027e+01
3.292502369733256984e+01
3.337039201241400832e+01
3.274666728720433895e+01
3.281735200533928776e+01
3.320115209611557816e+01
3.316977659714098792e+01
3.321743458851582886e+01
3.366936972210496037e+01
3.312203010501111322e+01
3.246911550690281700e+01
3.295210314407596286e+01
3.268412435495911694e+01
3.277481332669444924e+01
3.221055178847102241e+01
3.195914362217000004e+01
3.218533081148412123e+01
3.156938007364810161e+01
3.138359595740835317e+01
3.164515142685970872e+01
3.106356942466661053e+01
3.134242879429825379e+01
3.161537784045458821e+01
3.179212827276607456e+01
3.152323995102527476e+01
3.115681790026902576e+01
3.057822075325104549e+01
3.084188942202179717e+01
3.112237157158060086e+01
3.095315953540008280e+01
3.170670963220872807e+01
3.086707879420161760e+01
3.111435138570320191e+01
3.103880374690742627e+01
3.114691943180555000e+01
3.098067692919494220e+01
3.094687370907420032e+01
3.028085319025439759e+01
3.099103565183024145e+01
3.105002930194554267e+01
3.171541008960690888e+01
3.148533241372889790e+01
3.116823274531972743e+01
3.110203423742032314e+01
3.037854228255746492e+01
3.057448662483191981e+01
3.022994742750323027e+01
3.044582139839607393e+01
3.009892407399566139e+01
3.008038424056841365e+01
3.094456158602337581e+01
3.058646095849202950e+01
3.089701471665754795e+01
3.071668091096719166e+01
3.046062123436987079e+01
3.045092721343090858e+01
3.054526429831866352e+01
3.026370911929357632e+01
3.038976383212912324e+01
3.100724537733888297e+01
3.080422790059684957e+01
3.120682311757910909e+01
3.111041492937973274e+01
3.051176822123936461e+01
3.101851798733115473e+01
3.063507058421697238e+01
3.062178203491444961e+01
3.044124354008985733e+01
3.090551439739069650e+01
3.127380739764591411e+01
3.106891130611395013e+01
3.091504767250203045e+01
3.033053898676608284e+01
3.048657801645921950e+01
2.335084094674115462e+01
2.688144799913531813e+01
3.023172964509320337e+01
3.060736933836882301e+01
3.094864819105142217e+01
3.162677319264772180e+01
3.174330130312446130e+01
3.204888755453661986e+01
3.201043762484186317e+01
3.128821801030591843e+01
3.121929514640712355e+01
3.056614184306613424e+01
3.076487688879721460e+01
3.111797193546710716e+01
3.081022829667861274e+01
3.088872610711147715e+01
3.022661939670917164e+01
3.033112467963815817e+01
3.057932014356881467e+01
3.037940315948319636e+01
3.083685563532618445e+01
3.017141605786602554e+01
3.021847146574760146e+01
3.009807042147217615e+01
3.054720404963063629e+01
3.024089950672420457e+01
2.996259009660162675e+01
2.995450103790051344e+01
3.035125248759037930e+01
3.054963705397029017e+01
3.083293401765176256e+01
3.048241172133610632e+01
3.053328678681298669e+01
3.057328336559825033e+01
3.023053729527661204e+01
3.021626161841069802e+01
2.968104775354409597e+01
2.965779776144967173e+01
2.956041791035699617e+01
2.948219466623227802e+01
2.976527012970282371e+01
2.964571144230486865e+01
3.013903628361535780e+01
3.003524847924150620e+01
2.990809691127414993e+01
3.012457478345675810e+01
2.988174819694341267e+01
2.957791236485896036e+01
2.971318505177989167e+01
2.939261914863901026e+01
2.957269017967309210e+01
3.001451915846943308e+01
3.001432831491563391e+01
2.996460418518079649e+01
3.020025868575918793e+01
3.001442315539689076e+01
2.992457046537591836e+01
2.984268080498770814e+01
2.999296919081494295e+01
3.043435071255917634e+01
3.057498482888132685e+01
3.012096420125555341e+01
2.993318634330931971e+01
3.004456007252476368e+01
2.965608022656808629e+01
2.981763540224017461e+01
2.976355639620459570e+01
2.909127838583981429e+01
2.865970200678414770e+01
2.772045816728561363e+01
2.785803861897345968e+01
2.816896595577993878e+01
2.794350727663736578e+01
2.773161781320375852e+01
2.744294688479449817e+01
2.803492593945082945e+01
2.889563741253348184e+01
2.967034570888447931e+01
2.958520974482538435e+01
2.919920774385556683e+01
2.896580899130321640e+01
2.791039507831500188e+01
2.763609118720959756e+01
2.734175929250405090e+01
2.841578218578787585e+01
2.242365952056883316e+01
2.578531951171024872e+01
2.926471839095810878e+01
2.873621632112624980e+01
2.882814867650771973e+01
3.012545419323154761e+01
3.288860054704002067e+01
3.451262154229029022e+01
3.597707488294779665e+01
3.462936323332944255e+01
3.270534850445951491e+01
3.120439953209750072e+01
2.937936810200526949e+01
2.920660086072354034e+01
2.855342390894836413e+01
2.844066843489390450e+01
2.891997431952517417e+01
2.953170740937955330e+01
2.951344933317158237e+01
2.952116118760271490e+01
2.951251078490445678e+01
2.898550047906660510e+01
2.898840449067463965e+01
2.922819682842154165e+01
2.950052423830241466e+01
2.972170260864295344e+01
3.006593853071526823e+01
2.960721885208814186e+01
2.917412979359443170e+01
2.871626307163601055e+01
2.826602570691106564e+01
2.833665942939884985e+01
2.883699251831271226e+01
2.867433502253212652e+01
2.857130146307174812e+01
2.853363878197360748e+01
2.873605397903776648e+01
2.927753730154853784e+01
2.968263917603056257e+01
3.000100450458278090e+01
2.939828977123872278e+01
2.937834025182652198e+01
2.896588153876938776e+01
2.909795612154045230e+01
2.846026621134517143e+01
2.873323449730800405e+01
2.869854657624057737e+01
2.871670315800917805e+01
2.869400921887650924e+01
2.878615678161757074e+01
2.848542951120771249e+01
2.909614645842421154e+01
2.931434241476736702e+01
2.967918908148485713e+01
2.937472481395149160e+01
2.879960336760106898e+01
2.824676793089707871e+01
2.766057813149017264e+01
2.691396673863595623e+01
2.729409386480259769e+01
2.733605214456626342e+01
2.724377239127112560e+01
2.692485050110532541e+01
2.739563423890959371e+01
2.748498787058025528e+01
2.842209021782315048e+01
2.829496114517921868e+01
2.865053722692234217e+01
2.895058143038698972e+01
2.847671311231809810e+01
2.818374159096173770e+01
2.783021191242140446e+01
2.776358705951057360e+01
2.761456015252455032e+01
2.792877945385358984e+01
2.834978705892203266e+01
2.828962034575682338e+01
2.873365075147232872e+01
2.841452531849462915e+01
2.878895006039140014e+01
2.833445576278615619e+01
2.827343995097812268e+01
2.782689465609174917e+01
2.790703755381834839e+01
2.806128566100294464e+01
2.778592304431857229e+01
2.813471390537824846e+01
2.781426334190175353e+01
2.832290896130833957e+01
2.816246479346010290e+01
2.811857012283456214e+01
2.812237905580212427e+01
2.836223117662512649e+01
2.814223761213358443e+01
2.000087159084571198e+01
2.806328927700874232e+01
2.763765645854789810e+01
2.777215463194189127e+01
2.748435228278599496e+01
2.811701709264299609e+01
2.791319314144946873e+01
2.797422380240588069e+01
2.776481169940780092e+01
2.762277916654533527e+01
2.764159455752774619e+01
2.670448983195315762e+01
2.714466366983394252e+01
2.715844069921082848e+01
2.777256492190363346e+01
2.773754320121371819e+01
2.788013888043223432e+01
2.813350565243749557e+01
2.856168051679975051e+01
3.016570875098467042e+01
3.019265616054794421e+01
2.883254816944447541e+01
2.831835810881688076e+01
2.750740350958027491e+01
2.785787903529891096e+01
2.747118601366474167e+01
2.753977664718381391e+01
2.799657357263583890e+01
2.803005863286034227e+01
2.817269431236540811e+01
2.820195763479537376e+01
2.754458271737540542e+01
2.796150571370649018e+01
2.876308309863744128e+01
2.849566215407648428e+01
2.842433753482630010e+01
2.795575264408589433e+01
2.774055787124634165e+01
2.776634046348474527e+01
2.713850946084454208e+01
2.744376277642482620e+01
2.743683472829261305e+01
2.744629163922929749e+01
2.724489975984579360e+01
2.696100270756328499e+01
2.692773575387606044e+01
2.735181971739824291e+01
2.780294973610273956e+01
2.815316482514047536e+01
2.829247532181430813e+01
2.840954012170529452e+01
2.787724979330253561e+01
2.774379723502648076e+01
2.746459798117307116e+01
2.754612568427671349e+01
2.765699473323193658e+01
2.759790631502055902e+01
2.740684155613545059e+01
2.773500792161023654e+01
2.759290370832218287e+01
2.751256599909450173e+01
2.741224629192451800e+01
2.740632205829818702e+01
2.718726987077554824e+01
2.720126707493389162e+01
2.717133201203848714e+01
2.719927622925295552e+01
2.718371957473834044e+01
2.742092713947447180e+01
2.740859458900085954e+01
2.701911801031795690e+01
2.683389157235013300e+01
2.677880615509427997e+01
2.718231201360921645e+01
2.754116509423364079e+01
2.713640632885084969e+01
2.758824988965998770e+01
2.776518660626472723e+01
2.772947551120936538e+01
2.786342050710107188e+01
2.791713626867780107e+01
2.807707465645015787e+01
2.781039644617380802e+01
2.815808711442551981e+01
2.779294185168190623e+01
2.740565168772694804e+01
2.748532148792061136e+01
2.787515512721161315e+01
2.759569741300715151e+01
2.776877357805057756e+01
2.745089392633524383e+01
2.784281569316628335e+01
2.744939593158953173e+01
2.725382373709552652e+01
2.734209675736149237e+01
2.719981067583959700e+01
2.768211789389536648e+01
2.786537356555388456e+01
2.765855343662290977e+01
2.809673188731735394e+01
2.785328023967238309e+01
2.781296619480725951e+01
2.792037555847319652e+01
2.762340774356377437e+01
2.778600718791467727e+01
2.410772896698584944e+01
2.174436130378107279e+01
2.746934122712597315e+01
2.731284250038935113e+01
2.740383909420615893e+01
2.797116571826336795e+01
3.016137617827289219e+01
3.345140984900928061e+01
3.378531518101834052e+01
3.352217206117450843e+01
3.043289135138576285e+01
2.812771432509007852e+01
2.769728729882577767e+01
2.758986417869660102e+01
2.783891432077597727e+01
2.736314839641603669e+01
2.727770610207097235e+01
2.744585337959443194e+01
2.712273877900542729e+01
2.708835581459650754e+01
2.676277337255728739e+01
2.680417490224153454e+01
2.702302347677135685e+01
2.710162942548127418e+01
2.743536004680264639e+01
2.710668183989750801e+01
2.783774987632443398e+01
2.726654796292279315e+01
2.720368242239534595e+01
2.694130656202381147e+01
2.677980846953848726e+01
2.697671521467230704e+01
2.705543598537120431e+01
2.688014350223411597e+01
2.683326543210314696e+01
2.725312627018482559e+01
2.770068716771196549e+01
2.761244864012306621e+01
2.690367152104682447e+01
2.662619911791239957e+01
2.636734876205616729e+01
2.608731389356369235e+01
2.604685036493238215e+01
2.589445382010400820e+01
2.604172931777862132e+01
2.618796941803211809e+01
2.588411452470802132e+01
2.614808126864871340e+01
2.592541880501338980e+01
2.608107865093611011e+01
2.622796262324841265e+01
2.633301783156092668e+01
2.625967203177289733e+01
2.657227367419955044e+01
2.658564999953278374e+01
2.629620977012320537e+01
2.563061316388529320e+01
2.590473917652390057e+01
2.612287204706176169e+01
2.665708524521150480e+01
2.642412567355966146e+01
2.645527217532245245e+01
2.658424661648327358e+01
2.638089947116793965e+01
2.633535453870775456e+01
2.609732273924368684e+01
2.638389010050099159e+01
2.624318919507660652e+01
2.649668463959380560e+01
2.709501874124610410e+01
2.685555376572106212e+01
2.756428973434655560e+01
2.734565154046677904e+01
2.713047761921828638e+01
2.652834310280582386e+01
2.704198091465384834e+01
2.668144033740924215e+01
2.693134783435125001e+01
2.667561693111971266e+01
2.655853335023747874e+01
2.672271542422462076e+01
2.636864292583373270e+01
2.669286101025578617e+01
2.679786323556513139e+01
2.621662042325839082e+01
2.688462946458567515e+01
2.713077428908228939e+01
2.716218232500990126e+01
2.726362090069476096e+01
2.659928781347607440e+01
2.649221988240973857e+01
2.653928827225718123e+01
2.661220127023786830e+01
2.671963573647990131e+01
2.747819956414909015e+01
4.807533559830616809e+01
7.738603702134298601e+01
8.624586997241925701e+01
8.494157296580638672e+01
6.531240188702491878e+01
3.365639001671087982e+01
2.740729563440997651e+01
2.642025264792791006e+01
2.625073448778777774e+01
2.604586300597793525e+01
2.663050927031022042e+01
2.645933967176900126e+01
2.658450711662070631e+01
2.621865961949445634e+01
2.591558567188976170e+01
2.590010509343131773e+01
2.597316770457441493e+01
2.603538024713944665e+01
2.606415040303816610e+01
2.578646986936410812e+01
2.566966699997549739e+01
2.574718274975328569e+01
2.631923616600434102e+01
2.693463737435448380e+01
2.717110637185609789e+01
2.659994840149408546e+01
2.617605179131949455e+01
2.602915024760539353e+01
2.613037862589045446e+01
2.029610973464397006e+01
2.170780201642745055e+01
2.583318616579277105e+01
2.548650850130939105e+01
2.595531828072425995e+01
2.578321617846627234e+01
2.599732512820493469e+01
2.627263296131847170e+01
2.636197963964015045e+01
2.600952125822839989e+01
2.556503473975237739e+01
2.548832989595332421e+01
2.576809777880317398e+01
2.556712571182844584e+01
2.563502139299454896e+01
2.586119643373269739e+01
2.566246060289622832e+01
2.552382837251806791e+01
2.542022672273626682e+01
2.548442258525291493e+01
2.571406068507072007e+01
2.555342313854880842e+01
2.567476956953260014e+01
2.571206168028979633e+01
2.603229434677088960e+01
2.596342876410253808e+01
2.601215449480493902e+01
2.566516591834093575e+01
2.575576072931462335e+01
2.542559179552825555e+01
2.546736852106909410e+01
2.557949728792594968e+01
2.531014967783828951e+01
2.535339581717170887e+01
2.546533180787328732e+01
2.552609130680419014e+01
2.517639828655928724e+01
2.550129935809108872e+01
2.549214429622730194e+01
2.570654134919038114e+01
2.537001886413525753e+01
2.547649706148322934e+01
2.614566384623908135e+01
2.646393931038007352e+01
2.686050181198845621e+01
2.633179360283754988e+01
2.539398212820492873e+01
2.490126927254647882e+01
2.475373078180758668e+01
2.486563816292879281e+01
2.525030218542517702e+01
2.582684279787185133e+01
2.696167096999639767e+01
2.771243971330465428e+01
2.829993190041042084e+01
2.874161683993531824e+01
2.868676757765062391e+01
2.907440977036779017e+01
2.865442732529533387e+01
2.868003241199480158e+01
2.672920289327921850e+01
2.465690110007845703e+01
2.440952338897407969e+01
2.435250982993045454e+01
2.504123290872243146e+01
2.641823931108225665e+01
2.624506775854260354e+01
2.620695660630553903e+01
2.561916979370970182e+01
2.578781531869734778e+01
2.562921319027861244e+01
2.574649373857813828e+01
2.542787369165828082e+01
2.556216583101479500e+01
2.543258253370743915e+01
2.590904369314618449e+01
2.570785651955393902e+01
2.557304345532712375e+01
2.544998543280480163e+01
2.548957798756799420e+01
2.562779667193314026e+01
2.498586136632057730e+01
2.455455935912168286e+01
2.465170347447714505e+01
2.443084098092486656e+01
2.546516048396730625e+01
2.566398370033292764e+01
2.541621365150183109e+01
2.534233696511432754e+01
2.504736239110699003e+01
2.523120699938971612e+01
2.511285208160104787e+01
2.515732836518410664e+01
2.497035778937011585e+01
2.518515868574531069e+01
2.491309281742791271e+01
2.478713758147640789e+01
2.468082469040941973e+01
2.533836223536840038e+01
2.520355628651682167e+01
2.514707143870196759e+01
2.501591101255166549e+01
2.500302332743414979e+01
2.482590798948282540e+01
2.523056378589025783e+01
2.499691878316028237e+01
2.507374172319709515e+01
2.477479483937214155e+01
2.495543251332808055e+01
2.495330029888975076e+01
2.514935097343085602e+01
2.525052816679388812e+01
2.492588688024417820e+01
2.698012302254263872e+01
2.470568457683596719e+01
2.496078996903487734e+01
2.550975378161209051e+01
2.585690971303461438e+01
2.639903684872331979e+01
2.712773941349748341e+01
2.653230785041500539e+01
2.606558124978485935e+01
2.541125082792068213e+01
2.523643337697916067e+01
2.515521278320032295e+01
2.511358115769032651e+01
2.504923496160553498e+01
2.486134186000876412e+01
2.488405764536684117e+01
2.470194586887997446e+01
2.440221554500643109e+01
2.501018506009651787e+01
2.515991595541135695e+01
2.585779173950946941e+01
2.630884683399120760e+01
2.695575272268369105e+01
2.671262236636401965e+01
2.638852511925776767e+01
2.586359190392019514e+01
2.541740099527450170e+01
2.534062487701127964e+01
2.534150689365489839e+01
2.503028675839135175e+01
2.531560226279324866e+01
2.578907324235749243e+01
2.563328624784394449e+01
2.541063356013085794e+01
2.534645151823543685e+01
2.536655335095318975e+01
2.570296100225501235e+01
2.541781572968326230e+01
2.561206096020917400e+01
2.574873111518745006e+01
2.579155203403839991e+01
2.249398821144205485e+01
2.138620291128748008e+01
2.316488863278533472e+01
2.601482161534753246e+01
2.582308748093862505e+01
2.627744052366419325e+01
2.583951189962568762e+01
2.611255435317707807e+01
2.597866530262993834e+01
2.601471261668246981e+01
2.602551247661593337e+01
2.606591090471946259e+01
2.599651329841663383e+01
2.616065524896534811e+01
2.623916707688913519e+01
2.615475016772073147e+01
2.590528999993533432e+01
2.631043058079345442e+01
2.608695002993005119e+01
2.583326538077631795e+01
2.601331734574022647e+01
2.623806938860411719e+01
2.621865401708145882e+01
2.632053565587414923e+01
2.633012861691685202e+01
2.601219108554252202e+01
2.622002560743830912e+01
2.604752541740523242e+01
2.618449851108529103e+01
2.609765935186386443e+01
2.614839751346626429e+01
2.638644816203908761e+01
2.594239592721057264e+01
2.605992831464484638e+01
2.614125632531650822e+01
2.651603434621402755e+01
2.731693914729720873e+01
2.797726364564352863e+01
2.904370713828458150e+01
2.935187851140752358e+01
2.882712473780790319e+01
2.781116011977363556e+01
2.724696836713134118e+01
2.725534309947301281e+01
2.723579630958034770e+01
2.703272659209642725e+01
2.694299705615656038e+01
2.665340802862253256e+01
2.637875962185199796e+01
2.639214961148947225e+01
2.642639287516908908e+01
2.659905214113265615e+01
2.676280228185978416e+01
2.798317649922677930e+01
3.400705824287565093e+01
4.457475547566879470e+01
4.751625850630446735e+01
4.610108215258617292e+01
3.894220753860825823e+01
3.479495753943160707e+01
3.882851723855726078e+01
3.948493051295080392e+01
3.746936316871425987e+01
3.004144900094742354e+01
2.675689007727880409e+01
2.677006814691358016e+01
2.694512484076404490e+01
2.671445240773673646e+01
2.758715581855897625e+01
2.724242625907096738e+01
2.716197397378134326e+01
2.669362647281429091e+01
2.670456384645752479e+01
2.659194951356150227e+01
2.802533505138271153e+01
2.886252444378945015e+01
2.899312898087962509e+01
2.814154626112052782e+01
2.664624725453717602e+01
2.658414509282126303e+01
2.673313767283518416e+01
2.707805026424846062e+01
2.750769865041558404e+01
2.757442166419906826e+01
2.743650989163425535e+01
2.688874861916254133e+01
2.688308687866909708e+01
2.757948900828382222e+01
2.903844866360679688e+01
2.938715857726550240e+01
2.906862097444450654e+01
2.760915250787137509e+01
2.646777037345969674e+01
2.662704352615521586e+01
2.611731473767073908e+01
2.619038132061973201e+01
2.609980300730352809e+01
2.646293591527465594e+01
2.690503403178939124e+01
2.691948297862212058e+01
2.713676131432220373e+01
2.656203828379491583e+01
2.623886410368280409e+01
2.718572812776045922e+01
2.832074066849759575e+01
2.821337872682500958e+01
2.787830261846203328e+01
2.637623093727482271e+01
2.608229554559697405e+01
2.597822392565027627e+01
2.619047636900954856e+01
2.633173752013401625e+01
2.590929634626013822e+01
2.603327884602276754e+01
2.615710972232012566e+01
2.576645622787344792e+01
2.621482852417088338e+01
2.638437476841885143e+01
2.649839133180465467e+01
2.668988961078624911e+01
2.611084757821955193e+01
2.671108927273473199e+01
2.710978389413260103e+01
2.688660817371049916e+01
2.655350145889793723e+01
2.595723323558006257e+01
2.578129123511702403e+01
2.544367439917498430e+01
2.527689376467611737e+01
2.531259463963495548e+01
2.545146372527066703e+01
2.534537566794072561e+01
2.545373725103679163e+01
2.546528894682935373e+01
2.531306263272531609e+01
2.516457010629294899e+01
2.579383199100915647e+01
2.549382436179285349e+01
2.585591064684503237e+01
2.541816256637238425e+01
2.553204985348257949e+01
2.535106088334178409e+01
2.553942737933846985e+01
2.579339404499276966e+01
2.563906043733718931e+01
2.538091112893842904e+01
2.525212643546324287e+01
2.496426868856486081e+01
2.493714799003727833e+01
2.502440555020991653e+01
2.481856448304554874e+01
2.474656659985482676e+01
2.461535766462689168e+01
2.507190461962870387e+01
2.459212870559509412e+01
2.475645982066945550e+01
2.448129920940633397e+01
2.467424346002965052e+01
2.473658643060395690e+01
2.479446889200337623e+01
2.487298071693053814e+01
2.508425246057448987e+01
2.491166500932941474e+01
2.473101221037221364e+01
2.481480825837153859e+01
2.499334962473417932e+01
2.529186839647038809e+01
2.523552306737116879e+01
2.507992827455106521e+01
2.476984387615340566e+01
2.447234066720415058e+01
2.440801827993039907e+01
2.482846011407777453e+01
2.465952808493220871e+01
2.440572457524417516e+01
2.464866190830837311e+01
2.430702983007858720e+01
2.426182602191310878e+01
2.437295439568649158e+01
2.450642654752997274e+01
2.630591312687867500e+01
2.429990370795292165e+01
2.440492490307363482e+01
2.457066043628512020e+01
2.452140897699485578e+01
2.433152835049825313e+01
2.444928422320938211e+01
2.457283148198004952e+01
2.447959167015762461e+01
2.408436911431266125e+01
2.459888237820111101e+01
2.451244093687658321e+01
2.458713133284624774e+01
2.448207870354991655e+01
2.442353193205805084e+01
2.447997103843233191e+01
2.443941535102041129e+01
2.454216339925908841e+01
2.428526455886769142e+01
2.435894377795607468e+01
2.418894002573134117e+01
2.437298776789275223e+01
2.432409419796160321e+01
2.446226516161467046e+01
2.440764634360698437e+01
2.410681901485702383e+01
2.430088896364632944e+01
2.420018750389784756e+01
2.444033765927986224e+01
2.420405114393441792e+01
2.421188531038060887e+01
2.426014759368269935e+01
2.450025250575376390e+01
2.424966732549476589e+01
2.489577424179271858e+01
2.452143294714634791e+01
2.470034452727700369e+01
2.454233660170638132e+01
2.438402588241005731e+01
2.439280430013700851e+01
2.480613544512828739e+01
2.505132627389863487e+01
2.510701133746947988e+01
2.513321662242925569e+01
2.532313717628229810e+01
2.562618051041682321e+01
2.625132264427351103e+01
2.598071321372884057e+01
2.574670727600969045e+01
2.558329542335755491e+01
2.495289425910267411e+01
2.511970464063819009e+01
2.474896563175265030e+01
2.130792601441214629e+01
2.137574937366287386e+01
2.282048842576262260e+01
2.180824477803142614e+01
2.443541420110700813e+01
2.442877545620429913e+01
2.452125077604446091e+01
2.409441964983352946e+01
2.439677529394867506e+01
2.420502787973280689e+01
2.416016089042975423e+01
2.463242917568411272e+01
2.467761102890221281e+01
2.480584006793629115e+01
2.482883267350903367e+01
2.475489060205747549e+01
2.504208526546566560e+01
2.495151022436214561e+01
2.460134074725096909e+01
2.433710084331824675e+01
2.443579453601786966e+01
2.413898716833208269e+01
2.442865769784298280e+01
2.484003873024017395e+01
2.486057912268593029e+01
2.457976179820220253e+01
2.437818754267987842e+01
2.442897279887807471e+01
2.452961189537010966e+01
2.478157818468599061e+01
2.444374033616873021e+01
2.411492359035028343e+01
2.367274358851496174e+01
2.392254989592163383e+01
2.388138838446240086e+01
2.467124196208056830e+01
2.522728207855983840e+01
2.543017265135220129e+01
2.469549359444671666e+01
2.417882279535777457e+01
2.416970755263687920e+01
2.396728335030010371e+01
2.370503057318623519e+01
2.374291221117870876e+01
2.378315877039730708e+01
2.373778800077368700e+01
2.397826656881700913e+01
2.384545354701091568e+01
2.399814786507336350e+01
2.363837496632646307e+01
2.351099701169808398e+01
2.362111011652590165e+01
2.494139026410216076e+01
2.390810172886222063e+01
2.402871425634069169e+01
2.394739467386723319e+01
2.370773766977921682e+01
2.371612457424623344e+01
2.355367566203451091e+01
2.394064165531491284e+01
2.467544741672280395e+01
2.488523797526293180e+01
2.494630904997780618e+01
2.383869102513636307e+01
2.390478097752074760e+01
2.366028033391249963e+01
2.415712771926342128e+01
2.414733360747359825e+01
2.424255536816041356e+01
2.396543804547439294e+01
2.376940626478441487e+01
2.353457783125503155e+01
2.339229381132186347e+01
2.366509831900077998e+01
2.468153580690912108e+01
2.494046291356610112e+01
2.502926841107991862e+01
2.422937883462804720e+01
2.356492708737915009e+01
2.322604626340937273e+01
2.336569180944479385e+01
2.338429026158579305e+01
2.348850328193361037e+01
2.412243739988091562e+01
2.633215097909996416e+01
2.852705762713302207e+01
2.928550369113788321e+01
2.854231636960475527e+01
2.712367572348430755e+01
2.555023540523730929e+01
2.583488768010046854e+01
2.542663109386361953e+01
2.512118810539957892e+01
2.446719946883877483e+01
2.393863361255843714e+01
2.354571232407365855e+01
2.392533662607105072e+01
2.349094792620123684e+01
2.326660384206423160e+01
2.325265023300895351e+01
2.354759093120583913e+01
2.554857954202245907e+01
2.820870995793479352e+01
2.857807483562060824e+01
2.806217547820472902e+01
2.531764518415581122e+01
2.411060387459844634e+01
2.461339071776263054e+01
2.522341315243728488e+01
2.536337502474651373e+01
2.486799306802060983e+01
2.407242310847546207e+01
2.368931026915056393e+01
2.348766632121958864e+01
2.378314390027997050e+01
2.399669996079601830e+01
2.401489154565978978e+01
2.439137752418225702e+01
2.444347672812942562e+01
2.388608659558451919e+01
2.380299161858694390e+01
2.356520015496386122e+01
2.337401564457677949e+01
2.416356266399729691e+01
2.618441117277667729e+01
2.746819777818070563e+01
2.747543495071047204e+01
2.627257614561460741e+01
2.395036791020620726e+01
2.349175486545089342e+01
2.370115870340771735e+01
2.457788293514797218e+01
2.783865122348253607e+01
4.890839893638916180e+01
7.660581767772441708e+01
8.467931035821169417e+01
8.069704968566992420e+01
5.832473273646657930e+01
3.084577879620509933e+01
2.807122693014994752e+01
2.911203248058953719e+01
2.861142778588521196e+01
2.595173091529040477e+01
2.385576953405307776e+01
2.343854176996567773e+01
2.326315807635540622e+01
2.309161053369149386e+01
2.297744982010078729e+01
2.309767630274762240e+01
2.323224155055048712e+01
2.425143624975217449e+01
2.476097572803747582e+01
2.439128415596524491e+01
2.394607647410111539e+01
2.326895942801863981e+01
2.378444815571607407e+01
2.563554974960750243e+01
2.716948625636146275e+01
2.738753937908493796e+01
2.637317261022140613e+01
2.394541483920920300e+01
2.303492833888008917e+01
2.264186197978746051e+01
2.288362529466834872e+01
2.296988329138470419e+01
2.317120410588539414e+01
2.271058880898199916e+01
2.318479548234079601e+01
2.417020289852719372e+01
2.395516603838884606e+01
2.398338051136431659e+01
2.322122493522670794e+01
2.291174403640597035e+01
2.441108255167738506e+01
2.552761601310244544e+01
2.551456084643146838e+01
2.538450603256474025e+01
2.401275913056636213e+01
2.945349611946137003e+01
4.241247116808816742e+01
4.915899694181489110e+01
4.930625650327648657e+01
4.141324591437581404e+01
2.808683423880191299e+01
2.341357098724569141e+01
2.304999723981066495e+01
2.297444406422032159e+01
2.293206546905143028e+01
2.307302161263893225e+01
2.289235062781768804e+01
2.300335103062341702e+01
2.349829460294369454e+01
2.372212572402590425e+01
2.359991140449704261e+01
2.366848914578602603e+01
2.323760044846799389e+01
2.381837297172190659e+01
2.429570969867321750e+01
2.433242388140335777e+01
2.405002445329375149e+01
2.335299015460235950e+01
2.278889380258743813e+01
2.302270545149743697e+01
2.293304504311556613e+01
2.302981784580444113e+01
2.256935454294637111e+01
2.273084930503759082e+01
2.260999736434910545e+01
2.271857406011648806e+01
2.292821132356878877e+01
2.304142397897344452e+01
2.303075764760527733e+01
2.300454260418872821e+01
2.247815586388951203e+01
2.262096999376367634e+01
2.254833120232668620e+01
2.283089677486110247e+01
2.286920931703430782e+01
2.322436462070238505e+01
2.265548785928114484e+01
2.307178670069583859e+01
2.276541601974594187e+01
2.302777510774273040e+01
2.310080689171942936e+01
2.273449595852494198e+01
2.266607884468839273e+01
2.230242016850009534e+01
2.237972043639173592e+01
2.244625477066624697e+01
2.235520583513372017e+01
2.263724682952097922e+01
2.252754393499351693e+01
2.223712375185213475e+01
2.241306830194875133e+01
2.256307987088063527e+01
2.740186004825763888e+01
2.809226594558961665e+01
2.765846629078018637e+01
2.489199627628088152e+01
2.412762870583641117e+01
2.459278373658831995e+01
2.465044034298536246e+01
2.416937528534472790e+01
2.325935744188621257e+01
2.231076336130967164e+01
2.262399879879937359e+01
2.296191073754826206e+01
2.307349626886954397e+01
2.257431633628929646e+01
2.281428032424746988e+01
2.240453003540302745e+01
2.231502885176160689e+01
2.261245131452378132e+01
2.479807497132996730e+01
2.411590898170629060e+01
2.370865733846128620e+01
2.309134857495724802e+01
2.262682862193204869e+01
2.241498559559343917e+01
2.265894623411718456e+01
2.413503463175739228e+01
2.632568760282223153e+01
2.714251206844223674e+01
2.662241273503277128e+01
2.440717530347549058e+01
2.253447530747967065e+01
2.265217762730313922e+01
2.272533414687565312e+01
2.293049796846069555e+01
2.407481607945425139e+01
2.434400095879310655e+01
2.444493772956738908e+01
2.357311670774067025e+01
2.243840602028245712e+01
2.248378269956563003e+01
2.313207649060213456e+01
2.546715449621718008e+01
2.725446867949415974e+01
2.244649575437104261e+01
2.477561634488646192e+01
2.688966849553050764e+01
2.742892328127812007e+01
2.648688855002468046e+01
2.387462204023786683e+01
2.284713189134581057e+01
2.359087591963164598e+01
2.368257560097177006e+01
2.275005484578741388e+01
2.223689849893368375e+01
2.263166856232356494e+01
2.424699515005355366e+01
2.572382552587070492e+01
2.607394419224636906e+01
2.568456646656007081e+01
2.331273866460469435e+01
2.255574674392154577e+01
2.269594111416562754e+01
2.277515745197453612e+01
2.239030547780617653e+01
2.230964413772949229e+01
2.264479669322244249e+01
2.213786014768756161e+01
2.222874218538644087e+01
2.216191691345027692e+01
2.238402150220947107e+01
2.236339067121550883e+01
2.296401253759034944e+01
2.296008729391908432e+01
2.270357676561837579e+01
2.236071685464667524e+01
2.286227218652353343e+01
2.422214430726618772e+01
2.445579351602559015e+01
2.419890945490479695e+01
2.299931474827234723e+01
2.202781183356994532e+01
2.207126512113371319e+01
2.224641192497355036e+01
2.503782333514838498e+01
2.181224426673979977e+01
2.216458929591465576e+01
2.196418683092027635e+01
2.220899312794839631e+01
2.234868947757826163e+01
2.227717881542529810e+01
2.207438267429597190e+01
2.206595967596462060e+01
2.231276797935892375e+01
2.235268369301811830e+01
2.249005718947462995e+01
2.270195515821551169e+01
2.253340631885485479e+01
2.257339254784784899e+01
2.251812717733730551e+01
2.266417545506928377e+01
2.277496346235524882e+01
2.299930950020443277e+01
2.240422954149433821e+01
2.208647692087983927e+01
2.207549264714487691e+01
2.217225308313700083e+01
2.186147901348320488e+01
2.198852067828880763e+01
2.195183556789511670e+01
2.189021139593575427e+01
2.204686705068738206e+01
2.238126405299602339e+01
2.214228432971609450e+01
2.211114413766893705e+01
2.212104435694273974e+01
2.200864882854529014e+01
2.196055782789063571e+01
2.196573967691025686e+01
2.226646351919870881e+01
2.817617446990569263e+01
2.220603826718353346e+01
2.195374632018097572e+01
2.192222383660564589e+01
2.218551065418370172e+01
2.255294729086015693e+01
2.246199875969407245e+01
2.248670812195728885e+01
2.237789159610004930e+01
2.198139678680486142e+01
2.186487205532399969e+01
2.213130440071315519e+01
2.200981074327020437e+01
2.163690125390357366e+01
2.189159689964372291e+01
2.180815908047063445e+01
2.191566361774804150e+01
2.203709459121653325e+01
2.208235249708620884e+01
2.199555760950032024e+01
2.195964386916801558e+01
2.206268517144414787e+01
2.187821153575943001e+01
2.221055319572075604e+01
2.221256879608858981e+01
2.179551948563216968e+01
2.195847417033928295e+01
2.192300816709890299e+01
2.206317755202276842e+01
2.221940090486705088e+01
2.217300709651351909e+01
2.248683002340413850e+01
2.246211937690275562e+01
2.208050082104100653e+01
2.251022771168570102e+01
2.235218168380362158e+01
2.237423523075665699e+01
2.247887317873727397e+01
2.211411445581887847e+01
2.214933526589537749e+01
2.176862221880818993e+01
2.190203526573563053e+01
2.205613907690669961e+01
2.219974749450356200e+01
2.241726023503492371e+01
2.195435855307772144e+01
2.198579945554952531e+01
2.197910024176120913e+01
2.205752515191032614e+01
2.199080416787775150e+01
2.201334603228110609e+01
2.195181874305594505e+01
2.183601097838171157e+01
2.188456170090724484e+01
2.234529913236929133e+01
2.217578433343128808e+01
2.203346100876625613e+01
2.201873798504124480e+01
2.178556996467028029e+01
2.172832714909620222e+01
2.183429421319182140e+01
2.196185290825994940e+01
2.222306553264447260e+01
2.234732639512994012e+01
2.221818725085317325e+01
2.191226151591675020e+01
2.210563075547914025e+01
2.185530403491098639e+01
2.191114710182149494e+01
2.176057717444018280e+01
2.178068855315649088e+01
2.178597390421921176e+01
2.193319612161822363e+01
2.158248676934997334e+01
2.175375810137673938e+01
2.170055099829330203e+01
2.189493346456196221e+01
2.191116679672320444e+01
2.172252361480768457e+01
2.176222287823367196e+01
2.170919105115020997e+01
2.153417930979679085e+01
2.138560949294831204e+01
2.163752854413620241e+01
2.165452993119238911e+01
2.161287235975098397e+01
2.171333293109329787e+01
2.190976375079172911e+01
2.174128418397422635e+01
2.195901285880891507e+01
2.177999818362484064e+01
2.262850413223498336e+01
2.157227965336785758e+01
2.180650764790480522e+01
2.174211982081761363e+01
2.164902565797256173e+01
2.164301856871236396e+01
2.187909838177886712e+01
2.191889758603417704e+01
2.188873311318909032e+01
2.147622487607006292e+01
2.161401467366943052e+01
2.168826154311823018e+01
2.132815539623882017e+01
2.162148262011952937e+01
2.157067750032205566e+01
2.147946409709925319e+01
2.161788102115862031e+01
2.151769447958475823e+01
2.153982070743161259e+01
2.189982898063425765e+01
2.171201604519132289e+01
2.178491477524616116e+01
2.147507024114685237e+01
2.154152406629189542e+01
2.168328503973497234e+01
2.145944638609804045e+01
2.163087573022684751e+01
2.154421390247383883e+01
2.188558694186992426e+01
2.161620038819871326e+01
2.167759758393249570e+01
2.179213728924243654e+01
2.142079383076506005e+01
2.177294583920656024e+01
2.218344375157912651e+01
2.426554581334594829e+01
2.711232483827730633e+01
3.009395126885802085e+01
2.999409435521610590e+01
2.899670687030887350e+01
2.848921831046162012e+01
2.917489144848688554e+01
2.890253341478016935e+01
2.701603301196155371e+01
2.323576496260607627e+01
2.242427631667428045e+01
2.306418169253638695e+01
2.376255501388369851e+01
2.350773444776491417e+01
2.241259715079482362e+01
2.168592905373229485e+01
2.178389198771207091e+01
2.139645328100203869e+01
2.181612352710209279e+01
2.195020711167507343e+01
2.561942309651217187e+01
2.164803010608502021e+01
2.659849625459956357e+01
2.719183965175158946e+01
2.163734375698913937e+01
2.165217980372887752e+01
2.171062595761597080e+01
2.268404400465413318e+01
2.744250163602722026e+01
3.296483369027197341e+01
3.472062839099074694e+01
3.429664300533283949e+01
2.932342496968188073e+01
2.526864946994426830e+01
2.708243989027262799e+01
2.728345110603280688e+01
2.693214001140049874e+01
2.561367061617240282e+01
2.365346171230682870e+01
2.357766797853877350e+01
2.271158189355748647e+01
2.336392942367723435e+01
2.400130306090812127e+01
2.378059679909911139e+01
2.350284743213671845e+01
2.264430546017073453e+01
2.221580884071519435e+01
2.328629341029374089e+01
2.503087896003467350e+01
2.604123220956422813e+01
2.591144376553397422e+01
2.496683336373543938e+01
2.283536413967694756e+01
2.267869197763798539e+01
2.251584936014786109e+01
2.264840967310080444e+01
2.372584468851648154e+01
2.512519348732316971e+01
2.594916670358810151e+01
2.464440999490984652e+01
2.310120587452759722e+01
2.210080113884957953e+01
2.157503793075154164e+01
2.183905914486064503e+01
2.217655524647451060e+01
2.412309331556582492e+01
2.578201215710448935e+01
2.632058040070100091e+01
2.579947584198770372e+01
2.323168858794383240e+01
2.200247336136198939e+01
2.202464170280103417e+01
2.271483863461759967e+01
2.549044819841856224e+01
2.865740146681928380e+01
2.971191164207330360e+01
2.842260927065359866e+01
2.445414822632752205e+01
2.192611995636897504e+01
2.150099881120827305e+01
2.149419050851401281e+01
2.153159619001772640e+01
2.154865368794512293e+01
2.144068214747902701e+01
2.152610626622493939e+01
2.270378309357279889e+01
2.458558463716651943e+01
2.547064440810196118e+01
2.549997609988729863e+01
2.386604006433184821e+01
2.192264976940377608e+01
2.183185483045551933e+01
2.336312888219761064e+01
2.764346978916855235e+01
3.012763670559423801e+01
3.019433309809972599e+01
2.752970602816709800e+01
2.312554446685997434e+01
2.189989304253025537e+01
2.180641281185389602e+01
2.193560550707283241e+01
2.196286319130807740e+01
2.180273380859666332e+01
2.185110928815803533e+01
2.163895628694095308e+01
2.167016343437441606e+01
2.198234762211576765e+01
2.187411817599108588e+01
2.258510722313018348e+01
2.369312745617665783e+01
2.413260377490993491e+01
2.401878036159214602e+01
2.326008941084504755e+01
2.200254531776000633e+01
2.232704419396002038e+01
2.478354657665840932e+01
2.651688857670475841e+01
2.714936245413256444e+01
2.556463655628023091e+01
2.305169344539275755e+01
2.159107583403915953e+01
2.178769730668283700e+01
2.195556120761152386e+01
2.198123084903039981e+01
2.199481842059329040e+01
2.192844395257679935e+01
2.164766450767222139e+01
2.165905222134597352e+01
2.155803126024471084e+01
2.132180981774870787e+01
2.157858621686069256e+01
2.179596747609216223e+01
2.150935519261008366e+01
2.195341924257473920e+01
2.237620653165804896e+01
2.284541517920308351e+01
2.321197826921639518e+01
2.253378854887608895e+01
2.195255221772737997e+01
2.185339760883187665e+01
2.287073420296548321e+01
2.389147799568467434e+01
2.380172378317499238e+01
2.308664600806030265e+01
2.139666885897405990e+01
2.120479939026254712e+01
2.126553257423932664e+01
2.139165330064658832e+01
2.159841102482155861e+01
2.152254814950138595e+01
2.146466066390784988e+01
2.122116128043742478e+01
2.124778564757494692e+01
2.120653158292275364e+01
2.160302942775697588e+01
2.159631555756237375e+01
2.202288923933377163e+01
2.190889328271879677e+01
2.172179653410766775e+01
2.163511992906183679e+01
2.141039977802151384e+01
2.144552104035903994e+01
2.156779515384895873e+01
2.222897503264365326e+01
2.226180178724342085e+01
2.232612292772112994e+01
2.250492792469669467e+01
2.261488933202092255e+01
2.327197514600224793e+01
2.382497234378691076e+01
2.412843359768370632e+01
2.322271618981757868e+01
2.286099751035927596e+01
2.278196750569766138e+01
2.211932604770333555e+01
2.192044118653628715e+01
2.194597242509643920e+01
2.177966665334079011e+01
2.151257810105136770e+01
2.199697343783831016e+01
2.212384054173276127e+01
2.216196881539019614e+01
2.246296112623092256e+01
2.256561830059009921e+01
2.218710762018271510e+01
2.248692750554339526e+01
2.223091871279789089e+01
2.230210383659963114e+01
2.227152134330309607e+01
2.227084653926059588e+01
2.205650442440443371e+01
2.225954274675586930e+01
2.221447862607696777e+01
2.224275610747800158e+01
2.240849150487694175e+01
2.324034063470529077e+01
2.229624482164922483e+01
2.214388822200545803e+01
2.267924522188059200e+01
2.253503955755501664e+01
2.288818678961247244e+01
2.286411094215998574e+01
2.257458739306235529e+01
2.220318996633057651e+01
2.197291402061713939e+01
2.190703053269925249e+01
2.169936962937577718e+01
2.183167300282505963e+01
2.180889526395767675e+01
2.188706174456700637e+01
2.175039411707437154e+01
2.198341311034037204e+01
2.196801063960577949e+01
2.180074045685755735e+01
2.167642527692771992e+01
2.173926345329555687e+01
2.148672549726883219e+01
2.181185070674405679e+01
2.165152112417176511e+01
2.194453777255768046e+01
2.184400513161054747e+01
2.182479916551450216e+01
2.177522550726381212e+01
2.190012204413212871e+01
2.156390524328702440e+01
2.186399823107096907e+01
2.158028565463833814e+01
2.217727660066656270e+01
2.236030872023440352e+01
2.225105111718318796e+01
2.209147965070137332e+01
2.191124629076395181e+01
2.188038070250756917e+01
2.230714774338407480e+01
2.208036739799840475e+01
2.211205663532903642e+01
2.153350543170514797e+01
2.162786283932214104e+01
2.154690796370186590e+01
2.212270034351569592e+01
2.240028885654494317e+01
2.257498926434459463e+01
2.284529748994592069e+01
2.304829536384206179e+01
2.250682386193483708e+01
2.209574590818396089e+01
2.199484168720342936e+01
2.174368215452146202e+01
2.189434853611455267e+01
2.162643425459682334e+01
2.181952372390004058e+01
2.157524984165695159e+01
2.228625859126729480e+01
2.194720763869757008e+01
2.221556225718661892e+01
2.196658273644377957e+01
2.209159534276444958e+01
2.198900515049328064e+01
2.568506886058357352e+01
2.681869059887424811e+01
2.779657232683772961e+01
2.220100358241538174e+01
2.171418201038208196e+01
2.197972208576848274e+01
2.203552565839169830e+01
2.212390682983972212e+01
2.186183877708662848e+01
2.206189895047794280e+01
2.218862312241357060e+01
2.226226114418479796e+01
2.212660034933766795e+01
2.227074321620369446e+01
2.224784506981900378e+01
2.216777632937408526e+01
2.227203374768874866e+01
2.277619876107183217e+01
2.348987080709533615e+01
2.415068040996943211e+01
2.406226950795499064e+01
2.335547875078978564e+01
2.247605833490059268e+01
2.206099249182171107e+01
2.156323186145923643e+01
2.164172130655610360e+01
2.157665644496634272e+01
2.234863767616040064e+01
2.331999558407042628e+01
2.393591546556330840e+01
2.773451324616453917e+01
3.266892508914992277e+01
3.743501035994658821e+01
3.346429625084369519e+01
2.379666581294685912e+01
2.417237796006544315e+01
2.223531429417789695e+01
2.163830576597062816e+01
2.139746651682698442e+01
2.143709530659611673e+01
2.112735140921223831e+01
2.151589185304404239e+01
2.156388306477370875e+01
2.198675807839570950e+01
2.200833152503856738e+01
2.242611772295449413e+01
2.417870395188752752e+01
2.405582272392018695e+01
3.528144256850191596e+01
2.818787638933779149e+01
2.740896869828766214e+01
2.478758400447317101e+01
2.339551320634022602e+01
2.332505287139868955e+01
2.365543158200213014e+01
2.797642428252816416e+01
3.507887133770503851e+01
3.976690551199973100e+01
4.008078132106327729e+01
3.928885592233956459e+01
3.978902955366771010e+01
3.946225512353623088e+01
3.824532958157572438e+01
3.408862436842196075e+01
2.487404843250682518e+01
2.365324946710171616e+01
2.544321300217126947e+01
2.685312729680405752e+01
2.737057254713366206e+01
2.563117359370169623e+01
2.352181653119254534e+01
2.272556201406106879e+01
2.225019185703803615e+01
2.187438449711459398e+01
2.223626934347350215e+01
2.208669559093953083e+01
2.224590850722535151e+01
2.296280517832546053e+01
2.340091505804962679e+01
2.348887632654907875e+01
2.319010580092738394e+01
2.311563974693120826e+01
2.606773110216007439e+01
3.550812323870078302e+01
4.542788868309650496e+01
4.753375701720868562e+01
4.300052949278983760e+01
3.142042658059940052e+01
2.431958397765859914e+01
3.087611141976829288e+01
3.340740604547491444e+01
3.299425931633995646e+01
3.159048510919441810e+01
2.685879274081522894e+01
2.316426677014838731e+01
2.246870560972202213e+01
2.254931612263203888e+01
2.270487265992625225e+01
2.408692330725596165e+01
2.547986353590752984e+01
2.554475060549057730e+01
2.475945697275908586e+01
2.246570264648079629e+01
2.310198807890834516e+01
2.627102471170026377e+01
2.862478796807014447e+01
2.896243331901511198e+01
2.697441220994098288e+01
2.331373532380251490e+01
2.290069591632228452e+01
2.258210148781692794e+01
2.274666360685095157e+01
2.404925877273870682e+01
3.101736216080152175e+01
3.920273437281500861e+01
4.150929402106391564e+01
3.974630725407416065e+01
3.165462106014893351e+01
2.432265466769321094e+01
2.311213174160277006e+01
2.205715876124633112e+01
2.198001188857612576e+01
2.326091014685524527e+01
2.723773133628896659e+01
3.125567031499560144e+01
3.215214236302966810e+01
3.039764974016648935e+01
2.566322733392576438e+01
2.274264224404810264e+01
2.203491184486309606e+01
2.215335150561135436e+01
2.667516568223367202e+01
3.667035621402174428e+01
4.308499889539208283e+01
4.364879296335236347e+01
3.825626196650699029e+01
2.753577517233859240e+01
2.281987307043830882e+01
2.266499252864414871e+01
2.236190217418962689e+01
2.268604290026669545e+01
2.286792365459465515e+01
2.253597475444646392e+01
2.239134066994240158e+01
2.276011646808943922e+01
2.566038477868054102e+01
2.922293972333843470e+01
3.038178849177259266e+01
2.950105520802856418e+01
2.547137031249564387e+01
2.260679041232875619e+01
2.240703287041654335e+01
2.332711865650463068e+01
2.914298711852183743e+01
3.676832335658490791e+01
3.932019383096137233e+01
3.762170411746400589e+01
3.139894936371730694e+01
2.581149262052076310e+01
4.247753862842188255e+01
3.203087197955213128e+01
2.558700780009461440e+01
2.407362499392872834e+01
2.305723928014490554e+01
2.274734991759873992e+01
2.231697532347480006e+01
2.218205096926852704e+01
2.219746251651047686e+01
2.218404451084287743e+01
2.252975222890550100e+01
2.372257266898283490e+01
2.561577152488096232e+01
2.884802947086966896e+01
2.988106524546289933e+01
2.875943192570700546e+01
2.593694827518313062e+01
2.287786644915020062e+01
2.241041467286554223e+01
2.390230876795103754e+01
2.942331978502545198e+01
3.308403997631881310e+01
3.338470963977874817e+01
3.033454977367402705e+01
2.417228387059029515e+01
2.205374788045329737e+01
2.172089242395129105e+01
2.169530335651491271e+01
2.186058344072844761e+01
2.232894851486331689e+01
2.219790719954191616e+01
2.241305793794574086e+01
2.200319838401945916e+01
2.199624896531515716e+01
2.195838902890425359e+01
2.209102792799806636e+01
2.213978173889741541e+01
2.210513198021660841e+01
2.163143097134292248e+01
2.217559615505653525e+01
2.237866244472446908e+01
2.420380280601138878e+01
2.510077240459969161e+01
2.540113097098837613e+01
2.429437502418321060e+01
2.251964757169270115e+01
2.201788967071646397e+01
2.376276522260403112e+01
2.712286785219618679e+01
2.827165345746008995e+01
2.822504306641312510e+01
2.533884719075151182e+01
2.250917719347394552e+01
2.200902985845905135e+01
2.184516635734024348e+01
2.222925055126892246e+01
2.198434873037822967e+01
2.203968407131546314e+01
2.204827377686297396e+01
2.211814532589794169e+01
2.214686146045833226e+01
2.223326497932249879e+01
2.213523703559760136e+01
2.244108497658728396e+01
2.243507554182004782e+01
2.259513785662758778e+01
2.330948848652738903e+01
2.372280488695447787e+01
2.374817130733488568e+01
2.479924731341225552e+01
2.504590777517392652e+01
2.500900418011229931e+01
2.521888843506300049e+01
2.539888904182026508e+01
2.713629295794207508e+01
2.879927584083453240e+01
2.745943542407760418e+01
2.634938310581729937e+01
2.488863058271024187e+01
2.621362258468078821e+01
2.745189231040929911e+01
2.847736383852512176e+01
2.961536862910165624e+01
2.849089082827943287e+01
2.776529922582409071e+01
2.536762689926726821e+01
2.263184292046137713e+01
2.223071195936607936e+01
2.248269054632376296e+01
2.319861839754465294e+01
2.426520774192499985e+01
2.437749303828181269e+01
2.384500707483132231e+01
2.265810320599415917e+01
2.235805650662443256e+01
2.245261376019515964e+01
2.230205235730380764e+01
2.250689824190520838e+01
2.248712062429575909e+01
2.215826352408774724e+01
2.205103102901404810e+01
2.214966706710421462e+01
2.230840080838374462e+01
2.184633298924715916e+01
2.210112790793974824e+01
2.186867767184229905e+01
2.184956230367062346e+01
2.289775519547048077e+01
2.352897107006545241e+01
2.342257525920220829e+01
2.434815832936748947e+01
2.564574977654650922e+01
3.258136723413284841e+01
3.784915974506419190e+01
3.799906226837650536e+01
3.449712124276587133e+01
2.689175759188152171e+01
2.564261845520019634e+01
2.738129544149031958e+01
2.773565199442804285e+01
2.631015930502679367e+01
2.353773880818465258e+01
2.256567588407575542e+01
2.277520914987358580e+01
2.324386943500517688e+01
2.411052155862103064e+01
2.417340573159845363e+01
2.769043078410786762e+01
4.386877601844521735e+01
2.324614662322763792e+01
2.252621854428304360e+01
2.219728051174766037e+01
2.266987789730069025e+01
2.245875147612723666e+01
2.292099445310294925e+01
2.381174384522372733e+01
2.319560230443081039e+01
2.294212019348564624e+01
2.441964020928270429e+01
2.567530065960091434e+01
2.602270830589607797e+01
2.556956522125465270e+01
2.378437876967270270e+01
2.249690879721766379e+01
2.221960030901415095e+01
2.249836100282083606e+01
2.299055371606691267e+01
2.326258003508128169e+01
2.493743696718043878e+01
3.002669575667309942e+01
3.396587000659328481e+01
3.432819853092299667e+01
3.167014957894861382e+01
2.538566171194154109e+01
2.230908855364661392e+01
2.542435439150808563e+01
2.125150070534332514e+01
2.154284494500288005e+01
2.500189110799322734e+01
2.596364992871160027e+01
2.289560587354285204e+01
2.441989559609326577e+01
2.876780141095654741e+01
3.716083205345891827e+01
4.695681075090723056e+01
5.237768528438694915e+01
5.493504752547892167e+01
5.029921774890941322e+01
4.854102290592437186e+01
5.033564148493287860e+01
4.970443048402159292e+01
4.837169385388841647e+01
4.582286029153779339e+01
4.402936324185296968e+01
3.902392689196570785e+01
3.587983329644462316e+01
3.189981259878265263e+01
2.971653376692914961e+01
3.026335028286372619e+01
2.929634974270789272e+01
2.879421146029523726e+01
2.828767405438226135e+01
2.769768617716335157e+01
2.944685890935994266e+01
3.066718847821754323e+01
3.221524493050871740e+01
3.837013398654729457e+01
4.148627316263488041e+01
4.111769092605786113e+01
3.707630943658801215e+01
3.238544923437797252e+01
2.914053813285811145e+01
2.980337343486323576e+01
2.902722451949339444e+01
2.813603610913551378e+01
2.767160988822166701e+01
2.852931012348146922e+01
2.719397744143279994e+01
2.673379560926683851e+01
2.670381670836298582e+01
2.637306184221533556e+01
2.543726362458873425e+01
2.493352499692072044e+01
2.542767918350268275e+01
2.597878145352538581e+01
2.676860936018576709e+01
2.697462809626319213e+01
2.612710435568022405e+01
2.426854643111795440e+01
2.304098051868337294e+01
2.360613270574305744e+01
2.577494414271615852e+01
2.812052031792577367e+01
2.794858637381114974e+01
2.714335347557564404e+01
2.405138551767739230e+01
2.274331811750545640e+01
2.268335809396110037e+01
2.278436586280513509e+01
2.249151251221243442e+01
2.256210777693335245e+01
2.275444138052145249e+01
2.269062995071865174e+01
2.250891523155738483e+01
2.217958922308600123e+01
2.249246177826490012e+01
2.283481532980400885e+01
2.314233574681261274e+01
2.336618355265759561e+01
2.387797499655821909e+01
2.389244574024385059e+01
4.126607549850178458e+01
3.094322907462714412e+01
2.426820604662566083e+01
2.425066217366228472e+01
2.443806760050354754e+01
2.411956137720714111e+01
2.382632941169266871e+01
2.369324342023815433e+01
2.356644814403648880e+01
2.406272793881125338e+01
2.521648049023113458e+01
2.529770039110751867e+01
2.490418084367812313e+01
2.372065314671041492e+01
2.329589481320125799e+01
2.269552765669008565e+01
2.218353505369597656e+01
2.281110370301622936e+01
2.606172076834400642e+01
3.575069154282133610e+01
4.116063524797164064e+01
4.380622501132732793e+01
4.575750806585621433e+01
4.546315761617101003e+01
4.465848634136248307e+01
4.017929942094833251e+01
3.073947944571484214e+01
2.521856479758501379e+01
2.612853492876024575e+01
2.866981224458680089e+01
2.981180526817401599e+01
2.879159195446928265e+01
2.698299015438505322e+01
2.401869771059559966e+01
2.338685378992779107e+01
2.365397392501435903e+01
2.417990697920899734e+01
2.456421851192710548e+01
2.464085859413934543e+01
2.430525095317657147e+01
2.386768636365793128e+01
2.368543004445930933e+01
2.346538141726312077e+01
2.317996515858017048e+01
2.330842235408865193e+01
2.340032300424434908e+01
2.458067588243718760e+01
3.341228560212279319e+01
4.735541050575679378e+01
5.101871420639312760e+01
4.872727054703125305e+01
3.726955076689391433e+01
2.521880933189270735e+01
2.430298110753190954e+01
2.681092086812043362e+01
3.289766353606157168e+01
3.436387257816357987e+01
3.398857465631378005e+01
2.863622479008958166e+01
2.351200172755900653e+01
2.280641236923393933e+01
2.298136397255036556e+01
2.315660690127705834e+01
2.313276656958616684e+01
2.452425069951911141e+01
2.725956074450355615e+01
2.892802985043151054e+01
2.890345394582297089e+01
2.728119170493059897e+01
2.515591690451992335e+01
2.876029812750160630e+01
3.095023486463500006e+01
3.069188586114063710e+01
2.852363334387379723e+01
2.427389765411152212e+01
2.350947173787798050e+01
2.307716804811734335e+01
2.355853429770286667e+01
2.406208345127944526e+01
2.584019812685444251e+01
3.476147855490870597e+01
4.360258318803314381e+01
4.475257888614395085e+01
4.162246221472657481e+01
3.034929495970976987e+01
2.327451850527264199e+01
2.251822034703815234e+01
2.259072546435075779e+01
2.285896015687941585e+01
2.286028209461835559e+01
2.394922211927977784e+01
2.893693728688237243e+01
3.289056459793970077e+01
3.329101332781341682e+01
3.116482290296755409e+01
2.540430564103648337e+01
2.374338858651374906e+01
2.810957636417604277e+01
4.438545876587032524e+01
2.399303090763392987e+01
2.414886644003607330e+01
3.023420014695575730e+01
4.159058943808136632e+01
4.799534674031675507e+01
4.743532379816112154e+01
4.054953332085320028e+01
2.678306975044506899e+01
2.374375423629902926e+01
2.358991710119661889e+01
2.363864558350055844e+01
2.331489159959271973e+01
2.286959269582395393e+01
2.322725995092681117e+01
2.324918488253642934e+01
2.306906427926027092e+01
2.310876344452445963e+01
2.498500941369605144e+01
3.057251012104757493e+01
3.246727742599845357e+01
3.214176586908939726e+01
2.820195181312504218e+01
2.344477083099846837e+01
2.338451366965257350e+01
2.534173319544432346e+01
2.752050794485645824e+01
3.324015082983165570e+01
4.500857495309035272e+01
4.977679252199332893e+01
4.839304504517668448e+01
4.101829214494978970e+01
3.005885533878685578e+01
3.251081705289966095e+01
3.701524532182810390e+01
3.636905550341580096e+01
3.318841929201416008e+01
2.705779987618525695e+01
2.470969833079161759e+01
2.815942150749150841e+01
3.160249762303266863e+01
3.778081829435640060e+01
3.959696149583014346e+01
3.751355534667030156e+01
3.253711448147202390e+01
2.508576199530472906e+01
2.452712884419786477e+01
2.826565225285659011e+01
3.108753005316363982e+01
3.371182903208832471e+01
3.356597350517596112e+01
3.079327433539660319e+01
2.855930965966308221e+01
2.537074668483725759e+01
2.557612134143722216e+01
3.215893962139042372e+01
3.798656118498446688e+01
3.869090982835231785e+01
3.594509610284666223e+01
2.853730069011734116e+01
2.441927551154369525e+01
2.369522210647739158e+01
2.389488912513468577e+01
2.347822093980535385e+01
2.338512446644934428e+01
2.340390027939426076e+01
2.336760506731254239e+01
2.354269611820803831e+01
2.365472503398268955e+01
2.388255680104243339e+01
2.375123978449567019e+01
2.451544978960417609e+01
3.026667346576444118e+01
4.659019163178833622e+01
5.726781570356919104e+01
5.709975777891422410e+01
4.980876159191230812e+01
3.309556287592257462e+01
3.075299601897275181e+01
3.819187269044903843e+01
4.074125048438302343e+01
3.943678272718194222e+01
3.260817298029119371e+01
2.492252673138882102e+01
2.370460033697795765e+01
2.442498164995404153e+01
2.889394132974176799e+01
3.422342777603049768e+01
3.489963704082921225e+01
3.360341724665216390e+01
2.772181338856965382e+01
2.386090738991372007e+01
2.323715314493315276e+01
2.301041759262575326e+01
2.287193822625471995e+01
2.365577632142759512e+01
2.342386159482276042e+01
2.393047842226328825e+01
2.465321285175015475e+01
2.631483954549155868e+01
3.155299045038561090e+01
3.291167343453401628e+01
3.251356429831801620e+01
2.893615138356187799e+01
2.402340925121035298e+01
2.332911691218627226e+01
2.281020086287459492e+01
2.290193360859956684e+01
2.269032625806422132e+01
2.288054872385898619e+01
2.461876320026200915e+01
3.661123693907731536e+01
4.885823346559953251e+01
5.083390094403991100e+01
4.822473612414584210e+01
3.435814537038968552e+01
2.611239524580588522e+01
2.492756992251808867e+01
2.338422405567255424e+01
2.330861435825847394e+01
2.385058456012950856e+01
2.645009771620203054e+01
3.010948948419115112e+01
3.644397548908700202e+01
3.719941788769660462e+01
3.514324294333955834e+01
2.992962262071996449e+01
2.410751024404681075e+01
2.355213976919731778e+01
2.398683736039354031e+01
2.366967230633703068e+01
2.418158699616093799e+01
2.924720786684796536e+01
4.602298627837132727e+01
5.296530755552492309e+01
5.262126568092094203e+01
4.456002108472988965e+01
2.742112876136938482e+01
2.413536932335918550e+01
2.416951029962789121e+01
2.389687646902767071e+01
2.384527909541547075e+01
2.389334809163537798e+01
2.346010530073557732e+01
2.325795877728813466e+01
2.313936772410339415e+01
2.309632551583670335e+01
2.408891035944396464e+01
2.759321402256979994e+01
3.322128421916978880e+01
3.343027727603612931e+01
3.245821194280456723e+01
2.745655809295141481e+01
2.490205027645995273e+01
2.495631957778720533e+01
2.516239101820787383e+01
2.615073694362845913e+01
3.574627265340277660e+01
4.520829183218791059e+01
4.608696526735085541e+01
4.323486297690013203e+01
3.127428586987801040e+01
2.596615716990774914e+01
2.494063432672427183e+01
2.446239123528599890e+01
2.395873469169044512e+01
2.330101476972635055e+01
2.338249748110094473e+01
2.355782590868216886e+01
2.341018930069184378e+01
2.367477167652551273e+01
2.315366934277917110e+01
2.307928809667600589e+01
2.297597159827677160e+01
2.326900107087510250e+01
2.382606208488840949e+01
2.507870883855706623e+01
2.838780432865596026e+01
3.026495558187328072e+01
2.946688336574831268e+01
2.751914528472139665e+01
2.405359652513378776e+01
2.352432476699877029e+01
2.374709211107088436e+01
2.840408037433948607e+01
3.505759037659272082e+01
3.619500622602930662e+01
3.522123971759701533e+01
2.864876548172913218e+01
2.408256960144516157e+01
2.335801446227466727e+01
2.336642021328016128e+01
2.290461851282875116e+01
2.326586079523652018e+01
2.343048611637365752e+01
2.368932455370028833e+01
2.398083539229457628e+01
2.936306078406797582e+01
2.913546007886545652e+01
2.927885338911936586e+01
2.924493979116763143e+01
2.247820533108570729e+01
2.394766695449543548e+01
2.435364518667767086e+01
2.426378564454457987e+01
2.359227555331007764e+01
2.315002310084551951e+01
2.349748597169127962e+01
2.513796556277031868e+01
2.665557333497426384e+01
2.656094049804734780e+01
2.586631311307864678e+01
2.351987648627396155e+01
2.366535745918674394e+01
2.467026948315411161e+01
2.838277130417719718e+01
3.106149367290738184e+01
2.921047900721800517e+01
2.657642424165997141e+01
2.414233701402988430e+01
2.340984874370890267e+01
2.357650051503126676e+01
2.366148666236888687e+01
2.355098128084656395e+01
2.309740159805405924e+01
2.320692664849530473e+01
2.328127664293396748e+01
2.309158892758094694e+01
2.337995667156481616e+01
2.311477980555214273e+01
2.318542262154009848e+01
2.321830062242575821e+01
2.337037496135079806e+01
2.366438492038882302e+01
2.359654111018727463e+01
2.338697039579911419e+01
2.369400878078971928e+01
2.367868914379496559e+01
2.326428665245496319e+01
2.406390141294364682e+01
2.360492605259632271e+01
2.354543218914371039e+01
2.463588755095503302e+01
2.577197028938238432e+01
2.517162198584949806e+01
2.479363727484875923e+01
2.388315434949982929e+01
2.334909745493960287e+01
2.478792225754853007e+01
2.584646460549455682e+01
2.577398515922762456e+01
2.496939870950158635e+01
2.359241053946471922e+01
2.337878232055054895e+01
2.329561618675024448e+01
2.332815648073161796e+01
2.351586830990240173e+01
2.348189810106484998e+01
2.361392893658535286e+01
2.378387215314081971e+01
2.367492100733749183e+01
2.353385471560446973e+01
2.359608169701484215e+01
2.396698932571349516e+01
2.395290238859314869e+01
2.356855961274390054e+01
2.357668591153374038e+01
2.339374650939601707e+01
2.395448398176877447e+01
2.380475218465483067e+01
2.352815481090560823e+01
2.381762063148931929e+01
2.395144059115148494e+01
2.440736486423842422e+01
2.431599027309803063e+01
2.477820484888119523e+01
2.529994869389415513e+01
2.554722644258696818e+01
2.546339719530812218e+01
2.595446046887310487e+01
2.544385037910383929e+01
2.550878807529399950e+01
2.576711683495556571e+01
2.529512711553782012e+01
2.564749678254763410e+01
2.596608111139352815e+01
2.513845425491310692e+01
2.438443107848118885e+01
2.433335774986854716e+01
2.458276977373732208e+01
2.449927445043640972e+01
2.446600039484339106e+01
2.431125616387916821e+01
2.423203623812891294e+01
2.395606853698328109e+01
2.339028012399846546e+01
2.366812762781909640e+01
2.358713099574362104e+01
2.357842414295735267e+01
2.352150614545773166e+01
2.387783372864711140e+01
2.357057629376400243e+01
2.328366983318886696e+01
2.356478461553767900e+01
2.357794104481152431e+01
2.410837165302182328e+01
2.415118798781644571e+01
2.370006677359875980e+01
2.423573553880498466e+01
2.425003549703071215e+01
2.411391365288809396e+01
2.381008711830747515e+01
2.924902835825148273e+01
4.115320056632594259e+01
