3.387953629122034727e+01
1.248053395858174923e+02
9.605142386218903994e+01
1.530303461104019789e+02
1.270323879447052491e+02
4.868196492915880214e+01
9.659671676417369213e+01
-3.511601059053086971e+01
7.915427066268924250e+01
1.739615758716498419e+02
4.733300775984235287e+01
7.039185498991400003e+00
6.783683002192277911e+01
2.291927910578430172e+01
1.181657815454310878e+02
1.097377661870697239e+02
1.035401456106372535e+02
-4.131221712825088588e+01
1.616848675901131855e+02
1.735365831623652184e+02
1.876121102795536899e+02
-3.096947452320570804e+01
2.242443475949238874e+01
9.436722636809570020e+01
1.231493063595247150e+02
2.098072589373294647e+02
-3.037128646313421054e+00
4.167336996818479378e+01
1.062336831479387911e+02
-1.306116225153299126e+01
1.745649394334062663e+02
-9.385181878756695539e+01
6.173946148819609192e+01
4.071018845145975007e+01
4.258168186684452650e+01
1.160803862606271366e+02
1.142160330235101640e+02
-2.579063756620806913e+01
1.945626687491814550e+02
1.813258952651788718e+02
8.083392083635496661e+00
-2.864461578816057141e+01
5.767757722850824109e+01
1.170225236428079256e+02
1.188231427772435751e+02
1.306116970496073577e+02
1.010001265252962384e+02
1.048944138439741067e+02
7.901890242528180508e+00
1.490012544568665298e+01
1.508553050905432542e+02
7.627264114127670780e+01
1.233858865605670019e+01
5.863561111918430413e+01
-4.805325106438788296e+00
8.171864956738632557e+00
2.453117633103396855e+01
-7.077080346665272970e+00
6.644683968850286249e+01
7.725048600459855663e+01
1.141666481339029104e+02
1.544322617729030611e+01
9.790312165516726850e+01
5.519719839582489840e+01
1.375268875764971597e+02
1.669043118162095141e+02
1.014674376451339413e+02
9.458110776378251217e+01
-9.721838505278081755e+01
1.822851005360744239e+02
5.148530641732185131e+01
-3.401164951556149418e+01
-2.777242649063654056e+01
3.348802726688178666e+01
7.655846159254485883e+01
1.065873792379114491e+02
1.066568780776760548e+02
4.371438477249849086e+01
8.566926149336745766e+01
3.753754411512361600e+01
3.603659348756747249e+01
1.159110454025828005e+02
4.843116984697820726e+01
8.102809953452432978e+01
1.172421910484063545e+02
6.983328631505854389e+01
9.436438085744755710e+01
1.331551162964454988e+02
8.138686802674979237e-01
7.360241606734008712e+01
1.184140663560650069e+02
1.110710021621540449e+02
1.628436937830997522e+02
9.411387209317166480e+01
6.899624696951258329e+01
9.741726884912454310e+00
7.170131376539937662e+01
1.520072341934628355e+02
9.022865617985900144e+01
1.555491780688690255e+02
1.521004452358269248e+02
8.056927835440156116e+01
6.193768167824951831e+01
3.923450181655424984e+01
3.619395655637808318e+01
4.582965642853030630e+01
8.129943050926627279e+00
7.141277366071582833e+01
-8.760961888840506973e+00
-3.612247655524332117e+02
-1.806651713091328304e+01
4.324393246303598204e+01
6.537848588962667407e+01
1.382800364904090884e+01
5.962501839800189174e+01
-4.868110223681246573e+00
1.145857003230322135e+02
4.975273557453363793e+01
1.190577130478663435e+02
2.380272534010370862e+02
1.621032635836319002e+02
9.653623959429783952e+01
7.609285951943508053e+01
3.686283721527482982e+01
8.904518121208245418e+01
2.065831299001815466e+02
1.930529626501424900e+01
5.716597441838569438e+01
5.350204415785643164e+01
8.052363172506080957e+01
4.983121195270056347e+01
6.475696641868378833e+01
1.634185912964903054e+01
1.766133639944639242e+02
1.512785067690024619e+02
8.790581633276867990e+01
1.186811320936266014e+02
5.461495133781540545e+01
9.159765791218531206e+01
1.159812876643223518e+02
5.450538055519534453e+01
-3.233206395109647246e+01
3.643048432367038458e+01
7.065647508286640743e+01
1.678971108462522466e+02
1.116747477216789122e+02
1.260567622935496388e+02
9.937107838221292866e+01
9.881557991966910492e+01
2.064371477726385535e+02
3.361153910035245218e+01
1.584666503133876176e+02
6.542450135954123880e+01
-1.059640547190890203e+01
6.238595366609922621e+01
1.283445876396365009e+02
4.842837584502529324e+01
5.432908719037149581e+01
1.713102619592363283e+02
1.179724108436638232e+02
1.136443072598238757e+02
2.217601162718317198e+02
7.034480139221896877e+01
6.273909577240402058e+01
1.381909479051635117e+02
-7.660580377378959582e+00
6.004832724316612769e+01
1.392060451590307650e+02
2.818309873098947804e+01
1.280248970934696899e+02
1.938214348657682251e+02
3.699351730461896892e+01
6.625669925397932047e+01
8.245748563910561302e+01
6.347004723462365661e+01
1.810925766320169572e+01
-1.819030954006504075e+01
1.672142992203723111e+02
6.241238257148874169e+01
1.141536864161728175e+02
4.962170901885669849e+01
9.775086073764359185e+01
1.592829648271619760e+02
1.238092612276669939e+02
2.258773572301266697e+01
8.661512855373466380e+01
3.935671397084706769e+01
6.335555224419670139e+01
1.099665967744647617e+02
-8.033637541110202562e+00
1.163710673172715531e+02
9.643357702185797109e+01
6.595530249109364718e+01
1.487927909949574428e+02
8.200326596843632387e+01
1.258262949757448865e+02
3.002397349794578929e+01
5.831017556613708308e+01
1.480707463799081438e+02
1.818883613056364936e+02
2.387026346916706530e+02
2.775764922128603303e+02
2.757301648069546331e+02
-9.543809939345871385e+01
2.106068634949858165e+02
9.810892495507076205e+01
-1.920850161527364763e+00
9.715451542692542830e+01
1.074472677778840364e+02
3.113766879891198514e+01
7.211048251294897682e+01
2.899188065454737995e+01
8.070642966008298913e+01
3.585122806925187433e+01
6.632810809989938150e+01
1.733863957369867421e+02
7.968364158617546877e+01
1.196051137087961820e+02
1.674005352946383951e+01
6.423168973392722414e+00
9.054183487135948383e+01
1.092393231984149651e+02
4.991777732673835288e+01
-1.829830491981850216e+01
-1.250971056377570712e+01
7.902156481726397885e+01
8.288084620218377552e+01
1.634930856647691542e+02
9.734939388526190385e+01
1.112178416605633373e+02
5.197418859000680413e+01
1.180636399050578973e+02
1.334843159578439327e+02
5.848847395485895362e+01
1.056342319064984849e+02
1.989635779294932547e+02
4.005980443625173848e+01
1.253122854666248145e+02
5.960728576612145702e+01
6.169977898111076087e+01
1.776363152848523725e+02
1.177435059121755074e+02
1.829929642907134166e+02
8.548701518363887430e+01
1.973135234763341828e+02
2.543391397464324371e+02
9.914457469868911232e+01
4.721758541628031480e+01
1.800562631176347850e+02
4.784306901296663028e+01
1.012070750389689806e+02
1.285401963925877737e+02
1.430378659617706774e+02
3.768964638435356562e+01
3.636332422619155835e+01
2.124980426822884283e+01
1.273705660745327961e+01
6.214217839075107719e+01
1.081412047719102674e+02
5.221944328694382165e+01
1.468802135446660770e+02
1.565271458683202184e+02
7.388966584305222796e+01
5.825742610342032890e+01
6.300503880132650636e+01
6.371724214421508492e+01
6.904425220330323043e+01
2.374497472225204149e+02
1.307640301509164829e+02
4.960651955755189135e+01
2.254010788693599352e+02
1.158253160412818801e+02
1.069455830418688720e+02
-4.950148729967676076e+00
1.239310820231410872e+02
1.286033394279518518e+02
1.057929583510438505e+02
6.134938672011896443e+01
1.624195184368538492e+02
1.262104146313425730e+02
1.726677738570580516e+02
7.384418939878204924e+01
8.721951442494516016e+01
1.077066886687258886e+02
1.105986181658327752e+02
1.600761126967142047e+02
6.529925713500635709e+01
1.241962164749999999e+02
3.444609446338093761e+01
1.409711867094748641e+02
6.453987733275721439e+01
2.124935023827804415e+01
3.682346897019485965e+01
6.450627305139272494e+01
3.483972378037681494e+01
1.002720046121278585e+02
7.641438609978244756e+01
1.416943155340199496e+02
1.790460292804485505e+02
1.462630184501155952e+02
1.243763572744881429e+02
1.273798090797258880e+02
1.551566824716308872e+02
1.182557328724273447e+02
2.036719539805178272e+02
1.246502931940149352e+02
6.041430031779190557e+01
1.459001590969592996e+02
1.913247835246315560e+02
5.661715370723264584e+01
8.505712317123823141e+01
1.314487855046017728e+02
4.552214761017782507e+01
2.010718747302283873e+02
1.637329583882068960e+02
1.496206761186294898e+02
1.162323827205538862e+02
1.867843246568730819e+02
1.684854453237107066e+02
1.846218120725678773e+02
1.270001391026122519e+02
1.072912478931278173e+02
1.165100359490405992e+02
1.225654496220234648e+02
1.444283848850147649e+02
1.220675785976150820e+02
8.489939135353563415e+01
1.271820732552256743e+02
1.857751067383826538e+01
1.196507397666542261e+02
5.054556985171260663e+01
9.896169844755971212e+01
5.053918945262060447e+01
1.427873837214357877e+02
1.392676973438318271e+02
1.091917238795497695e+02
1.351917853853913698e+02
1.301852903047717120e+02
6.522633523152529733e+01
3.236061798431425274e+01
1.408032792259559756e+02
9.997739542208866226e+01
9.388336014358050363e+01
8.005353584923113885e+01
1.128504020474871794e+02
1.311291499383492862e+02
7.284813712436779554e+01
3.524208690980447045e+01
1.058289628316685622e+02
9.554806809423955372e+01
1.753759036845014805e+02
1.717231201235245805e+02
1.851931707021774116e+02
1.518829538412769580e+02
4.653572631421413774e+01
1.399184897161671870e+02
1.516364738226875204e+02
1.683085210423271860e+02
1.711801343631509837e+02
5.833999275421234643e+01
1.875253841502514547e+02
1.968320822675701436e+02
2.149315696442243109e+02
9.391292259555044097e+01
1.354325190184619601e+02
1.591541777578039785e+02
1.398788856578542266e+02
1.408736074200060386e+02
1.307263317266514946e+02
2.919911059222749827e+01
1.860738237923725649e+02
1.211673392772551239e+02
1.256791440636898756e+02
7.666960736707903834e+01
1.106715309839254786e+02
2.885163061356283265e+01
7.046821428549262123e+01
8.118562591948234797e+01
7.556640186686492200e+01
2.127440625808823995e+02
8.073555850881717788e+01
6.465846842295529484e+01
2.343756153373402356e+02
2.280068556161136542e+02
1.271137971313969928e+02
8.900067794996147086e+01
1.100235669001945666e+02
1.333505661710952950e+02
1.864740885676542064e+02
1.576534966846556642e+02
1.095106985506379260e+02
9.606458736519418551e+01
1.673495822336197421e+02
2.238152152140332589e+02
1.193734397544646555e+02
7.611598527454891894e+01
1.789441494961432966e+02
-6.355671337617807559e+00
1.397613644094051892e+02
2.460200210129661116e+02
9.505241808544823812e+01
9.708109945950535291e+01
1.640252017195656435e+02
8.348727278727537282e+01
1.468927353284815638e+02
1.110199854876313452e+02
1.343402646519294876e+02
3.185543248712408371e+01
1.208971226150142542e+02
1.247250583359039808e+02
-8.229318545879131364e+00
1.530672901781676671e+02
1.064612409396310397e+02
1.521898226679352035e+02
5.607651690718025606e+01
2.138427263718432982e+02
1.617987114348775890e+02
1.855028715240378006e+02
1.702798822630137465e+02
1.946940961907848191e+02
2.232448029660301643e+02
2.408053051158778146e+02
1.883777771521202169e+02
1.846541253041671951e+02
1.761339636901462029e+02
8.571127595831856638e+01
1.540932733474988368e+02
1.700363337590802928e+02
1.621965234004643719e+02
8.264841817604248320e+01
1.640940627694566558e+02
1.052689356778606822e+02
1.412293519699830142e+02
8.727321067752060912e+01
1.351619929862175127e+02
1.692588939203959342e+02
2.085076428413981091e+02
8.966257400164050750e+01
1.221785346166944208e+02
1.420004978682821388e+02
1.279502275013418995e+02
1.409011049243640059e+02
2.020015540688487476e+02
2.257388814118717164e+02
1.910425371559993266e+02
1.795761833556070997e+02
1.554430638550603305e+02
1.305242294475579854e+02
1.860261662415773287e+02
1.258084514215046568e+02
1.415745926813790732e+02
1.975501866846422843e+02
5.086504876989688739e+01
2.300119622088939195e+02
6.749917836249449010e+01
9.445000556626587240e+01
5.731953900216293363e+01
1.563828497107668909e+02
1.038189350000516100e+02
2.424357918592761223e+02
1.145299795307662123e+02
1.516441462871922852e+02
1.737426710213472347e+02
1.835079785850523990e+02
8.782703854389751541e+01
1.418077462159662616e+02
1.859030645212879449e+02
1.881842351292399655e+02
6.550837997818767633e+01
6.792492664227897592e+01
2.667055618679978011e+02
1.716716281989182846e+02
5.005580717111321576e+01
2.009745523412695434e+02
1.612781148346024054e+02
1.777898727113784219e+02
8.991483645600027330e+01
1.733917412598463272e+02
1.678655539463285038e+02
1.845985338604702690e+02
1.353427937139805692e+02
7.733859983955683504e+01
9.981695498715276926e+01
1.525724882118632308e+02
7.701019843491754102e+01
1.615689668770247067e+02
9.393378097617832623e+01
1.000331340552403248e+02
2.395254993666798100e+02
1.498840823141480882e+02
1.776386486623294445e+02
8.895082086224353191e+01
1.010414489927504178e+02
2.046423104305884806e+02
1.806380991322990894e+02
6.618221991441821217e+01
1.414590158417647956e+02
5.805154196260855315e+01
1.116604224384317234e+02
2.163102819568066479e+02
2.191908479135563539e+02
1.191379455265770275e+02
1.334496184265306624e+02
2.443443819768572212e+02
2.196136341720844030e+02
1.715213773097792966e+02
2.002830732561313027e+02
1.516420979525005066e+02
2.191581523014739332e+02
1.239076160975579484e+02
8.382738563380883079e+01
1.253637754799817827e+02
1.254919595376535000e+02
1.860218265002149849e+02
1.663608668758839144e+02
1.423264000573566364e+02
1.426112116181187162e+02
4.827348436208423266e+01
1.346014412322787166e+02
1.537336934499136021e+02
1.072005088132159756e+02
1.475922105050117352e+02
1.520921632334457172e+02
1.092591171449879681e+02
2.185632254396855387e+02
1.242247737243556713e+02
-7.668993398146393758e+01
1.095816240302193876e+02
1.968300476319357415e+02
1.849183083787951318e+02
1.097356717305595737e+02
1.625963266205006619e+02
1.807301193974965656e+02
2.422770029448226126e+02
1.091862291263277456e+02
7.312520708486395904e+01
1.300030978077416250e+02
1.517382517418843406e+02
1.476422870800349472e+02
2.158663604719016007e+02
1.556399565260831253e+02
2.036740018814140001e+02
1.130114472459184469e+02
1.151282629356818319e+02
1.358888293620813101e+02
1.862366260947381704e+02
2.138123687135208968e+02
1.509431287907816284e+02
1.345942518807618171e+02
1.534868872512799953e+02
1.301299177141779353e+02
1.776345183323553556e+02
1.992407621666324644e+02
2.270192049166063555e+02
2.010075621384543467e+02
1.685231748630543791e+02
2.186347684965456892e+02
1.834163360963177354e+02
2.407830512008960682e+02
2.835063373026214322e+02
1.553344941500545531e+02
1.482718233627227846e+02
1.761649996070178759e+02
1.072350003017718620e+02
1.395659842765167298e+02
8.137585482592339758e+01
1.687793859697939070e+02
1.971456801754596029e+02
2.192894252896298326e+02
1.620070290773749377e+02
2.129350642214361073e+02
1.590844143221640365e+02
1.787304177644355150e+02
1.852240246178048722e+02
2.008170275259871858e+02
1.767471377666759622e+02
1.896945311014655715e+02
1.263170714863106241e+02
1.320143170058876194e+02
1.410829995100076246e+02
1.788606643840704749e+02
1.426319811447829693e+02
1.677959932097760998e+02
7.364953316194400657e+01
2.114879449493810739e+02
1.857920903249860203e+02
1.786394796262325713e+02
2.529973575930191885e+02
8.588175173354683523e+01
1.856084030859154552e+02
1.954103918108151845e+02
2.049584263886885651e+02
2.024989488029422660e+02
1.453671868627783397e+02
6.891915805793885852e+01
1.154378154992160717e+02
1.401979166100753105e+02
1.686373268828363905e+02
1.205752245654974928e+02
1.695321452108172764e+02
1.323571155907632715e+02
1.610341248789928272e+02
2.060371409404396275e+02
2.014954437682302739e+02
1.720717248117468614e+02
1.339013638391610357e+02
1.583102322514979505e+02
1.003151726098485597e+02
2.549142527987587812e+02
1.293619198301753954e+02
2.423238072726950634e+02
1.157668166065636797e+02
2.482797381708177227e+02
1.571399874938381060e+02
1.959574559275976924e+02
1.652797336286395762e+02
2.374522590608156349e+02
1.615042491792712553e+02
2.097663223603979645e+02
1.257302719061415957e+02
2.567187664942566698e+02
1.911495950816347715e+02
1.394988130771532440e+02
1.689130777513112491e+02
2.130518592411559382e+02
1.832851327358625610e+02
2.295488620198356386e+02
1.254854984161981974e+02
1.647604513508097170e+02
1.437514721384710299e+02
1.523614888574469148e+02
2.208480471097902296e+02
2.118380243131883276e+02
2.137604739964104965e+02
1.553686950091551751e+02
1.827287660392447606e+02
2.140311127637572213e+02
1.625693591244915410e+02
1.071325342792526669e+02
1.730033965583709517e+02
1.583607326933672539e+02
1.573602789216377005e+02
1.707440848859930611e+02
1.468210564929634359e+02
1.851361342521564950e+02
1.889806492538189389e+02
1.756886594875645073e+02
1.135555530649532017e+02
1.112572027346696331e+02
2.200288980236537952e+02
1.784192601894854704e+02
1.235212377688910266e+02
1.652297089019315592e+02
1.167778492186864980e+02
1.464475286731786809e+02
1.411529073726575803e+02
1.724208866808997129e+02
2.386563412921971690e+02
1.412031672044562072e+02
1.628401294721466570e+02
1.253630795218913079e+02
1.927612455553310724e+02
1.118304553141633164e+02
1.495614328421836206e+02
1.119014804124313969e+02
1.220162170188198161e+02
1.002631385771460089e+02
2.043023278571098444e+02
1.723749031576970197e+02
1.512387968013552495e+02
1.461386825512548739e+02
2.004063898574413258e+02
1.250043965481614521e+02
2.136554740291567214e+02
1.781350179056969409e+02
1.937303385596496526e+02
1.904013273198834781e+02
1.219622225768720938e+02
1.911411391719919095e+02
8.868563429934152964e+01
1.329117531426605865e+02
1.876551746353646877e+02
2.234501585790358718e+02
1.521400623905777536e+02
2.009003056039033481e+02
1.303908044465757712e+02
1.304743107207140156e+02
1.396940442955754520e+02
1.437207710756359518e+02
1.481077693859958231e+02
1.891905495638643799e+02
1.030631063504082334e+02
1.682952680904047895e+02
1.168048087391564138e+02
1.514285206737406781e+02
1.744810534541620370e+02
1.628891778156215366e+02
1.956283910020358121e+02
1.087365623208156791e+02
1.311917183254567760e+02
1.548625479560781173e+02
1.360212062845667731e+02
1.587778536803773193e+02
1.387486740796599065e+02
1.453026162058923205e+02
1.292882156708389232e+02
9.880665860400011979e+01
2.628429846281037499e+02
7.557850162890012768e+01
1.468487701505466418e+02
1.759778891481199992e+02
1.507489077366638810e+02
1.862797509798485862e+02
2.441226117552445487e+02
2.517963525529523281e+02
2.017948706868204454e+02
1.611262958617706715e+02
1.487825336307039095e+02
1.644713986191702872e+02
8.508782826495314566e+01
1.489991654561814016e+02
1.852784500675041670e+02
2.445683314343280585e+02
1.817522377718987059e+02
1.977247433675282196e+02
1.546144364967470040e+02
1.446835245548052171e+02
1.298197777219069451e+02
1.467324825347973558e+02
1.657447621183815727e+02
1.787648118917365707e+02
1.967514393707622560e+02
3.010794911686746786e+02
1.797366788566112916e+02
1.813601224803170737e+02
2.355388752166527695e+02
1.482600053613649322e+02
1.148978930543992476e+02
1.910042300630919669e+02
2.086402273558502714e+02
1.597291045471823168e+02
1.945146742882033664e+02
2.047420148333060013e+02
2.266267822682133897e+02
1.337052828627035979e+02
2.009506783811616799e+02
2.224943584923843503e+02
1.642066970321991448e+02
2.428426923546185776e+02
1.567740574226436649e+02
1.921618922819439206e+02
1.732456409985465484e+02
1.715290744869293746e+02
1.945568380087063929e+02
1.709834176525722853e+02
2.029682602897507024e+02
2.064319493678695210e+02
1.112573558537055618e+02
2.272437083994460352e+02
2.492751368857001637e+02
7.610571935479312344e+01
1.634897739765266067e+02
1.514492145677949964e+02
2.312879092320448251e+02
2.658712262952944911e+02
2.012799488348453849e+02
1.872603492925769046e+02
1.658962931853468774e+02
1.947466469940350464e+02
1.976626394730144796e+02
2.523954948671028831e+02
1.445749805067236764e+02
2.157698408914295101e+02
1.698179303775118285e+02
1.601366962169080068e+02
2.038088730825220694e+02
1.874079881552818279e+02
2.193288613762167074e+02
1.686263499307976588e+02
1.755632854984581570e+02
1.965354376568503199e+02
1.566971556403513546e+02
1.952745476013737687e+02
1.381039753978332385e+02
1.719565629247804566e+02
1.850643533613245779e+02
2.087374309320653936e+02
2.172545160610343657e+02
2.404886040441783450e+02
1.988663542075287012e+02
2.117173164193362140e+02
1.375406449517906822e+02
1.017040910660222295e+02
1.630098511598485800e+02
1.322145494634048077e+02
1.542221851107233874e+02
1.772266676704822146e+02
2.003929779862914131e+02
1.694347201149004718e+02
2.262703903442226760e+02
1.554994295375324214e+02
1.449192529090082360e+02
1.441289523376941588e+02
2.237538108468004623e+02
1.362665298918135477e+02
2.162776491818102329e+02
2.012865428190452235e+02
2.176364018482306903e+02
2.333732147996455808e+02
2.236317451283098592e+02
1.796034727622853211e+02
1.381599812518671513e+02
2.540727225554484789e+02
2.439672933761904687e+02
1.875098235469610586e+02
1.214386220447694029e+02
1.872810868218023472e+02
1.875604649471726759e+02
1.234582696175442749e+02
1.418816561702404329e+02
1.719555524865158986e+02
2.655016664103850985e+02
2.351383475767537448e+02
1.470822030525363004e+02
2.534267299566946576e+02
1.736924680108223242e+02
2.241400251169186788e+02
1.799047925423499237e+02
1.871305120382914993e+02
1.480196460657733439e+02
2.071084324545113304e+02
1.190790995936061449e+02
1.944951131865502987e+02
1.788088520418164080e+02
1.604618062987346434e+02
1.266022983916502511e+02
2.124714251899712565e+02
2.395114274263846141e+02
1.947034463892797191e+02
1.579519610270187400e+02
2.433662968529328623e+02
1.460282833243509231e+02
1.759495057771575262e+02
2.144478121149520007e+02
2.121563010958294342e+02
1.801418914577309067e+02
1.780375273388034145e+02
2.081619018288335212e+02
2.558365686998012904e+02
2.220785833976511583e+02
1.876920922651599426e+02
2.468477646556767127e+02
2.444500625405492258e+02
2.008766193771328403e+02
1.415179629506688173e+02
2.341605979759875709e+02
2.121009365241622788e+02
2.642515699740538935e+02
1.916619707164817328e+02
1.516621064981952713e+02
1.810177686680008833e+02
2.333810065115425516e+02
2.320699054007511108e+02
2.759277200286325638e+02
1.737165716118686873e+02
2.075613988048345391e+02
2.007231974092766222e+02
1.615903452132761515e+02
1.713269432997776676e+02
1.998768471350172717e+02
2.016558451101973333e+02
1.850846671065973226e+02
1.603771041865258837e+02
1.880171397177772974e+02
1.929986098762394420e+02
1.493806251560834255e+02
1.642463396103900948e+02
2.202891332583262738e+02
1.631689485146980019e+02
1.855235799984253049e+02
1.818846898023321899e+02
1.973246892781712916e+02
2.605334709587855286e+02
2.431978956708838666e+02
2.035453590360634450e+02
1.292523611364611327e+02
2.021718569034626114e+02
2.110091261458181009e+02
2.044425335390393741e+02
2.039304206576530021e+02
1.875868131257101084e+02
2.143050188033028292e+02
1.863340556762438780e+02
1.166305929612119883e+02
2.350271593205791021e+02
1.725499865347453010e+02
2.123333578501392367e+02
2.306998371648467128e+02
2.128586315275705942e+02
1.932511045032628658e+02
1.671820387436237070e+02
1.339309314748624047e+02
2.095140451412838729e+02
2.442758089163000363e+02
1.779217598266928064e+02
2.435537850086745948e+02
1.718687908956997319e+02
2.383203746256853890e+02
2.263755860415625705e+02
2.024841178057855302e+02
2.257478671042637188e+02
2.131116394015441529e+02
1.453096094043553137e+02
1.696172862617460169e+02
1.655134399496070898e+02
2.255867193845461145e+02
2.146724337203885113e+02
1.916299936783677538e+02
1.976551394973742788e+02
1.689417251919934415e+02
1.897501128950162865e+02
1.527450253343584734e+02
2.606394674931132727e+02
2.290685717047163337e+02
1.919259972402211645e+02
2.434900813134474902e+02
1.497922017341022354e+02
1.960069841447139822e+02
2.387477382457451256e+02
2.229629075589398894e+02
2.447217610953532585e+02
2.240422519922669267e+02
2.171276201577996687e+02
1.487751899839718419e+02
1.859024634531257618e+02
1.874331778688340933e+02
2.323536538528263122e+02
2.784438014832114732e+02
1.297985941698273109e+02
1.724449092239735535e+02
1.281225022145360697e+02
1.798963979671269158e+02
1.771678646814945068e+02
2.269687804585509241e+02
2.342406477187742837e+02
2.057218707842270362e+02
1.762079780700490517e+02
1.608957954134790214e+02
2.159699542279074080e+02
1.740687261907332015e+02
2.196810123394292589e+02
2.071948693417674576e+02
1.787461211154725902e+02
1.870254918869138976e+02
2.413523423748804078e+02
1.639326179377042934e+02
2.860151802919291413e+02
2.357399090844795921e+02
1.461506617919078224e+02
1.286742109518959296e+02
2.202345209033208846e+02
1.618089347746746398e+02
2.491650238108899487e+02
2.536288260082913553e+02
2.497742358652313328e+02
1.862401368524325278e+02
2.214665007452348675e+02
1.855603412229592948e+02
1.885563041522627259e+02
2.279619881121565186e+02
1.454224171729250088e+02
1.973263919082355642e+02
2.167160972722761585e+02
2.703627368963822732e+02
2.321622248404839581e+02
2.098807658918516097e+02
1.588741208076002067e+02
2.151945711333616771e+02
2.470905290186976515e+02
2.329446564396391466e+02
1.826363586552859601e+02
2.219430950593058469e+02
2.100384825106997937e+02
1.742685102158925758e+02
2.262493177452131192e+02
2.398991111163570906e+02
2.663067415395605622e+02
2.008062963343991782e+02
1.954933863975666952e+02
1.993549082134782680e+02
1.952999820935026776e+02
2.245926513331012870e+02
2.076654355419484546e+02
1.591557249381367569e+02
2.524013951384695815e+02
1.866561275774118940e+02
1.980031278598303857e+02
2.084975090232962600e+02
1.882527037568733306e+02
1.886220614767061647e+02
2.056394198588843096e+02
2.392327129081425028e+02
1.987003148301574242e+02
2.388881131205086206e+02
1.982984709367030405e+02
1.901627249676324141e+02
1.781090907714711022e+02
1.874940728481604424e+02
2.319450213473577094e+02
2.547648944981723957e+02
2.123141801297508380e+02
1.967813736325437617e+02
1.986420969210562646e+02
1.745114375941176945e+02
2.225433921414813199e+02
2.361402002956353385e+02
2.024990927822481694e+02
1.793313486362583262e+02
1.643634880120250727e+02
2.466107399073396209e+02
1.957520988180373820e+02
1.778031322509076801e+02
2.417280499052892253e+02
1.705885688558763889e+02
2.156316295214942613e+02
2.017909163912517272e+02
2.301921824629314415e+02
1.981588642893733834e+02
1.792134888739678047e+02
2.062883617892647976e+02
2.431557570514209488e+02
3.215049735712686925e+02
1.844352362243582490e+02
1.650766934227044658e+02
1.783548686238752907e+02
2.140103207159357623e+02
2.291124413859479034e+02
2.037026698741512973e+02
1.822797717627207135e+02
2.472951588484172021e+02
2.513556599553393198e+02
2.449295051704349646e+02
2.381250803051918865e+02
2.349706213056204831e+02
2.485205068603723930e+02
2.438972280304110143e+02
2.096953231036232523e+02
2.555731377267679818e+02
2.062869827101775115e+02
1.257870702106882987e+02
1.922157744136817143e+02
2.325821207720632060e+02
2.107736127890692330e+02
2.288787518128623617e+02
2.506316914911831475e+02
1.969006315183769971e+02
2.001348193146454548e+02
1.766811602812971671e+02
1.868191822464604002e+02
2.036968333089203895e+02
2.686697872877209079e+02
2.309513502541032040e+02
2.553144664236280050e+02
2.436071989741058132e+02
2.196765037347750535e+02
1.929295805588348571e+02
2.071988065527467313e+02
1.730826717811140156e+02
2.032657994366444427e+02
1.965460058118736697e+02
2.259745253075206790e+02
2.395603346559383624e+02
2.114959117240656212e+02
2.179152616089437515e+02
1.623612002253671278e+02
2.989235545593162442e+02
2.153712875140278982e+02
2.181287222783934112e+02
1.650924122165585572e+02
2.059239691988686616e+02
1.991011383839515929e+02
1.920999864119432061e+02
2.310116172673307915e+02
2.569390122487094459e+02
1.798033192746433144e+02
2.520197125506352052e+02
1.681711186153999620e+02
2.570971395118139071e+02
2.360483917580754394e+02
2.540543392164530871e+02
2.577181980338601761e+02
1.675425809183666388e+02
2.087654144392780324e+02
2.672108612224063791e+02
2.703506622857656225e+02
2.980140372322622397e+02
1.668258809983500726e+02
2.210074013782161444e+02
2.500272842435293796e+02
2.729354408021191603e+02
2.031393922084008921e+02
2.756780391641896131e+02
3.054228404816810212e+02
2.319542969036496061e+02
2.604992037332896757e+02
1.500844081286807921e+02
2.114803854498818225e+02
1.423528338578506975e+02
2.595685240567130450e+02
2.391092275341008531e+02
1.856975347879695732e+02
2.134667705084079330e+02
2.232264387641720589e+02
2.601673429541354494e+02
1.725997340177633816e+02
1.840347441778355346e+02
2.156376272355225012e+02
2.346535134145562154e+02
1.800904966418719084e+02
1.762715604180630748e+02
2.517530502204132290e+02
2.102094131401702839e+02
2.028183232650015668e+02
2.066856391348791817e+02
1.805823145835676655e+02
2.013570497831883870e+02
2.029587540158943000e+02
2.486535235651081166e+02
2.209264277703628068e+02
1.812387110141736173e+02
1.461166529477819154e+02
2.196739943625499336e+02
1.935112751082155569e+02
1.927856663698786690e+02
1.571992426885026930e+02
1.847139025592643122e+02
2.297719950422483066e+02
1.631329284585250150e+02
2.286257338597301896e+02
1.092105273188355596e+02
2.319240541332593466e+02
2.096406217239907335e+02
2.545992442594283602e+02
1.683083285635054551e+02
2.310241697435069739e+02
2.692072388323583709e+02
4.129889514334650471e+02
5.859678497733333415e+02
6.677932886469520781e+02
4.461945009810740430e+02
3.616007481956143579e+02
2.339635607342614207e+02
2.100263273852788188e+02
1.591953152487218972e+02
2.165814181958438667e+02
2.442105666385886593e+02
2.304127467082823557e+02
1.870287641352595074e+02
1.674535807335689128e+02
1.841992194977630390e+02
1.697092892140584866e+02
2.626385915027292413e+02
2.364151648382136557e+02
2.138845101354427527e+02
1.724153191286526408e+02
2.232053396451061360e+02
2.208068721254278444e+02
1.624234550939400208e+02
1.968239738318233947e+02
2.164346299788202259e+02
2.147086107643937396e+02
1.987118375246673736e+02
2.049733307363208894e+02
1.613051954514391753e+02
2.439501274439337521e+02
1.949253980578617131e+02
2.381954388999197363e+02
2.671378089185563454e+02
2.469308959807817416e+02
2.251797536782678719e+02
2.313481052258810848e+02
1.913891756585490782e+02
2.616206599274692621e+02
2.327847534404727980e+02
2.475611115390665020e+02
2.126475659515029122e+02
2.031585065647388717e+02
2.143646127720527375e+02
2.468091555873149616e+02
2.030933132813409259e+02
1.914785769170653964e+02
2.050282636850063795e+02
2.261019057135673620e+02
2.424353647453670817e+02
2.142632929655732141e+02
2.217466248875431916e+02
2.474218439784443717e+02
2.581500326882853642e+02
1.933907383601165861e+02
1.828688000862024126e+02
2.255279741059852370e+02
2.336229895774642387e+02
2.575778015268519425e+02
1.866928237554940608e+02
2.388245904072948917e+02
2.272227520525787270e+02
2.326463271898700498e+02
2.372367774055699101e+02
2.133562961764239105e+02
2.163024405793656513e+02
1.692510775584617875e+02
2.658171565743916176e+02
2.569206993908109666e+02
2.205625819918011814e+02
2.193286803068150448e+02
2.764447390043213204e+02
1.952650482896587505e+02
2.646108763420454579e+02
2.344821015893394360e+02
3.103353944986541251e+02
2.267185061074121961e+02
2.316452639100852480e+02
2.160556928941066701e+02
2.112659770587376897e+02
2.181524166675216634e+02
2.265368014029492372e+02
1.910436825007338939e+02
2.592119754785565533e+02
2.697815219213813975e+02
2.513764996586404550e+02
2.959776346192898586e+02
2.662686188971707111e+02
2.815189651533655137e+02
2.429260238542232173e+02
2.631666734808718502e+02
2.507563482583857990e+02
2.228052090623182551e+02
2.707024269806775578e+02
2.620370920300993589e+02
1.977716875743053038e+02
2.267678581802427402e+02
1.883557456248166204e+02
2.176259999819371274e+02
2.378455001869491809e+02
2.197234788404489620e+02
1.808335521391420571e+02
2.015452854116504113e+02
2.685780564240208150e+02
1.959563491650609706e+02
2.526624324181103987e+02
2.007320236123833013e+02
1.916318129807751518e+02
2.296259014866467396e+02
2.238180274593132140e+02
2.729735595329104285e+02
1.991073796588939047e+02
2.181267677077992175e+02
2.742760681380829055e+02
1.638008007344971020e+02
2.588992864377333376e+02
2.307135799040405004e+02
2.234949785727444862e+02
2.782407893633276217e+02
2.404069026229697670e+02
2.565759111324853734e+02
2.641118699373722620e+02
2.564503783047991874e+02
2.832510848712559550e+02
3.256696566180878563e+02
3.991419011217495267e+02
3.307483046785320084e+02
3.117876426066231375e+02
2.637581368249753382e+02
2.424861051272012276e+02
2.421702573445977293e+02
2.084245558091746204e+02
2.315801092978091447e+02
2.120225876487666028e+02
2.558213099083024531e+02
2.037478187688975027e+02
2.413347071421201520e+02
2.178073856703831552e+02
2.112256190599854904e+02
1.947789893548924454e+02
2.629994295935867399e+02
2.257363550182244865e+02
1.777808979620757270e+02
2.421912407012032986e+02
2.308303873768641949e+02
1.642986862318099099e+02
2.011060501925492758e+02
2.181631179079241463e+02
2.325412808994813361e+02
2.256546303393278379e+02
2.570818964670323794e+02
2.886634773536962371e+02
2.319011688098946138e+02
2.005847244263082700e+02
1.848585579466458171e+02
2.108990034172936134e+02
2.068417665578893150e+02
2.047074662830156058e+02
2.714540525407461473e+02
2.116253836865377025e+02
2.553139842164326012e+02
2.187608763497706263e+02
1.999368900063836065e+02
2.179767962062414028e+02
2.873811986528235707e+02
1.986284533241413897e+02
2.623810627402243085e+02
2.476997290387510304e+02
2.500516271777465249e+02
2.633738179973439060e+02
2.353825169336837746e+02
2.047937280774923181e+02
2.983871016790177464e+02
2.143383615410174627e+02
2.522790270162658999e+02
2.446401708340098082e+02
1.990774181289610567e+02
2.649768954179869525e+02
2.016593046005897634e+02
1.865606586761823849e+02
2.337450192464766872e+02
2.260077834347120245e+02
2.518870229164271564e+02
2.237436229244674166e+02
1.488198805525735793e+02
2.452202831706841266e+02
3.845816592914077319e+02
2.767905293515390781e+02
1.791883022934893006e+02
2.553716723178744985e+02
2.476959699377671598e+02
2.231313359903033415e+02
2.384372059043473371e+02
2.110682188838757440e+02
2.760822249277683795e+02
2.113945560336330232e+02
2.619309255752388026e+02
2.184555760343077964e+02
2.650630060811843123e+02
2.646195189686416143e+02
2.256064970944754577e+02
1.738146396284256809e+02
2.272003430335912526e+02
1.779548584351877309e+02
2.120720018190268092e+02
2.486439961907095721e+02
2.441666193733666717e+02
2.415216260460141484e+02
2.456475564298350776e+02
2.430138898104972611e+02
2.669144011329526052e+02
2.314424519118869341e+02
2.249711826280773153e+02
2.337847126960664070e+02
2.482090454290477055e+02
2.629232499054373307e+02
1.783968068557282720e+02
2.115583244790626054e+02
2.573662469818729619e+02
1.802529370773384301e+02
2.220549166819609468e+02
2.176420924976804088e+02
2.252648902902585917e+02
1.604759360423431929e+02
2.178857715455017967e+02
2.191210972115346749e+02
1.928607432825785395e+02
2.462327060571315371e+02
2.457416160561431013e+02
2.342044760450800425e+02
2.398807116414718053e+02
2.146081159300675552e+02
2.146767417698721374e+02
1.847964600684236132e+02
1.856982344265711902e+02
2.481478886849910168e+02
2.057876864455823807e+02
2.139587220157920058e+02
2.162078482024546418e+02
2.512389811856060930e+02
2.530373653817498507e+02
2.657173570763021075e+02
2.466200820513976453e+02
2.173770437877104200e+02
2.242766493934211098e+02
2.029747880356130452e+02
2.140624285014082488e+02
2.739860876669836216e+02
2.813848844449225339e+02
1.628607078689982472e+02
2.302176703786156224e+02
1.828838806438687641e+02
2.618422806083020191e+02
1.871118799365168854e+02
1.801753737507495146e+02
2.448523087946331600e+02
2.609086769097277170e+02
2.047465599532412739e+02
2.301201260389425727e+02
1.608805326759963634e+02
1.495534611193541821e+02
1.877598427775258756e+02
1.710308924154950887e+02
2.158830136053236401e+02
1.884825712948533862e+02
2.206994310004130000e+02
2.573247936927999717e+02
2.752232672148629717e+02
2.683097367288348778e+02
2.134616730234186832e+02
2.291183630827798652e+02
2.181751203958505414e+02
2.436515422468608847e+02
1.794514664012772016e+02
1.488259450824461965e+02
1.977226701996626446e+02
1.799541003156456895e+02
2.050038385083970240e+02
1.825061908875455572e+02
2.212126378219857088e+02
1.976617681437674321e+02
1.789536409116111315e+02
2.748036744904043189e+02
2.420241352643437551e+02
2.666166886208995379e+02
2.517365143346404466e+02
2.428633933623020198e+02
2.021687879706345825e+02
2.728309754621587899e+02
2.742433800936974535e+02
3.031461703490784885e+02
2.212263140601397140e+02
2.162819863925537902e+02
2.772863898540402374e+02
2.054424897417928548e+02
2.350953446121821173e+02
1.934823171234413905e+02
1.669773032514364388e+02
2.077075491727009080e+02
2.539819631913153728e+02
1.866378663542361949e+02
2.857801965792788792e+02
2.258857176123923409e+02
2.376415761510273512e+02
1.938603702500923873e+02
2.290774461025596338e+02
2.078351735553957553e+02
2.247519101145132367e+02
2.028618096781938220e+02
1.938853853563333871e+02
1.940197080179853231e+02
2.869341546081143974e+02
2.283880575500898829e+02
2.318631792524798527e+02
2.340986155061556815e+02
2.533309554220973894e+02
2.240507356563805956e+02
3.004529737494627284e+02
2.144318187013364820e+02
2.710515396523219920e+02
2.413696598922458065e+02
2.368330261720707028e+02
2.426867777622200322e+02
2.070524712099610838e+02
2.501799029213225936e+02
1.968046679106578267e+02
2.862660018886160174e+02
1.809935236366004290e+02
1.689755955631272570e+02
2.765745663932354432e+02
2.366351527625677136e+02
2.278006798918994491e+02
2.966936157548300343e+02
2.014591017678511378e+02
2.210525596625025173e+02
2.543389011239797526e+02
2.261109612859299602e+02
2.538021817379708125e+02
1.989632752566887746e+02
2.181087025287966981e+02
2.344894612356458197e+02
2.245610889255362963e+02
2.017046360807475480e+02
1.774358710802240182e+02
2.507188668843496941e+02
2.742904747934665579e+02
2.761982679057067003e+02
2.419905766391194675e+02
3.045715920866467741e+02
2.483510143112757191e+02
2.668144956090924325e+02
2.800354006194455678e+02
2.720360436338722252e+02
2.770591010459305039e+02
2.614751340290787311e+02
2.080402151934121093e+02
2.142011163741794348e+02
2.818445620895155344e+02
2.744014570293770134e+02
1.960763772163760450e+02
2.506189360611269024e+02
2.540340345353239968e+02
2.608925567589007528e+02
2.660101261269356314e+02
2.429343967090679541e+02
3.044079937590809095e+02
2.611662425428075380e+02
2.898932156878186674e+02
2.513626814716570550e+02
2.653475882454741850e+02
2.552598324821709639e+02
2.169712146767981835e+02
2.938653235087512030e+02
2.499550091142678809e+02
2.501038450580419124e+02
2.686766642550336428e+02
2.701842561378292658e+02
3.081198402535505920e+02
2.477091719510855228e+02
2.322503994938441849e+02
2.184471248146060134e+02
2.728278922269636269e+02
2.652255575006550998e+02
1.810831477594351782e+02
2.598824204163170748e+02
2.574957591239389103e+02
1.752614645459466942e+02
1.960794138879408024e+02
2.684790642958091667e+02
2.283150274620837763e+02
2.908994679919102282e+02
2.855453708205195085e+02
2.349542668820092786e+02
2.367587828418393485e+02
2.572837200483006654e+02
2.936195731055738634e+02
1.978334563066271983e+02
2.715774016426977369e+02
3.457590238128961460e+02
2.930613254886289383e+02
2.006310955314757507e+02
2.422840552785748685e+02
2.661997046894172740e+02
2.709328737913125451e+02
2.059075805057592561e+02
2.635821774456770754e+02
2.592222719235877548e+02
3.106017657976278770e+02
2.536187123331368412e+02
2.184324046202838474e+02
3.105231748489734400e+02
2.739575431074310359e+02
2.775516518765708724e+02
2.622194101678287552e+02
2.889386435558417361e+02
2.149268359997119546e+02
2.753946970066637050e+02
3.079428542529972788e+02
2.680364989582066073e+02
3.095458627641770022e+02
2.202372954265962335e+02
2.432314955324907260e+02
2.546610921057057908e+02
1.618654713817503250e+02
2.028644640260981191e+02
2.050815479610806165e+02
2.003114896853559799e+02
1.871167641561935113e+02
1.828550763786167010e+02
1.986857699300948923e+02
1.756248474377144362e+02
2.599341339646841220e+02
2.695933168709265146e+02
3.241083771482633438e+02
2.084902260485375507e+02
2.889571015396107327e+02
2.568267063300338009e+02
2.786406470792327355e+02
2.611222017656874641e+02
3.135748372217176438e+02
2.470200134238904184e+02
2.847957621180815977e+02
2.965559783196919170e+02
3.062053468518489581e+02
2.992933752710928843e+02
2.053596342595600390e+02
2.359607610291093636e+02
2.779250159887681093e+02
2.910463855560794286e+02
2.840360651868123227e+02
2.536909315870635737e+02
2.470616868161632169e+02
2.463304370910263685e+02
3.042022216741767124e+02
2.670676215227718444e+02
2.373732429722768416e+02
2.572186467376483279e+02
2.888064354380669556e+02
2.394090708621431247e+02
2.230830882792422756e+02
2.599581591867807333e+02
2.116623591195340168e+02
2.314817782633857348e+02
2.610609225470985280e+02
2.306463080423494887e+02
2.724888935069320723e+02
2.245501718354828711e+02
3.089296804669153858e+02
2.820822420466298013e+02
2.708827462327790272e+02
2.784296303277037623e+02
2.498957375776001300e+02
1.986327301938838730e+02
2.351445226785930629e+02
2.391923288097401041e+02
2.879717976808449862e+02
2.589334090669102011e+02
3.132898235823529376e+02
2.757384199240046883e+02
2.262357391820619341e+02
2.990549523442035138e+02
3.041793292197228880e+02
2.024168551886349974e+02
2.309851211318363937e+02
2.353476098402906871e+02
2.405173591940682059e+02
3.457004485643191742e+02
2.611513509211924884e+02
2.798624076520595736e+02
3.035820262872820194e+02
2.270419568253306011e+02
2.110122007145145062e+02
2.616418942757148898e+02
2.629646503387808139e+02
2.548067266943326104e+02
2.072176074610010517e+02
2.287948556164672311e+02
2.999947609300119780e+02
2.605912270256306442e+02
2.509482318384233963e+02
2.239616319010081043e+02
2.290897250133174623e+02
2.073002257821353851e+02
3.182903546704865789e+02
2.511368009234126646e+02
3.095283333601404365e+02
2.645612926368255557e+02
2.128835623891758360e+02
2.571925676105419711e+02
2.073517868443420298e+02
2.443584897918290153e+02
2.141498772979622061e+02
2.705154574995917756e+02
2.990411351471021248e+02
3.198397872302345490e+02
2.381416823365916571e+02
2.455476548686344529e+02
2.096688658691426212e+02
2.951647373528397793e+02
2.195847445969534704e+02
2.891999094706528126e+02
2.291023170706044425e+02
2.494516959221107868e+02
2.545056778602286442e+02
2.769647458145104224e+02
2.589493481165034154e+02
2.612801528939575064e+02
2.712591788004150430e+02
2.874614561193639588e+02
2.742722776767321307e+02
2.468530453720245816e+02
2.551022519792562946e+02
2.862708284786240256e+02
2.692846499662675797e+02
3.223613001453867923e+02
2.820507854963141199e+02
2.941727701441536738e+02
2.421904182287995582e+02
2.244847982378149140e+02
3.079895665133311127e+02
2.680198436816466483e+02
2.021083087624467964e+02
2.712189074915017386e+02
2.772930746494585605e+02
1.706880417525017890e+02
2.394728364598891517e+02
2.766124815809121174e+02
2.652477562274974048e+02
4.930302421438446459e+02
3.445032481205469708e+02
2.975179998220824018e+02
2.905295981236998841e+02
2.569306560559584796e+02
2.579882509610936268e+02
2.892198486333293204e+02
2.479483144743815046e+02
1.944762968718434308e+02
2.651123360430826779e+02
2.904051687384882712e+02
2.405700995180410473e+02
2.711645786496934534e+02
2.809829117388552504e+02
2.596063230175426497e+02
2.867608722323239476e+02
3.294562410075440653e+02
3.045515322603431514e+02
2.460389893647304973e+02
2.588137309423874513e+02
2.863951341101170556e+02
3.029667569210815259e+02
2.857159132862574893e+02
2.657065355088690239e+02
2.872332256821748047e+02
2.790989605142223695e+02
2.632939187778637233e+02
3.041166000808788681e+02
2.866803948324628095e+02
2.917127309924459837e+02
2.596227362899480227e+02
2.985113770728895588e+02
2.439490004853329026e+02
3.358029689674589804e+02
2.753675045179858785e+02
2.945539268796853207e+02
2.975198140337701034e+02
2.482355950544585141e+02
2.179091677927661692e+02
2.857052730763934960e+02
3.090559429063720245e+02
3.193609548509159026e+02
2.584679714273400464e+02
2.778686539219339693e+02
2.336657610493060133e+02
3.013787940173105540e+02
2.945279190974304129e+02
2.529832554864844383e+02
2.644489924522411570e+02
2.207062338308423648e+02
2.949447269811238357e+02
3.138466352145690621e+02
2.942051963927982001e+02
2.618075898623324065e+02
3.038350852604592660e+02
2.475468948802052296e+02
2.623513659271857819e+02
3.137670308497398537e+02
3.195458338759756316e+02
2.370742772310371151e+02
2.450173962883897900e+02
2.406210879039890358e+02
2.448537996370475582e+02
2.744550568886230622e+02
2.632229723657669069e+02
3.071849005088285480e+02
2.905372332380341049e+02
2.167990051053122897e+02
2.425850317899718789e+02
2.686552949522553035e+02
2.585506146474988327e+02
2.605401642649728160e+02
2.843610628703344219e+02
2.220797353752076049e+02
2.521218229463849809e+02
2.911201679392534061e+02
3.248966423258333407e+02
2.961060974665264780e+02
3.187289095061402122e+02
2.568593071784087556e+02
2.422040318138323869e+02
2.809540621092696142e+02
3.048981709448271999e+02
3.173225401828137819e+02
2.864700637789610482e+02
2.578177985399159411e+02
2.425720226411501130e+02
2.545071793239372369e+02
2.752077960486105894e+02
2.651158117011219701e+02
2.536936666368980582e+02
2.770908809799752248e+02
3.066324622860939257e+02
2.324106832836749277e+02
2.108917837052802611e+02
2.946702034262484631e+02
3.151625691093733508e+02
2.608934222738474205e+02
2.685425939394428951e+02
2.378427559853054731e+02
2.951481371616118849e+02
2.642336477691144978e+02
2.559028369912467156e+02
2.904735618125258156e+02
2.478850303751588910e+02
3.172539929689615974e+02
2.966245045900624859e+02
2.503322493930548092e+02
2.336885563510264774e+02
2.943810251498846355e+02
3.010678271201775829e+02
2.523130574143511637e+02
2.475845237911717049e+02
2.637232951013220372e+02
3.262030996150392070e+02
2.398572973908939900e+02
2.857685309416976907e+02
2.560396442693892709e+02
2.765788004031745118e+02
2.903345216869579417e+02
2.716947240093530809e+02
2.621061407607719502e+02
2.666308839433352205e+02
2.670422532569759255e+02
2.774358623856368808e+02
2.635793682115420324e+02
2.942634485544805329e+02
2.681647676022512883e+02
2.920622375780226321e+02
2.628888556407292754e+02
2.242643609420821633e+02
2.408490256723054586e+02
2.657508799493182323e+02
2.758944065253976987e+02
2.851366986930323719e+02
2.797662199944445547e+02
3.347186052764113242e+02
3.048433119143984982e+02
2.858924905775224943e+02
2.430753984002214736e+02
2.872419016844515909e+02
3.019919945503608005e+02
2.969013717685030542e+02
2.288999022271975150e+02
3.150656971716943531e+02
2.778989348654083642e+02
2.821368512712035681e+02
2.923982566829598682e+02
2.849405937670489948e+02
2.873247838644140302e+02
2.703329072472197367e+02
2.804382683115122177e+02
2.942957053941739787e+02
3.209194486415662482e+02
2.906616206730610656e+02
2.988122908728952893e+02
3.268162126809392589e+02
2.437951350023980410e+02
2.566519878453646584e+02
2.475161184316551726e+02
2.863048555143027443e+02
2.712176714894342808e+02
3.005775672880766933e+02
3.046755425801528645e+02
2.209454276873764229e+02
2.833210246232399072e+02
2.826860881732415578e+02
3.227165874519382669e+02
2.835576617436527158e+02
2.597760581009190446e+02
2.767571444024954985e+02
2.579768390845698036e+02
2.819274236463995180e+02
2.951954663633120504e+02
2.405206236374452544e+02
2.472194607812580216e+02
2.058264941780992388e+02
2.536083086686021204e+02
2.831854765697473226e+02
3.004610616856828074e+02
1.972981613331789390e+02
3.100218474090942209e+02
2.839950463776718834e+02
2.750305208886705941e+02
2.872747382364924533e+02
2.723858504797794922e+02
4.439883375367064104e+02
4.568402910886529753e+02
2.703156635766427485e+02
2.523078478641287461e+02
2.232423398734851219e+02
2.389459042035854566e+02
3.160087792282309351e+02
3.149595705799359848e+02
2.955057913584148537e+02
2.732769007096812288e+02
2.682738041401415217e+02
3.051957709774338809e+02
2.911996089924231796e+02
2.800317183593499522e+02
3.035256181067256875e+02
2.578232948256714394e+02
3.086093475797499650e+02
2.873442058229221630e+02
2.546775799433523275e+02
2.867869283201947610e+02
2.666176894437991223e+02
3.047613025659582036e+02
2.645575588134308305e+02
2.935811105202278100e+02
3.381897724769866613e+02
3.102587996032864339e+02
3.130160198671669036e+02
3.065233837686126890e+02
2.643754020796880013e+02
2.569877807926214359e+02
3.264697197957808612e+02
3.411677546497497815e+02
2.060518667738407430e+02
2.648990855372456394e+02
3.075041139853267964e+02
2.712183235717012622e+02
2.482154348851993575e+02
2.387329193615606755e+02
2.319659516355280289e+02
2.915481025400518433e+02
3.118716602015149419e+02
2.522224400895151462e+02
2.819375930860408630e+02
2.560862789227752501e+02
2.723512058953436394e+02
2.904084466847693307e+02
2.675407277573307852e+02
3.488165879419494217e+02
2.532530629896044161e+02
3.836642968483628806e+02
3.012335431876636562e+02
2.937568668414056106e+02
2.975335038221423929e+02
2.583799101164516401e+02
3.305294369945503945e+02
2.576827390061786787e+02
2.133195955645119000e+02
2.856448247691437814e+02
2.955461642468357581e+02
2.895171798736832898e+02
3.451042719174440663e+02
2.843202046857181244e+02
2.664939441754829659e+02
2.692214432455841120e+02
2.725922592314842632e+02
2.978795105191554171e+02
3.387703559244770872e+02
2.914291870485849358e+02
3.092166650385205457e+02
3.190489937173180692e+02
3.170310201095234675e+02
2.359035304189954729e+02
2.804473763288459054e+02
2.606144335925911832e+02
2.794612689015310139e+02
3.434405943725459451e+02
3.173748930864209115e+02
3.120770076764446799e+02
2.787346242594654768e+02
2.879865651669108502e+02
2.966163771073576640e+02
2.778575853829699440e+02
3.066120571034343811e+02
2.729891354852387053e+02
3.399266405898940775e+02
2.161582901974113895e+02
3.235980302106600561e+02
3.118532701660079169e+02
2.762228168332665064e+02
3.230982258049181155e+02
3.202648678187378550e+02
3.223393340272566547e+02
2.566211692427440880e+02
2.449695961931129204e+02
2.917994354842307416e+02
2.569073754829353788e+02
2.649497503316919733e+02
2.647653338255089466e+02
2.981591798010663297e+02
3.509506513913930803e+02
2.872936892982356198e+02
2.790349090832352772e+02
2.455186769658472485e+02
3.476742709800109878e+02
2.495766008289347440e+02
3.623494882473368079e+02
3.155271503988943209e+02
2.956517381752638016e+02
2.744321985938623243e+02
3.202634316684853388e+02
2.720540237160382731e+02
3.076576014305589979e+02
3.140246137232601313e+02
3.118780181288066728e+02
2.843235752717637865e+02
2.995128937027719189e+02
3.087448181340714655e+02
2.501419500580326769e+02
2.825536204102307920e+02
3.231226527064259813e+02
3.611422505299203181e+02
2.879505216207989520e+02
3.084017146508942346e+02
3.139346690960837236e+02
2.784723421883089713e+02
2.997699843239859092e+02
3.043653907585211300e+02
2.769752405839732887e+02
3.220818856341206811e+02
2.364448997539695654e+02
2.933676465775622546e+02
2.880603885513141904e+02
2.917490646246637311e+02
3.569918851323798208e+02
2.606687152602075912e+02
3.545274231897502091e+02
2.899563779177169067e+02
3.394459650438404879e+02
3.242499836098022570e+02
2.485113692627934654e+02
3.224003328001419959e+02
3.131475108011717339e+02
2.771268680974956169e+02
2.679491456177806867e+02
3.033900751049023938e+02
3.005721712648670518e+02
3.101112968877911271e+02
2.742462212244029729e+02
3.357967560834563301e+02
3.050220731619660910e+02
2.472098570018443979e+02
3.031059829893645770e+02
3.192677636775385395e+02
3.191172964670496981e+02
2.853665768901604451e+02
2.804604624920922902e+02
2.943398052151050592e+02
2.634689130699758834e+02
2.329406981263202852e+02
3.558180912479918447e+02
2.880970034087245608e+02
2.950833093420524165e+02
2.759982892208591920e+02
3.041988883620103934e+02
2.838055754541042006e+02
2.714265051550636940e+02
3.641194737394063168e+02
2.657597151464783565e+02
2.979885517266050101e+02
3.090462299610389323e+02
2.938014142497154353e+02
2.790583513933267454e+02
2.492984635725079272e+02
2.764526421899844308e+02
2.888365022444261285e+02
3.043565090125241568e+02
2.657312641425816082e+02
3.390006674722849880e+02
3.169191598735157527e+02
3.358287893986868085e+02
2.943587848012950872e+02
3.098619419824555052e+02
2.968379020780687370e+02
3.214041889167398267e+02
2.762545368514305437e+02
3.134925007122297984e+02
2.977087835223921388e+02
2.787467819216578846e+02
3.252572831758640746e+02
3.506709514324796828e+02
3.356949145010739812e+02
3.360518088041289388e+02
3.003995173383108863e+02
3.180948000056048954e+02
2.985955087300676496e+02
3.127546768099587098e+02
3.273476219942836565e+02
3.029814373337609936e+02
3.260943041266580167e+02
3.230120799727295662e+02
3.313884527664803272e+02
2.596343496025264130e+02
3.285311697721010660e+02
3.041252958334329719e+02
3.423399969715442808e+02
3.027510789237924769e+02
3.125837341837431609e+02
3.179937584204128598e+02
3.093597014410260613e+02
2.650000814049378732e+02
2.984191272326153239e+02
3.203134526147505312e+02
3.247687742016040602e+02
2.764545100362200287e+02
3.218556316689842447e+02
3.192158657908045143e+02
3.102809997406322964e+02
3.089206843873055277e+02
2.839699838483158487e+02
3.213266936599487735e+02
4.136215950206480443e+02
3.069013450131974423e+02
2.581706436547365797e+02
3.098061332765881843e+02
3.150756128951950927e+02
3.404503705448703954e+02
3.019542317322359395e+02
3.535745225353957153e+02
3.240954838644281040e+02
2.608225973160300555e+02
3.130738934101132713e+02
3.233856260542652876e+02
2.934141013321949458e+02
2.914571357436278731e+02
2.875401658031921670e+02
2.788160197015898802e+02
3.015934466042377267e+02
3.101408112034431497e+02
3.292746333342968228e+02
3.146948496115429066e+02
2.941703069326526361e+02
3.175147213705550371e+02
3.054753197318652269e+02
3.407938227388028167e+02
3.338046776823779282e+02
2.540082100613510931e+02
3.089657711554856974e+02
3.258723355179585042e+02
3.274060318180407307e+02
3.141321643962089070e+02
2.704117250659132878e+02
3.285257226619587527e+02
3.539832498945471002e+02
3.018237694383637404e+02
3.446819065354027884e+02
3.138767743052070500e+02
2.976657365543515539e+02
3.588512167523976473e+02
3.295021379971433930e+02
3.071833998756810615e+02
2.716213018173181126e+02
2.974353089778795720e+02
3.100884929395244853e+02
3.184711810722944847e+02
3.178188581190843252e+02
3.061449725666523136e+02
3.385756960141407603e+02
3.171952970032578492e+02
3.166662322321173519e+02
3.175324061572612777e+02
3.242126832551560369e+02
3.166501362847445193e+02
3.105925262199688177e+02
2.860033479326345969e+02
3.487955693267025481e+02
3.025424675450403242e+02
3.208744441956928313e+02
2.983996909687875245e+02
2.945069839740639850e+02
3.092777226975665030e+02
3.196457913453439232e+02
2.958678141375811492e+02
3.477779636083653827e+02
3.206163775645105147e+02
3.210081151819096590e+02
2.965234837134948407e+02
3.507182531784891353e+02
3.398822031249566749e+02
3.319673405597594638e+02
3.227569378088123244e+02
3.201250447963576562e+02
3.153199780530586622e+02
3.331937538335967588e+02
3.295487097280367266e+02
2.964732332363868750e+02
2.889763753152992081e+02
3.411970999493597105e+02
3.271630213514648631e+02
2.956148868755928447e+02
3.075217570134960852e+02
3.202187508860795333e+02
2.903688981788898218e+02
2.936979731131597191e+02
2.900276143780923235e+02
2.985587517619194955e+02
2.735603207100978125e+02
3.089839596752368607e+02
3.287570807836066820e+02
3.435277542841374725e+02
3.685006852919735252e+02
3.074384958196775983e+02
3.172711802452776055e+02
2.847139008010507837e+02
2.978564664864032352e+02
3.262142744343269669e+02
3.051022396941756938e+02
3.234886842332903711e+02
3.143644712408547548e+02
3.453372533693574837e+02
3.019675123179681009e+02
2.778478200941069076e+02
3.201889504821268133e+02
3.369182435793028958e+02
2.394578764476823096e+02
2.993780018247734347e+02
2.809352787013356760e+02
2.796748183072900247e+02
2.973969342328384755e+02
2.870665722042575112e+02
2.986107755107466915e+02
3.184145812899289467e+02
3.622087950968423797e+02
3.055998423375498305e+02
3.040276729223336361e+02
2.879617677230176582e+02
2.969203420296684612e+02
2.548915776445938093e+02
3.007311388752198127e+02
3.287045281221598998e+02
3.121925689095057237e+02
3.061340986714063206e+02
3.068431701772593101e+02
3.516374511349879981e+02
2.838138395850523352e+02
3.181490600509814044e+02
3.039891091401386234e+02
3.317572077335483982e+02
3.014565460834046462e+02
3.694425069094356786e+02
2.623242708793445104e+02
3.014931901222089436e+02
2.751361113611590099e+02
3.222646502829028350e+02
3.063407456121274777e+02
3.531920626273468997e+02
2.965735156762198699e+02
3.082420730218933613e+02
3.078290666519501997e+02
3.492793600781075725e+02
2.965494712914943420e+02
2.947118448918462263e+02
3.312055083215321929e+02
3.603090023576158956e+02
2.593184090309495105e+02
3.480501941750973742e+02
3.331815527806257933e+02
3.364011387680500320e+02
3.227404203689769702e+02
3.023527324854784979e+02
3.112659672603979288e+02
3.406396259144820533e+02
3.609954590031623525e+02
2.826345060008963515e+02
2.809785939283700600e+02
3.374021392795715997e+02
3.316085453529730103e+02
2.762682537124890132e+02
3.289972020923071341e+02
2.761007856206006750e+02
3.390282234905095038e+02
3.296396859477262637e+02
2.765072370176381469e+02
3.139630175674083716e+02
3.067592019013310392e+02
3.015769350597845460e+02
3.247991858343528975e+02
2.792260157170497337e+02
3.081905600753917724e+02
3.418168576008828268e+02
3.004355603376452564e+02
3.095478241726776218e+02
2.712587787075482311e+02
2.890872345077589216e+02
3.210075326791337602e+02
3.026484037087346906e+02
3.130954550678733881e+02
2.980130909581828291e+02
3.785159561422814818e+02
2.612727188381647352e+02
3.450134101188262434e+02
2.920705389022051577e+02
3.206179368973965325e+02
2.823732113557322805e+02
3.178927356955983896e+02
3.590278169466500344e+02
2.713215950268972847e+02
2.679886505052965617e+02
3.091491112367637015e+02
2.918473987918225134e+02
2.900716707927682023e+02
3.185786186414679833e+02
3.515159151964975877e+02
3.226794335123165638e+02
2.536312189091728158e+02
3.151783065614425823e+02
3.532744653615984021e+02
4.020911543048004546e+02
3.762510193372177696e+02
3.497033091211607712e+02
3.720810937705256833e+02
3.305111842501285651e+02
3.268289899525060491e+02
3.492358576316894982e+02
3.058358987705359482e+02
3.326380587803215576e+02
2.845186879275567549e+02
2.864666867844406397e+02
3.135001351279878463e+02
3.307288124950390511e+02
3.329480881600558746e+02
3.163422396681388022e+02
2.871537611360158735e+02
3.421162148915074113e+02
3.093512113912289578e+02
3.732555632227515616e+02
3.758174985269891977e+02
2.745942037634348480e+02
3.368994118692182838e+02
3.376672984162491957e+02
3.077393567160249290e+02
3.473795692846568954e+02
3.677777232303770916e+02
3.247120084410875052e+02
3.153024447699230564e+02
3.112808261407250825e+02
3.290246864200080950e+02
3.245644288585208983e+02
3.449339913007816563e+02
3.189441252368329742e+02
3.118123659335936964e+02
3.033818955037275487e+02
3.033600609413848019e+02
3.323501213151057527e+02
3.095668002635526364e+02
2.973498932804950527e+02
2.776352115115595893e+02
3.287976279093596759e+02
2.869812810656516717e+02
3.469359264787489110e+02
3.329715224926796964e+02
3.088888482618230569e+02
3.343059395857083018e+02
2.944131847836695215e+02
3.283576456767623313e+02
3.018057918005066540e+02
3.460104181246534267e+02
2.919427103194878441e+02
3.005881221426183743e+02
3.228338318321730753e+02
3.723162817743363462e+02
3.694625509693656227e+02
3.331949621630373599e+02
3.366390503886913734e+02
3.014680186127860111e+02
3.367098957290433532e+02
3.040121713918386490e+02
3.290489815662996875e+02
3.333846456501269131e+02
3.382416034494966084e+02
3.112389026586652676e+02
3.299284374294090298e+02
3.437628962129317074e+02
3.327077557499942486e+02
3.282973163488766772e+02
3.170976423985875385e+02
3.347864164021938223e+02
3.182334036394784107e+02
2.771915393458681365e+02
3.566422402376920786e+02
3.337838083158013092e+02
2.796382042165063240e+02
3.240987840289490123e+02
3.309889304254073181e+02
3.473021617820540428e+02
3.530255495883459389e+02
3.578415447436971704e+02
3.040306646361778462e+02
3.406041628463798361e+02
3.191006483848855737e+02
3.162412351746924060e+02
3.314366012585338694e+02
3.287279208698457182e+02
3.452701585105176036e+02
3.528083260844209690e+02
3.063115946606477564e+02
3.321473570552297474e+02
3.130356945835432043e+02
3.634360672960460192e+02
3.366239278171449882e+02
3.563985669661848306e+02
3.077162915225766255e+02
2.880707142034599997e+02
3.933258572758349487e+02
3.515375075739598856e+02
3.393431727279219103e+02
3.127818254965013693e+02
3.237155199713006368e+02
2.827467599040226673e+02
3.478209464477499751e+02
3.709261953307928934e+02
3.268198801728462399e+02
3.449195310646489929e+02
3.678834109842138673e+02
3.410849056912990704e+02
2.855719582262612448e+02
3.151672229363269366e+02
3.423858582918496154e+02
3.140443722489174547e+02
3.131816746581508824e+02
3.507511520689020017e+02
3.144526426294653447e+02
3.586699595135575009e+02
3.165176934042638663e+02
3.283806369761063593e+02
3.586913244285029805e+02
3.512086358275349198e+02
3.195867653064517526e+02
3.281596047862111618e+02
3.612425148294653923e+02
3.369762987487731039e+02
3.189153149374996019e+02
3.416615783956390828e+02
3.350276970005284625e+02
3.166802991545428654e+02
3.606656787258531836e+02
3.523304452255628121e+02
3.193673642266005004e+02
3.522683853993708567e+02
3.636244989146320563e+02
3.563125628198327490e+02
3.310851342744104500e+02
3.512165431384755152e+02
3.063853489028143713e+02
3.944404591149932457e+02
3.049270016372483951e+02
3.274559429228772842e+02
3.546236190796985852e+02
3.210693545700499385e+02
3.746114555065499871e+02
2.940759138543385802e+02
3.395160537390406148e+02
3.337407553897216985e+02
2.807900619984113177e+02
3.333041671852764125e+02
3.063823478686262547e+02
3.950624096677052535e+02
3.367443362412701049e+02
3.616062182323913134e+02
3.186605940808992727e+02
3.469690351240498103e+02
3.223578824976422652e+02
3.820655458973236023e+02
2.925905792881226262e+02
3.347794867840994470e+02
3.861799558034412030e+02
3.260255629126803569e+02
3.088540040137734763e+02
3.367381435387490569e+02
2.856857275159043752e+02
3.439048135101221533e+02
3.073840689289040142e+02
3.104040751009368933e+02
3.039097053371128254e+02
3.106953044558904935e+02
3.167551275134519528e+02
3.324537999804439323e+02
3.649698222388083195e+02
3.047456133722961340e+02
3.699781849549112849e+02
3.598594336060616001e+02
2.967763138011170554e+02
3.231151314734626681e+02
3.066171999832037613e+02
2.942379089827092002e+02
3.361651083732394341e+02
3.286949885348035423e+02
3.521367644747558643e+02
3.074428024293256385e+02
3.852809185920202708e+02
3.455404971269610996e+02
3.503093878439516402e+02
3.208216243150864670e+02
3.811069446385825472e+02
3.469321455088109474e+02
3.045036128976193481e+02
3.109073117011860745e+02
3.913905333664296222e+02
3.856866267042325376e+02
3.446291974141082051e+02
3.113822389324356550e+02
3.402280099732896588e+02
3.420170865369626085e+02
2.820950939383124023e+02
2.924066328590864714e+02
3.064401555876815451e+02
3.279783013975869608e+02
3.414321000964222890e+02
3.861381017524823847e+02
3.002148792882396720e+02
3.272301361802368547e+02
3.533801631830565952e+02
4.425075120321338886e+02
5.828441447167265324e+02
7.253710775217086848e+02
6.642974031501289573e+02
5.763825705742069658e+02
4.389888802662366061e+02
3.768925892534907121e+02
3.500217476275309423e+02
3.521013088553990542e+02
3.303066842546854787e+02
3.982457929022546637e+02
5.890200370961605358e+02
1.084978903805098525e+03
2.183392076628410450e+03
3.327467889891150207e+03
3.738835324832918104e+03
3.080905604045803102e+03
1.903816509687736470e+03
9.895827311399046948e+02
5.193726877209755912e+02
3.429373415738114090e+02
3.167531122609526051e+02
3.137706159027058561e+02
3.115826256323708776e+02
3.098803500179918728e+02
3.404172870248031018e+02
3.344028191002254857e+02
3.365772932484368312e+02
4.086832498898943982e+02
5.698470647600261145e+02
9.225305905497066306e+02
1.337676253547405622e+03
1.515764477682979987e+03
1.399184890001595249e+03
9.818924606919366624e+02
5.421435030808573856e+02
4.143917780035643545e+02
2.846111903963974328e+02
2.817861813841113303e+02
4.024598109421197591e+02
2.682600131896610378e+02
1.870431130011084235e+02
3.731687923207108497e+02
2.972146634059418489e+02
3.926456271728133061e+02
4.454652191209780199e+02
4.665976810713474379e+02
2.958942425694112330e+02
3.208983339467408200e+02
3.459524136013408224e+02
3.518049200649943486e+02
3.702126946076281229e+02
3.066427627654421713e+02
3.517622245379861852e+02
3.519592374855401999e+02
3.337229078338557429e+02
3.176562163781811137e+02
3.415372278041092500e+02
2.937434877499945856e+02
3.067927299110743888e+02
3.646115604684615050e+02
3.489820134633699809e+02
3.710577549883727784e+02
3.356638225238709765e+02
3.782686615030611961e+02
3.575077423559259842e+02
2.659514382955822498e+02
3.031089285307323280e+02
3.787401734929504187e+02
3.668203103480161644e+02
3.281655689660358917e+02
3.417000280776970271e+02
2.604618920750646680e+02
3.609776552186800131e+02
4.099331400589003351e+02
3.230881938763332641e+02
3.829202069551641330e+02
3.625722675995173176e+02
3.371159028289911817e+02
3.098410490545506377e+02
3.448398464250357165e+02
3.060993627200926994e+02
2.531728569019807367e+02
3.192869148121764624e+02
3.542808293019406278e+02
2.998387304292077147e+02
3.406061608042609237e+02
3.426059905837624910e+02
3.109669009868725311e+02
3.284670627487940919e+02
3.665254582428744925e+02
3.116890136676099132e+02
3.624406635313453080e+02
3.063992190940644491e+02
3.363169459883248464e+02
2.696501370436793081e+02
3.392578749894319117e+02
3.665752841564677169e+02
3.737416215970210942e+02
2.443307208163729456e+02
3.906696757744107344e+02
3.827794393418795948e+02
3.713447864076446763e+02
3.158023351324607688e+02
3.787500478170327369e+02
3.628250134076666882e+02
3.443490269938200186e+02
3.019795242186580708e+02
3.791172806825286443e+02
3.675266214468995258e+02
3.950403579800266698e+02
3.858968605039091813e+02
3.362053847555060315e+02
3.336647570502704525e+02
3.666491422591845435e+02
3.821298719724516104e+02
3.541059301509470174e+02
3.345905730972882566e+02
3.482815487493878663e+02
3.879513227199837502e+02
3.387041236430590629e+02
3.531573999513591389e+02
3.282691119786636591e+02
3.703682973609069222e+02
3.712226807177463002e+02
3.486466801874707926e+02
3.060969061613353688e+02
3.528662939197199080e+02
3.489149763314707684e+02
3.287887053737738938e+02
3.090197127937786945e+02
3.823256443848573554e+02
3.320539924525476749e+02
3.392527374637696198e+02
3.315320127353023167e+02
3.255859651998085269e+02
3.151264971016124150e+02
3.923594917308757317e+02
3.881477536960042016e+02
4.412376214518753272e+02
6.346259466853929325e+02
7.854470748104899940e+02
9.135051083800506149e+02
9.065175213109030210e+02
8.750723940405571284e+02
7.405452297295822746e+02
5.328889602024847818e+02
4.478925251292420171e+02
3.660630966297997020e+02
3.516493707465815532e+02
3.676231317488910122e+02
4.085902890603293258e+02
4.163786144391773405e+02
5.951713974483150196e+02
7.040855611758622672e+02
7.658767235362404335e+02
7.438189465822339344e+02
6.001875610851527654e+02
4.781258596945834256e+02
3.864492564389018412e+02
3.520602578868775367e+02
3.394713362828591130e+02
2.901023727953186722e+02
2.530774220511876536e+02
2.712384513226958802e+02
3.522395511820339493e+02
3.310600677407892931e+02
2.913676126964905961e+02
2.956124442219427806e+02
3.335134714933392956e+02
3.144900640523133575e+02
3.314328652473631109e+02
3.213685350171318191e+02
3.689178899097586282e+02
3.287330496946634639e+02
3.427299829164603011e+02
3.249194970863947560e+02
3.330488405998854091e+02
3.292006806158055952e+02
3.733709671277072744e+02
3.012444269759290592e+02
3.570601799016327504e+02
3.456143763007421512e+02
3.298801545658334931e+02
3.314471673923829371e+02
3.567328174042490332e+02
3.105915045905739476e+02
3.236133892499404965e+02
3.648419046541428656e+02
3.550521289506811513e+02
3.420870826835021603e+02
2.825278359965490154e+02
3.846744355662663111e+02
3.665599619528323956e+02
3.163716328126218400e+02
3.702985875920360854e+02
3.391635197014738878e+02
4.386148274955345983e+02
3.529945180853459874e+02
3.802444607194615855e+02
3.218760120692874693e+02
3.718596263657152576e+02
3.412017860570182961e+02
3.909257288322642694e+02
3.569559896758858031e+02
3.681197002340228437e+02
3.511351479894846648e+02
3.224098594552496593e+02
3.845852585732066018e+02
3.746459674164962053e+02
2.516730949925302525e+02
3.293792154739789453e+02
3.589464187838289604e+02
3.280822330052425286e+02
3.926782781666722713e+02
3.397382739947383357e+02
3.380550292240698695e+02
3.767159859058716052e+02
3.237937324806402444e+02
3.647855281616763818e+02
3.705017628190339565e+02
3.541107309376542389e+02
3.600094986798193304e+02
3.438605983927928946e+02
3.709987361417325360e+02
3.080114201393203643e+02
3.306126872857668104e+02
3.899061029668926608e+02
3.742637374024481574e+02
2.877935345502070277e+02
3.274262923143058401e+02
3.577530845594075117e+02
3.614445433606958886e+02
4.211564768178000691e+02
3.611485044126380899e+02
3.481527271306854914e+02
3.736112547477428052e+02
3.713643845690886565e+02
3.277495733583010065e+02
3.453189340077321958e+02
3.825882445192703472e+02
3.565794118470993226e+02
3.463091996546700102e+02
3.563833094076965722e+02
3.797073573028002329e+02
3.608103435195932320e+02
3.622735389437316940e+02
3.056837774578920062e+02
3.157772703966382437e+02
3.754945171976042957e+02
3.796689039638073950e+02
3.198708209953218784e+02
3.352660791297452079e+02
3.546253213769351760e+02
4.017461080228722494e+02
3.713884961237970970e+02
3.203250895478873304e+02
4.335369413584254517e+02
3.186920969665546295e+02
3.434365578923247426e+02
3.191115756049151742e+02
4.070832293892658527e+02
3.886866168863122084e+02
3.581167725542811127e+02
3.497144594889121549e+02
4.001605033961934055e+02
3.554890316522376565e+02
4.046509034433316856e+02
3.828261062012575735e+02
3.489129699458519553e+02
2.837462848194119829e+02
4.110385520003760575e+02
3.723723944829602601e+02
3.384868099294226909e+02
4.140621984216038527e+02
3.769776561695528017e+02
4.105047602930662833e+02
4.239518365943299045e+02
4.129815683303342553e+02
3.504947848412005555e+02
4.031254532590681947e+02
3.516602311883674474e+02
3.787503205995416806e+02
3.328357549616915776e+02
3.692553834586661310e+02
3.800225606199352910e+02
3.270214268387647962e+02
3.549918901310027763e+02
3.663862520841607306e+02
3.637588617855248572e+02
3.537241670488502905e+02
3.530669854547682007e+02
3.465423996043253396e+02
3.522083003444323026e+02
3.643806316515304502e+02
3.802301112694156586e+02
3.351073347171305841e+02
4.091178419958793597e+02
2.834881337258966596e+02
3.577597513752491523e+02
3.542357313686254088e+02
4.087768624866157552e+02
3.314620143306478894e+02
3.404147505125844191e+02
3.374080715707096942e+02
2.476608609906064942e+02
3.659416615444058039e+02
3.942127947832420887e+02
3.099207857420961432e+02
3.380777138372660033e+02
3.527237124836348698e+02
3.551148363819353904e+02
2.720674755141394030e+02
3.198012533515458244e+02
2.964208112963354438e+02
3.448074329756629481e+02
3.030438582315365466e+02
3.437998937015238425e+02
3.064522136749035326e+02
3.219115253285962694e+02
3.819561892450871028e+02
3.967019736426627787e+02
3.879001816478161686e+02
3.241853585592754712e+02
3.349250762048145589e+02
4.328004388493975512e+02
3.439388456875761904e+02
3.039898779092203540e+02
3.337676945196650991e+02
3.168500542364533885e+02
3.906536941075832488e+02
2.967098723046530040e+02
3.844089161325597956e+02
3.074696295539191624e+02
4.352625218197441654e+02
3.313340321543830100e+02
3.813359560640325299e+02
3.085535264728650304e+02
3.672626925899865000e+02
3.192758703530648745e+02
4.296512804482038632e+02
3.477007532909724432e+02
3.389388357794036324e+02
3.593535271988421300e+02
3.471915232518948642e+02
3.818706402357969409e+02
3.600967246178502137e+02
3.505485533484086318e+02
3.762947278672937728e+02
3.294010700173160444e+02
3.598492027556046651e+02
3.486790800382696034e+02
3.947135541314353304e+02
3.587848692699456024e+02
3.400941615188056062e+02
3.257001874945156032e+02
3.872193292284514996e+02
3.640024818890802862e+02
3.535412325448688762e+02
3.689974101218820124e+02
4.110086396501145032e+02
3.565850675153208726e+02
3.716956545143232233e+02
3.807406059574752248e+02
3.437264633332333688e+02
3.499839251530567026e+02
3.680560491049669167e+02
3.606547578529996372e+02
3.608474223156813423e+02
3.883431535794874208e+02
3.778993298741024205e+02
3.559029737127836484e+02
3.364575128996863782e+02
3.881586401776141884e+02
3.997030829171553705e+02
3.820017857345777657e+02
3.809740192952953066e+02
4.025078618912490356e+02
3.148279148628384405e+02
3.465626293254359780e+02
4.054800507585426317e+02
4.026708130605412634e+02
3.573045926701204849e+02
3.679884756744577317e+02
3.615594208784115722e+02
4.284548741377311671e+02
4.526932106771745339e+02
4.230190445366566792e+02
4.117256857124041858e+02
3.004786140061551123e+02
3.727914096362953273e+02
3.507042537561934523e+02
3.564224075550372390e+02
3.218585698878936796e+02
3.776173590163924132e+02
3.499303878198090842e+02
4.028275137057163420e+02
3.453192902156825994e+02
3.150582964367905561e+02
3.813054306586234929e+02
3.468817606877395292e+02
3.597898665981359727e+02
4.409205153331549241e+02
3.159956783349791181e+02
3.330754037266501655e+02
3.679288756348017273e+02
3.533715130094255414e+02
4.015584370943915360e+02
3.850765434888879781e+02
4.081997922933890663e+02
3.726940229507355866e+02
3.853743080240673180e+02
4.146177253496961725e+02
3.856730776472015805e+02
3.519663184834813023e+02
3.469722316653263192e+02
3.852560301959258595e+02
3.402916817137340217e+02
3.751853177980465261e+02
3.411006235086666720e+02
3.306985236210529706e+02
3.450279080864991101e+02
3.781653630183841415e+02
2.689049400582397311e+02
3.846286330059456304e+02
3.597410033616618534e+02
3.841286342232059496e+02
3.395266253958193374e+02
3.555924383418388288e+02
2.658930718549668200e+02
3.798889466598013769e+02
3.282619140727650233e+02
3.605940334261233602e+02
3.931874067464647169e+02
3.753028432434639399e+02
3.725305847273176596e+02
3.287465194780697288e+02
3.459037196172109816e+02
3.624318979427380327e+02
4.717498308456246718e+02
5.686421755574746157e+02
6.899974815897616054e+02
6.176517659993335201e+02
5.807226641645270320e+02
4.541274220331116567e+02
4.096875073446428246e+02
4.131352703841503740e+02
3.776377921564627513e+02
3.959418561703737396e+02
2.962666988067570628e+02
3.293684551177795470e+02
3.570373997726838979e+02
3.626341946432628447e+02
3.652281784053512865e+02
3.703244747139468700e+02
4.296924998116077177e+02
3.509528387507813818e+02
4.086906968896427657e+02
3.824524061542472850e+02
3.685903925756997523e+02
3.535811282060043936e+02
3.715257630804985638e+02
3.579088854467069609e+02
3.702644631412347849e+02
3.737063057538935595e+02
3.643503485771587407e+02
3.462793737585537883e+02
3.719788312599272331e+02
3.424740053144199123e+02
3.433404380562359961e+02
3.513974021317970937e+02
3.666122596459251213e+02
3.578108391201676568e+02
3.631704224644140027e+02
4.127565480709839676e+02
2.555598143266898887e+02
3.641392649120111855e+02
3.280293005733035443e+02
3.801196105889511614e+02
3.357906371263065353e+02
3.223645840534866238e+02
3.170302000595151526e+02
3.733791086864593467e+02
3.246529489422169377e+02
3.507881166408577656e+02
3.872365761034880052e+02
3.753484776248691901e+02
3.693150745288202756e+02
3.795802694215505539e+02
3.801335205896469347e+02
3.621286776132384375e+02
3.907957046114560171e+02
4.096810282995401167e+02
3.499906710249352386e+02
3.511576098495730207e+02
3.303194252020271051e+02
3.626914562043540400e+02
3.941800447917293013e+02
3.446537608241303019e+02
3.738676146226757737e+02
3.159577946740264451e+02
3.157222839874389706e+02
3.101246827272182713e+02
2.880113496543430074e+02
3.793468815451080332e+02
3.995118868838849835e+02
3.832652857316129484e+02
2.874265703421136777e+02
4.123804285639927230e+02
3.353772687283139362e+02
3.409293404717261637e+02
3.893449149267848952e+02
3.363881268580626056e+02
3.910190430506302164e+02
3.793501612209631162e+02
3.566161715400256185e+02
3.507881968175872203e+02
3.604142704411080445e+02
3.388601390708962526e+02
3.318558427353509614e+02
3.797458915372390038e+02
3.653477605251836735e+02
4.199669609649428708e+02
3.954370752050149349e+02
3.718178702030757563e+02
3.708057663932793275e+02
3.316732382541408128e+02
4.205287947871343022e+02
2.851337529809718490e+02
4.534547850308745751e+02
3.518181284271943809e+02
3.839481822213484179e+02
3.663333807704890432e+02
3.813430759550091693e+02
3.769605567400375890e+02
3.869512498804843403e+02
4.045919258349252345e+02
3.510249147662077576e+02
3.903224821947098917e+02
3.524852883327021686e+02
4.018020243768727937e+02
4.028983787890217059e+02
3.525359258579857737e+02
3.051256356544359392e+02
3.660102768130016102e+02
4.853870951308061876e+02
4.367391438115462279e+02
4.455869339587580953e+02
3.571971993765868092e+02
4.173802870500310860e+02
3.175374608566497159e+02
4.084231355961451300e+02
4.352835908295932654e+02
3.793918601246825233e+02
3.989536683351865918e+02
4.151795452122715346e+02
3.523894330991819288e+02
2.778331653208728085e+02
3.721599244752534901e+02
3.220684440376191446e+02
3.423454692629847500e+02
3.843679016816027456e+02
4.088514700641935065e+02
4.191400570255925118e+02
4.112942470583379873e+02
3.645451143834476966e+02
4.194978992779703617e+02
3.880753008650443121e+02
3.647121826028570126e+02
4.006132228266028505e+02
4.003316291618127138e+02
4.135865843088812426e+02
3.455341073898746913e+02
3.399879340656298154e+02
4.005791756141667292e+02
3.877296817043381907e+02
3.824476759247044129e+02
3.913814284670933716e+02
3.955751095056831446e+02
3.626698393011905068e+02
3.858222574150602782e+02
3.737383747975537744e+02
3.545765800677345965e+02
4.476870072745361426e+02
3.920977932658107079e+02
4.091470268608812262e+02
3.589501914585555937e+02
3.911512359518412154e+02
4.036313705660300002e+02
3.398259349090774322e+02
3.692360366617298268e+02
3.400877194375056547e+02
3.776132813984343670e+02
3.813859884252681240e+02
4.478330315863688611e+02
3.789362577566223536e+02
3.932996702070559536e+02
4.267866172843296795e+02
4.178554750920434344e+02
4.072742143560734007e+02
4.153492838708859267e+02
4.129143183353020845e+02
3.469757674090878368e+02
3.413169548215189479e+02
3.727061582111688836e+02
2.959248188061627047e+02
4.310361404892188943e+02
5.015473416940138804e+02
3.960591501950381144e+02
4.145077070708832707e+02
4.149730908058904788e+02
3.589948793963467324e+02
3.712135392680079917e+02
3.783364400877309777e+02
3.590823082161845150e+02
3.691644710384265977e+02
3.834483139533804206e+02
3.650392606587466275e+02
4.328287840399301558e+02
3.914033452443741794e+02
4.672242630993718535e+02
3.464854006493596899e+02
3.877614669673511116e+02
3.864450473847148828e+02
3.681040914049792150e+02
3.661228285650843191e+02
3.911252710706475568e+02
4.023887276198444169e+02
3.319623341037093951e+02
4.643686072934824551e+02
4.313434604959214766e+02
4.748550889520377609e+02
4.736663397697291771e+02
3.747054663233175802e+02
4.314832108863341773e+02
3.810846220500125128e+02
4.456940786108989414e+02
3.567002747451014102e+02
4.154354768051442193e+02
4.316757492199278090e+02
4.072472364904327264e+02
4.104763817738333955e+02
3.535077079719545168e+02
3.986640368283298699e+02
4.126101291191075688e+02
4.041292968850025318e+02
4.480667490650560580e+02
4.118324266738619599e+02
3.750371458998567391e+02
3.728749340669222647e+02
3.825164782094021803e+02
4.245399711431474543e+02
4.058214769009740621e+02
4.196572435790299096e+02
3.753826808194564819e+02
4.273310431378614567e+02
4.038133790377389118e+02
3.970331408299009013e+02
4.972460982659658839e+02
4.237825009845347495e+02
4.138043965574418053e+02
3.888218451731988239e+02
4.046375448724248827e+02
3.639637662906742435e+02
4.334088223932967026e+02
3.838242033822436952e+02
4.153988215294643283e+02
4.118803135532284045e+02
3.634377510144898338e+02
4.120150565619530312e+02
4.092446635255919318e+02
4.426551324465315247e+02
3.860134595608306540e+02
4.055432834431257447e+02
3.996097368385823074e+02
4.098490253345535734e+02
4.098815370265459705e+02
3.524822162004534789e+02
4.023251328593431140e+02
4.298004260175338231e+02
4.321806251549141962e+02
3.972769457480298456e+02
4.313805524523044710e+02
3.604023899170217646e+02
4.614999782054701427e+02
3.795686722761345209e+02
4.266953309188759818e+02
3.960002506186264668e+02
3.882588942714596101e+02
3.763375464158019099e+02
4.197521884671184580e+02
3.737994258267022474e+02
4.290162193660310095e+02
4.107771830506863466e+02
4.196935523304574076e+02
3.853979763562911103e+02
4.056834429461529226e+02
4.072328359319544688e+02
4.009851910260295540e+02
4.350021001420379889e+02
3.745582507918744000e+02
4.189623899002564258e+02
4.362966247748048545e+02
4.217572019084082626e+02
4.533487958594409406e+02
4.323888044547634308e+02
3.649657978489058223e+02
4.374309238370398703e+02
4.081734135392514418e+02
3.991143781855761858e+02
5.049461399104263251e+02
4.020895112802406857e+02
3.586464793104877344e+02
3.976541216572324515e+02
4.422960321614849590e+02
3.696568381764622018e+02
3.680634636532100785e+02
4.655342685520060400e+02
3.625563240719246778e+02
3.995005796452950335e+02
4.403535336574287840e+02
3.778170917584570816e+02
4.115814332530336515e+02
4.045002134261420679e+02
4.089624500794834603e+02
4.535013326516011603e+02
4.103381821573656794e+02
4.372724306022545875e+02
4.339897693615626508e+02
4.072077833923345338e+02
4.494980633950676747e+02
4.039128701589177695e+02
3.493329532098970276e+02
3.799694697091600801e+02
4.856377378294631058e+02
4.318861173380176410e+02
4.031465904774566980e+02
4.326658593593217574e+02
4.256253505871909510e+02
4.455148417843824973e+02
4.544337175948820118e+02
3.877320568651343251e+02
4.139465902435158569e+02
3.630652940917253204e+02
4.133912766749339198e+02
4.057739529719667075e+02
3.838888829081513450e+02
4.710153329298086646e+02
4.403673173085126678e+02
4.358496089310607999e+02
4.486294498745556325e+02
4.032881579813835060e+02
3.932964243922548349e+02
4.228983808090227967e+02
4.287500346925612007e+02
3.741910139038582770e+02
3.959114952646822871e+02
4.149848146650396643e+02
3.770254486620220291e+02
4.108891542035410680e+02
4.235159508809751969e+02
4.486578473086689200e+02
4.378566021381319615e+02
3.850113387369433440e+02
4.070502666376141860e+02
4.235381707379051477e+02
3.941279582327634330e+02
4.523228820843371523e+02
4.130186445689711263e+02
4.092805668586000252e+02
3.958318363282125461e+02
4.389579813467206009e+02
4.276574886620621783e+02
4.468148125221342752e+02
4.627816804974833644e+02
3.997838382706412972e+02
4.493614448835668895e+02
4.315492954520488524e+02
3.495073217556216036e+02
3.930310150917571264e+02
4.104973997672699966e+02
4.282913851905238403e+02
4.159416222991670224e+02
4.174493286586771887e+02
4.302189163330805286e+02
