3.827477902870367870e+03
3.828761008347669758e+03
3.830044134522041531e+03
3.831327281375618895e+03
3.832610448910184914e+03
3.833893637122633208e+03
3.835176846001928880e+03
3.836460075544242954e+03
3.837743325749602263e+03
3.839026596610512570e+03
3.840309888112855333e+03
3.841593200245828939e+03
3.842876533003853638e+03
3.844159886384437414e+03
3.845443260383823144e+03
3.846726654996666184e+03
3.848010070216904296e+03
3.849293506036541658e+03
3.850576962445600202e+03
3.851860439440003120e+03
3.853143937016939162e+03
3.854427455169852692e+03
3.855710993890150803e+03
3.856994553170668951e+03
3.858278133007722772e+03
3.859561733392040878e+03
3.860845354313535609e+03
3.862128995764932824e+03
3.863412657739052520e+03
3.864696340222711569e+03
3.865980043208626739e+03
3.867263766700358701e+03
3.868547510697767848e+03
3.869831275188823838e+03
3.871115060160966095e+03
3.872398865610961820e+03
3.873682691531555065e+03
3.875608629928221035e+03
3.877534292018397082e+03
3.878818199739807824e+03
3.880102127904449389e+03
3.881386076508497808e+03
3.882670045543878587e+03
3.883954034994129415e+03
3.885238044847033052e+03
3.886522075101049722e+03
3.887806125752518255e+03
3.889090196796201781e+03
3.890374288228816113e+03
3.891658400039600110e+03
3.892942532216812651e+03
3.894226684755417409e+03
3.895510857649689115e+03
3.896795050893208099e+03
3.898079264480405072e+03
3.899363498403588892e+03
3.900647752653773750e+03
3.901932027220651889e+03
3.903216322092932842e+03
3.904500637262724013e+03
3.905784972728412868e+03
3.907069328483867139e+03
3.908353704519135590e+03
3.909638100833717090e+03
3.910922517424512989e+03
3.912206954279791717e+03
3.913491411391185466e+03
3.914775888753488289e+03
3.916060386361589281e+03
3.917344904208922799e+03
3.918629442287100119e+03
3.919914000587873488e+03
3.921198579101996984e+03
3.922483177822065045e+03
3.923767796742920382e+03
3.925052435860902278e+03
3.926337095169738859e+03
3.928264480137749160e+03
3.930191194154199820e+03
3.931475934143465565e+03
3.932760694297290229e+03
3.934045474599249246e+03
3.935330275032470581e+03
3.936615095595706862e+03
3.937899936281804912e+03
3.939184797084318234e+03
3.940469678005395963e+03
3.941754579045004448e+03
3.943039500201123246e+03
3.944324441471253067e+03
3.945609402843600037e+03
3.946894384307103792e+03
3.948179385857175930e+03
3.949464407481541912e+03
3.950749449166337399e+03
3.952034510909380970e+03
3.953319592710009147e+03
3.954604694568421110e+03
3.955889816484285802e+03
3.957174958453199906e+03
3.958460120469701451e+03
3.959745302528282991e+03
3.961030504616971939e+03
3.962315726723089483e+03
3.963600968840175028e+03
3.964886230968079417e+03
3.966171513102681274e+03
3.967456815238320360e+03
3.968742137375073071e+03
3.970030191360468962e+03
3.971312841634492997e+03
3.972598223758086988e+03
3.973883625877678242e+03
3.975169047976494767e+03
3.976454490046433875e+03
3.977739952086447829e+03
3.979025434092977321e+03
3.980619707576881865e+03
3.982362222679287697e+03
3.984170261704975019e+03
3.985453143540648398e+03
3.986738745267126887e+03
3.988024366926226776e+03
3.989310008518804807e+03
3.990595670044625422e+03
3.991879399868576002e+03
3.993167052874875935e+03
3.994452774167711596e+03
3.995738515380913668e+03
3.997024276513917357e+03
3.998310057555648655e+03
3.999595858498566940e+03
4.000881679342183816e+03
4.002167520085941760e+03
4.003453380725035913e+03
4.004739261256766440e+03
4.006025161683391161e+03
4.007311081997625934e+03
4.008597022193264365e+03
4.009882982272336903e+03
4.011168962229879980e+03
4.012454962059668105e+03
4.013740981763220134e+03
4.015027021335870813e+03
4.016313080772393278e+03
4.017599160066854893e+03
4.018885259201196277e+03
4.020171378163903682e+03
4.021457516963104354e+03
4.022743675600908318e+03
4.024029854072863145e+03
4.025316052379205757e+03
4.026602270517730631e+03
4.027888508484290924e+03
4.029174766275479215e+03
4.030461043888945824e+03
4.031747341318519375e+03
4.033033658552003999e+03
4.034319995576395286e+03
4.036104074711010526e+03
4.037835485870308275e+03
4.039465541491401382e+03
4.040751977428633381e+03
4.042038433144304690e+03
4.043324908633275754e+03
4.044611403887888173e+03
4.045897918902604943e+03
4.047184453669509821e+03
4.048471008172620259e+03
4.049757582407285554e+03
4.051044176373965001e+03
4.052330790068912847e+03
4.053617423485465679e+03
4.054904301432656666e+03
4.056190945283870860e+03
4.057477418626202507e+03
4.058763915103373620e+03
4.060050183577583084e+03
4.061336940945623155e+03
4.062623844503687906e+03
4.063910746048452893e+03
4.065198008189334814e+03
4.066484840959948542e+03
4.067771690882183975e+03
4.069058560455831866e+03
4.070345449672534869e+03
4.071632358521472725e+03
4.072919286998068401e+03
4.074206235092783118e+03
4.075493202786774873e+03
4.076780190077952739e+03
4.078067196962822436e+03
4.079354223424787051e+03
4.080641269462882519e+03
4.081928335080471243e+03
4.083215420266132696e+03
4.084502525008967950e+03
4.085789649298656059e+03
4.087076793119751073e+03
4.088363956466636864e+03
4.089651139334861909e+03
4.090938341715346269e+03
4.092225563597354267e+03
4.094246333887997025e+03
4.096087346252740645e+03
4.097374646148573447e+03
4.098661965517857425e+03
4.099949304348922851e+03
4.101236662641606017e+03
4.102524040386664637e+03
4.103811437582711733e+03
4.105098854227011543e+03
4.106386290303729766e+03
4.107673745800239885e+03
4.108961220712448267e+03
4.110248715032122163e+03
4.111536228749917427e+03
4.112823761865535744e+03
4.114111314384435900e+03
4.115398886299875812e+03
4.116686477595867473e+03
4.117974088266673789e+03
4.119261718309893695e+03
4.120549367716962479e+03
4.121837036476095818e+03
4.123124724587794844e+03
4.124412432043800436e+03
4.125700158822097364e+03
4.126987904918100867e+03
4.128275670333116977e+03
4.129563455057618739e+03
4.130851259096976719e+03
4.132139082456243159e+03
4.133426925123396359e+03
4.134714787083558804e+03
4.136002668336064744e+03
4.137290568884786808e+03
4.138578488712721992e+03
4.139866427806487081e+03
4.141154386175640866e+03
4.142442363812065196e+03
4.143730360703380939e+03
4.145018376857159637e+03
4.146306412270217152e+03
4.147594466933397598e+03
4.148882540846455413e+03
4.150170634006343789e+03
4.152103827842576720e+03
4.154035028915342991e+03
4.155323199008908887e+03
4.156611388321523009e+03
4.157899596849695627e+03
4.159187824590660057e+03
4.160476071542744648e+03
4.161764337702447847e+03
4.163052623064173531e+03
4.164340927623289645e+03
4.165629251376456523e+03
4.166917594322515470e+03
4.168205956460100424e+03
4.169494337786470169e+03
4.170782738298044023e+03
4.172071157992433655e+03
4.173359596868575863e+03
4.174648054919943206e+03
4.175936532135337075e+03
4.177225028512823883e+03
4.178513544050977544e+03
4.179802078741748119e+03
4.181090632584661762e+03
4.182379205586766147e+03
4.183667797743707524e+03
4.184956409044390966e+03
4.186245039484307199e+03
4.187533689068561216e+03
4.188822357789020316e+03
4.190111045636931522e+03
4.191399752610420364e+03
4.192688478698652034e+03
4.193977223897441945e+03
4.195265988219489373e+03
4.196554771659194557e+03
4.197843574204754987e+03
4.199132395853004709e+03
4.200421236599503573e+03
4.201710096446096031e+03
4.202998975398776565e+03
4.204287873446627600e+03
4.205576790582688773e+03
4.206865726812286994e+03
4.208154682117137781e+03
4.209443656491367619e+03
4.211075981718836374e+03
4.212811517130910943e+03
4.214599744699761686e+03
4.215888814367474879e+03
4.217177903071117726e+03
4.218467010811779801e+03
4.219756137588528873e+03
4.221045283399495020e+03
4.222334448240714664e+03
4.223623632098859161e+03
4.224912834961371118e+03
4.226202056826587977e+03
4.227491297696768925e+03
4.228780557568996301e+03
4.230069836439199207e+03
4.231359134302168968e+03
4.232648451151215340e+03
4.233937786974630399e+03
4.235227141765081797e+03
4.236516515515643732e+03
4.237805908217019351e+03
4.239095319865762576e+03
4.240384750461687872e+03
4.241674199998195945e+03
4.242963668469431468e+03
4.244253155869158036e+03
4.245542662187364840e+03
4.246832187418336616e+03
4.248121731557524981e+03
4.249411294602219641e+03
4.250700876552849877e+03
4.251990477400158852e+03
4.253280097125084467e+03
4.254569735731126457e+03
4.255859393221387108e+03
4.257149069577733826e+03
4.258438764784108571e+03
4.259728478834498674e+03
4.261018211726467598e+03
4.262307963454029959e+03
4.263597734019420386e+03
4.264887523428577879e+03
4.266177331662647703e+03
4.267467158696988918e+03
4.268757004530145423e+03
4.270046869166960278e+03
4.271336752604432149e+03
4.272626654838250033e+03
4.274562545718328693e+03
4.276496474248596314e+03
4.277786451583633607e+03
4.279076447685890344e+03
4.280366462537208463e+03
4.281656496122125645e+03
4.282946548441970663e+03
4.284236619505375529e+03
4.285526709298499554e+03
4.286816817802918195e+03
4.288106945020057537e+03
4.289397090951616519e+03
4.290687255591463327e+03
4.291977438929181517e+03
4.293267640961436882e+03
4.294557861684392265e+03
4.295848101090643468e+03
4.297138359176504309e+03
4.298428635936472347e+03
4.299718931361421710e+03
4.301009245451977222e+03
4.302299578209263927e+03
4.303589929623264652e+03
4.304880299675409333e+03
4.306170688353201513e+03
4.307461095656541147e+03
4.308751521580491499e+03
4.310041966116270487e+03
4.311332429259794480e+03
4.312622911019261664e+03
4.313913411399151300e+03
4.315203930392417533e+03
4.316494467985489791e+03
4.317785024169020289e+03
4.319075598941311910e+03
4.320366192300967668e+03
4.321656804243577426e+03
4.322947434757651536e+03
4.324238083831193762e+03
4.325528751454000485e+03
4.326819437624660168e+03
4.328110142336021454e+03
4.329400865586939290e+03
4.330691607387660952e+03
4.331982367727646306e+03
4.333273146594084210e+03
4.334563943985297556e+03
4.335854759897731128e+03
4.337145594321810677e+03
4.339082971969678511e+03
4.341018208641670753e+03
4.342309117072271874e+03
4.343600043996670138e+03
4.344890989418684512e+03
4.346181953325902214e+03
4.347472935709619378e+03
4.348763936566243501e+03
4.350054955893509032e+03
4.351345993684287350e+03
4.352637049927750923e+03
4.353928124615836168e+03
4.355219217749480777e+03
4.356510329330936656e+03
4.357801459351417179e+03
4.359092607807031527e+03
4.360383774695333159e+03
4.361674960001951149e+03
4.362966163717375821e+03
4.364257385840277493e+03
4.365548626367108227e+03
4.366839885285189666e+03
4.368131162587720610e+03
4.369422458275167628e+03
4.370713772344020981e+03
4.372005104789025609e+03
4.373296455606793643e+03
4.374587824789249680e+03
4.375879212331627969e+03
4.377170618236232258e+03
4.378462042497697439e+03
4.379753485106552944e+03
4.381044946057758352e+03
4.382336425349398269e+03
4.383627922973817476e+03
4.384919438919238928e+03
4.386210973186217416e+03
4.387502525779353164e+03
4.388794096690811784e+03
4.390085685909140011e+03
4.391377293424925483e+03
4.392668919241224103e+03
4.393960563363710207e+03
4.395252225787375210e+03
4.396543906496868658e+03
4.397835605487765861e+03
4.399127322752772670e+03
4.400419058275003408e+03
4.401710812048391745e+03
4.403002584076501080e+03
4.404294374359938956e+03
4.406233097527213431e+03
4.408169854688696432e+03
4.409461717954420237e+03
4.410753599449913963e+03
4.412045499168432798e+03
4.413337417109979469e+03
4.414629353273814559e+03
4.415921307655883538e+03
4.417213280245359783e+03
4.418505271037318380e+03
4.419797280031291848e+03
4.421089307221365743e+03
4.422381352603734740e+03
4.423673416175676721e+03
4.424965497918521578e+03
4.426257597816061207e+03
4.427549715873914465e+03
4.428841852103433666e+03
4.430134006498660710e+03
4.431426179045407480e+03
4.432718369736242494e+03
4.434010578571166661e+03
4.435302805544538387e+03
4.436595050653110775e+03
4.437887313895067564e+03
4.439179595273314590e+03
4.440471894784229335e+03
4.441764212418267562e+03
4.443056548162245235e+03
4.444348902009311132e+03
4.445641273950410323e+03
4.446933663975374657e+03
4.448226072087603825e+03
4.449518498292226468e+03
4.450810942586064812e+03
4.452103404966193921e+03
4.453395885425717097e+03
4.454688383952609911e+03
4.455980900544561337e+03
4.457273435199439518e+03
4.458565987908228635e+03
4.459858558668302976e+03
4.461151147475045946e+03
4.462443754318681385e+03
4.463736379202340686e+03
4.465029022122224887e+03
4.466321025146516149e+03
4.467613701822172516e+03
4.468906398585358147e+03
4.470198965244972896e+03
4.471491697500973714e+03
4.472784703259376329e+03
4.474077472838655922e+03
4.476017593340333406e+03
4.477955994850523894e+03
4.479248943546770533e+03
4.480541802598424511e+03
4.481834679280938872e+03
4.483127711465340326e+03
4.484420825022310964e+03
4.485713756344207468e+03
4.487006704969371640e+03
4.488299671519678668e+03
4.489592656007832375e+03
4.490885658427918315e+03
4.492178678763125390e+03
4.493471717013924717e+03
4.494764773179880649e+03
4.496057847260366543e+03
4.497350939252973149e+03
4.498644049153319429e+03
4.499937176948521483e+03
4.501230322625496228e+03
4.502523486180273721e+03
4.503816667610429249e+03
4.505109866913144288e+03
4.506403084086869967e+03
4.507696319125318951e+03
4.508989572014641453e+03
4.510282842749525116e+03
4.511576131332771183e+03
4.512869437762236885e+03
4.514162762032350656e+03
4.515456104143784614e+03
4.516749464095259100e+03
4.518042841868118558e+03
4.519336540809720645e+03
4.520629650849331483e+03
4.521923082065217386e+03
4.523216531082908659e+03
4.524509997894905609e+03
4.525803482495509343e+03
4.527096984887094550e+03
4.528390505082798882e+03
4.529684043075877526e+03
4.530977598855662109e+03
4.532271172419340473e+03
4.533564763747049255e+03
4.534858372824239268e+03
4.536151999664126379e+03
4.537445644273565449e+03
4.538739306647074045e+03
4.540032986772707773e+03
4.541326684636274877e+03
4.542620400230129235e+03
4.543914133559574111e+03
4.545207884625283441e+03
4.546501653421607443e+03
4.548443297031889415e+03
4.550383066155863162e+03
4.551676905831624936e+03
4.552970763217664171e+03
4.554264638310502960e+03
4.555558531090541692e+03
4.556852441554202414e+03
4.558146369709720602e+03
4.559440315555333655e+03
4.560734279084194895e+03
4.562028260294038773e+03
4.563322259187266354e+03
4.564616275761142788e+03
4.565910310011060574e+03
4.567204361934886037e+03
4.568498431531473216e+03
4.569792518793530689e+03
4.571086623714509187e+03
4.572380746289473791e+03
4.573674886515627804e+03
4.574969044388906696e+03
4.576263219909832515e+03
4.577557413079380240e+03
4.578851623889555412e+03
4.580145852331666902e+03
4.581440098396848953e+03
4.582734362079698258e+03
4.584028643386389376e+03
4.585322942324662108e+03
4.586617258889283221e+03
4.587911593070392883e+03
4.589205944864043886e+03
4.590500314263779728e+03
4.591794701258687383e+03
4.593089105846435814e+03
4.594383528031902642e+03
4.595677967806309425e+03
4.596972425161611682e+03
4.598266900099187296e+03
4.599561392619265462e+03
4.600855902716991295e+03
4.602150430391594455e+03
4.603444975633823560e+03
4.604739538436469957e+03
4.606034118808406674e+03
4.607328716750739659e+03
4.608623332252913315e+03
4.609917965301847289e+03
4.611212615902219113e+03
4.612507284048385372e+03
4.613801969713994367e+03
4.615096672899854639e+03
4.616391393621740463e+03
4.617686131872959777e+03
4.618980887646491283e+03
4.620275660947038887e+03
4.621570451779977702e+03
4.622865260137855330e+03
4.624808428944273146e+03
4.626749790309137097e+03
4.628044668709074358e+03
4.629339564591463386e+03
4.630634477960799813e+03
4.631929408823154517e+03
4.633224357169158793e+03
4.634519322994070535e+03
4.635814306293801565e+03
4.637109307061845357e+03
4.638404325302031793e+03
4.639699361014309034e+03
4.640994414187509392e+03
4.642289484817350967e+03
4.643584572901655520e+03
4.644879678437250732e+03
4.646174801422918790e+03
4.647469941859692881e+03
4.648765099737083801e+03
4.650060275043034380e+03
4.651355467776478690e+03
4.652650677943682240e+03
4.653945905541447246e+03
4.655241150559282687e+03
4.656536412992484657e+03
4.657831692830836801e+03
4.659126990067246879e+03
4.660422304703453847e+03
4.661717636736609165e+03
4.663012986166234441e+03
4.664308352991843094e+03
4.665603737203049604e+03
4.666899138792746271e+03
4.668194557770902975e+03
4.669489994131024105e+03
4.670785447857278996e+03
4.672080918944892801e+03
4.673376407394610396e+03
4.674671913202888391e+03
4.675967436368021481e+03
4.677262976889298443e+03
4.678558534765243166e+03
4.679854109988023993e+03
4.681149702549523681e+03
4.682445312444328920e+03
4.683740939671117303e+03
4.685036584226876585e+03
4.686332246104827391e+03
4.687627925295576460e+03
4.688923621790278048e+03
4.690219335584894907e+03
4.691515066679406118e+03
4.692810815072351033e+03
4.694106580761443183e+03
4.695402363739955035e+03
4.696698163997186384e+03
4.697993981529345547e+03
4.699289816340475227e+03
4.700585668431742306e+03
4.701881537796421981e+03
4.703177424427778533e+03
4.705122135494108988e+03
4.707065187876842174e+03
4.708361143515237927e+03
4.709657116393412252e+03
4.710953106517650667e+03
4.712249113866138032e+03
4.713545138420039621e+03
4.714841180192686807e+03
4.716137239193819369e+03
4.717433315410421528e+03
4.718729408827354746e+03
4.720025519460913529e+03
4.721321647318008218e+03
4.722617792371043834e+03
4.723913954606648076e+03
4.725210134023115643e+03
4.726506330610701298e+03
4.727802544371431395e+03
4.729098775306295465e+03
4.730395023408133966e+03
4.731691288671489929e+03
4.732987571095691237e+03
4.734283870674181344e+03
4.735580187399592432e+03
4.736876521265558040e+03
4.738172872267004095e+03
4.739469240393498694e+03
4.740765625636295226e+03
4.742062027995305471e+03
4.743358447477874506e+03
4.744654884084016885e+03
4.745951337797334418e+03
4.747247808611055916e+03
4.748544296524307356e+03
4.749840801529206146e+03
4.751137323621781434e+03
4.752433862802362455e+03
4.753730419070311655e+03
4.755026992413439984e+03
4.756323582820742558e+03
4.757620190290464961e+03
4.758916814818647254e+03
4.760213456401083931e+03
4.761510115029997905e+03
4.762806790695377458e+03
4.764103483389445501e+03
4.765400193112990564e+03
4.766696919865992641e+03
4.767993663642526371e+03
4.769290424440288007e+03
4.770587202258488105e+03
4.771883997092801110e+03
4.773180808933733715e+03
4.774477637774080904e+03
4.775774483606774083e+03
4.777071346426276250e+03
4.778368226228817548e+03
4.779665123014972778e+03
4.780962036777244066e+03
4.782258967509622380e+03
4.783555915208498845e+03
4.784852879876442785e+03
4.786149861508989488e+03
4.787446860095961711e+03
4.789393212014837445e+03
4.791337957509467742e+03
4.792635023849254139e+03
4.793932107127696327e+03
4.795229207341021720e+03
4.796526324475712499e+03
4.797823458531779579e+03
4.799120609512612646e+03
4.800417777404135450e+03
4.801714962195078442e+03
4.803012163883322501e+03
4.804309382465819908e+03
4.805606617940858087e+03
4.806903870304009615e+03
4.808201139552186760e+03
4.809498425677937121e+03
4.810795728676815088e+03
4.812093048552182154e+03
4.813390385305825475e+03
4.814687738932206230e+03
4.815985109415426450e+03
4.817282496746330253e+03
4.818579900921017725e+03
4.819877321942160052e+03
4.821174759819763494e+03
4.822472214548084594e+03
4.823769686103657477e+03
4.825067174488189266e+03
4.826364679717526087e+03
4.827662201791646112e+03
4.828959740695377150e+03
4.830257296411670723e+03
4.831554868923466529e+03
4.832852458223126632e+03
4.834150064318747354e+03
4.835447687226068410e+03
4.836745326942423162e+03
4.838042983456434740e+03
4.839340656763759398e+03
4.840638346864408049e+03
4.841936053753118358e+03
4.843233777425878543e+03
4.844531517883084234e+03
4.845829275125062850e+03
4.847127049145417914e+03
4.848424839938018522e+03
4.849722647497877915e+03
4.851020471820874263e+03
4.852318312903356855e+03
4.853616170736057029e+03
4.854914045312281814e+03
4.856211936630486889e+03
4.857510288485675119e+03
4.858808433430579498e+03
4.860106661455030007e+03
4.861404620501652971e+03
4.862702376936486871e+03
4.863999638313433024e+03
4.865297644469199440e+03
4.866595669662798173e+03
4.867893711577313297e+03
4.869191770203168744e+03
4.870489845533546031e+03
4.871787937563333799e+03
4.873086046286046439e+03
4.874384171701410196e+03
4.875682313814317240e+03
4.876980472629811629e+03
4.878928477047436900e+03
4.880875049234245125e+03
4.882173274800211402e+03
4.883471517040341496e+03
4.884769775944334469e+03
4.886068051506286793e+03
4.887366343729266191e+03
4.888664652613828366e+03
4.889962978150390882e+03
4.891261320340044222e+03
4.892559679182309992e+03
4.893858054672858998e+03
4.895156446799550395e+03
4.896454855557813971e+03
4.897753280949246800e+03
4.899051722974243603e+03
4.900350181625013647e+03
4.901648656896209104e+03
4.902947148796374677e+03
4.904245684289138808e+03
4.905543881817644433e+03
4.906842422298104793e+03
4.908140853753081501e+03
4.909439856264532864e+03
4.910738449165136444e+03
4.912037057307117720e+03
4.913335682037136394e+03
4.914634323348679573e+03
4.915932981237974673e+03
4.917231655703854813e+03
4.918530346744511917e+03
4.919829054360545342e+03
4.921127778550740004e+03
4.922426519313568861e+03
4.923725276638189825e+03
4.925024050504282968e+03
4.926322840917748181e+03
4.927621647891478460e+03
4.928920471417022782e+03
4.930219311477531846e+03
4.931518168077444898e+03
4.932817041232202428e+03
4.934115930925686371e+03
4.935414837135336711e+03
4.936713759865340762e+03
4.938012699126218649e+03
4.939311654914351493e+03
4.940610627218543414e+03
4.941909616043295500e+03
4.943208621387187122e+03
4.944507643235454452e+03
4.945806681583438149e+03
4.947105736433377388e+03
4.948404807779033035e+03
4.949703895613132772e+03
4.951002999933625688e+03
4.952302120743604974e+03
4.953601258035847422e+03
4.954900411799263566e+03
4.956199582024970368e+03
4.957498768723372450e+03
4.958797971901381061e+03
4.960097191553848461e+03
4.961396427669262266e+03
4.962695680241787159e+03
4.963994949271171208e+03
4.965294234757047889e+03
4.966593536697844684e+03
4.967892855085697192e+03
4.969192189922684520e+03
4.970491541204070927e+03
4.971790908919198046e+03
4.973631619949023843e+03
4.975402775149127592e+03
4.976988544188398009e+03
4.978287994076583345e+03
4.979587460383984762e+03
4.980886943113893722e+03
4.982186442255445399e+03
4.983485957785861501e+03
4.984785489702673658e+03
4.986085038013840858e+03
4.987384602721353986e+03
4.988684183826492699e+03
4.989983781329707199e+03
4.991283395230004317e+03
4.992583025515306872e+03
4.993882672183829527e+03
4.995182335241843248e+03
4.996482014676942526e+03
4.997781710471077531e+03
4.999081422626655694e+03
5.000381151146913908e+03
5.001680896028859024e+03
5.002980657266272829e+03
5.004280434856504144e+03
5.005580228799777615e+03
5.006880039087557634e+03
5.008179865710548256e+03
5.009479708664282953e+03
5.010779567951729405e+03
5.012079443566024565e+03
5.013379335502457252e+03
5.014679243767399385e+03
5.015979168356143418e+03
5.017279109258592143e+03
5.018579066472827435e+03
5.019879040004013405e+03
5.021179029847764468e+03
5.022479035991500496e+03
5.023779058428737699e+03
5.025079097159641606e+03
5.026379152182383223e+03
5.027679223488557909e+03
5.028979311077937382e+03
5.030279414953110063e+03
5.031579535105861396e+03
5.032879671530519772e+03
5.034179824224988806e+03
5.035479993185464082e+03
5.036780178401130797e+03
5.038080379866418298e+03
5.039380597581165603e+03
5.040680831542863416e+03
5.041981081742705101e+03
5.043281348181878457e+03
5.044581630863974169e+03
5.045881929780238352e+03
5.047182244924556471e+03
5.048482576293613420e+03
5.049782923884629781e+03
5.051083287691629266e+03
5.052383667711847920e+03
5.053684063945579510e+03
5.054984476391899989e+03
5.056284905042370156e+03
5.057585349889478493e+03
5.058885810924779435e+03
5.060186288147669075e+03
5.061486781558241091e+03
5.062787291161241228e+03
5.064087816952974208e+03
5.065388358919536586e+03
5.066688917050847522e+03
5.067989491344058479e+03
5.069290081799937980e+03
5.070590688410256007e+03
5.071891311170039444e+03
5.073191950083471966e+03
5.074492605144066147e+03
5.076328949861854198e+03
5.078097438340831104e+03
5.079695386803449765e+03
5.080996122565811675e+03
5.082296874450840733e+03
5.083597642451902175e+03
5.084898426561812812e+03
5.086199226788044143e+03
5.087500043130083213e+03
5.088800875568961601e+03
5.090101724107174959e+03
5.091402588747138907e+03
5.092703469478953593e+03
5.094004366293755993e+03
5.095305279196057199e+03
5.096606208185259675e+03
5.097907153260076484e+03
5.099208114413513613e+03
5.100509091643756619e+03
5.101810084943532274e+03
5.103111094309263535e+03
5.104412119747845281e+03
5.105713161253739599e+03
5.107014218814404558e+03
5.108315292421054437e+03
5.109616382070142208e+03
5.110917487759274991e+03
5.112218609491309508e+03
5.113519747269202526e+03
5.114820901092562053e+03
5.116122070958048425e+03
5.117423256855931868e+03
5.118724458783097361e+03
5.120025676739833216e+03
5.121326910710224183e+03
5.122628160685144394e+03
5.123929426682247140e+03
5.125230708699153183e+03
5.126532006720864956e+03
5.127833320743878176e+03
5.129134650765063270e+03
5.130435996777408036e+03
5.131737358779054375e+03
5.133038736775164580e+03
5.134340130770446194e+03
5.135641540755460483e+03
5.136942966722839628e+03
5.138244408672028840e+03
5.139545866594435211e+03
5.140847340484785491e+03
5.142148830341112443e+03
5.143450336164713917e+03
5.144751857951121565e+03
5.146053395694688334e+03
5.147354949401411432e+03
5.148656519068664238e+03
5.149958104690098480e+03
5.151259706259334052e+03
5.152561323773942604e+03
5.153862957231308428e+03
5.155164606626749446e+03
5.156466271960644008e+03
5.157767953236127141e+03
5.159069650450181143e+03
5.160371363595034381e+03
5.161673092665270815e+03
5.162974837657357057e+03
5.164276598566561916e+03
5.165578375391679401e+03
5.166880168134005544e+03
5.168181976789322107e+03
5.169483801349741952e+03
5.170785641812674839e+03
5.172087498179023896e+03
5.173389370446433531e+03
5.174691258607429518e+03
5.175993162662251962e+03
5.177295082615914907e+03
5.178597018457864579e+03
5.179898970181306140e+03
5.181200937784885355e+03
5.182502921270033767e+03
5.183804920629660955e+03
5.185106935858535508e+03
5.186408966962536397e+03
5.188239007752607904e+03
5.190003875427725688e+03
5.191617250040290855e+03
5.192919360453520312e+03
5.194221486703923802e+03
5.195523628792465388e+03
5.196825786729375977e+03
5.198127960506611089e+03
5.199430150119263999e+03
5.200732355568446110e+03
5.202034576849846417e+03
5.203336813955696016e+03
5.204639066886182263e+03
5.205941335640628495e+03
5.207243620209163964e+03
5.208545920586978355e+03
5.209848236780691877e+03
5.211150568778065463e+03
5.212452916565358464e+03
5.213755280143222080e+03
5.215057659519296976e+03
5.216360054690800098e+03
5.217662465647164026e+03
5.218964892386492465e+03
5.220267334909406600e+03
5.221569793205905626e+03
5.222872267269231997e+03
5.224174757099301132e+03
5.225477262705329849e+03
5.226779784081981234e+03
5.228082321219649202e+03
5.229384874117467916e+03
5.230687442775149066e+03
5.231990027184025166e+03
5.233292627341083062e+03
5.234595243240685704e+03
5.235897874884397424e+03
5.237200522269357862e+03
5.238503185391602528e+03
5.239805864240319352e+03
5.241108558808304224e+03
5.242411269100878599e+03
5.243713995119828724e+03
5.245016736855831368e+03
5.246319494310650043e+03
5.247622267484654003e+03
5.248925056366179888e+03
5.250227860942122788e+03
5.251530681209116665e+03
5.252833517171218773e+03
5.254136368830246283e+03
5.255439236180453918e+03
5.256742119223757072e+03
5.258045017953590104e+03
5.259347932366305031e+03
5.260650862458725896e+03
5.261953808231155563e+03
5.263256769679871468e+03
5.264559746801814072e+03
5.265862739589395460e+03
5.267165748039600658e+03
5.268468772155883926e+03
5.269771811929418618e+03
5.271074867355540846e+03
5.272377938434165117e+03
5.273681025158535704e+03
5.274984127526797238e+03
5.276287245543933750e+03
5.277590379206594662e+03
5.278893528510178839e+03
5.280196693461879477e+03
5.281499874055733926e+03
5.282803070286392540e+03
5.284106282152009953e+03
5.285409509646565311e+03
5.286712752762612581e+03
5.288016011500748391e+03
5.289319285859734009e+03
5.290622575839742240e+03
5.291925881438488432e+03
5.293229202651921696e+03
5.294532539475728299e+03
5.295835891907261612e+03
5.297139259946146012e+03
5.298442643590124135e+03
5.299746042833693537e+03
5.301049457674038422e+03
5.302352888106705905e+03
5.303656334129879724e+03
5.304959795739337096e+03
5.306263272934818815e+03
5.307566765714431313e+03
5.308870274077183240e+03
5.310173826740250661e+03
5.312129577843342304e+03
5.314084480164874549e+03
5.315388066410996544e+03
5.316691651444371928e+03
5.317995268737320657e+03
5.319298901679146184e+03
5.320602550177775811e+03
5.321906214230893056e+03
5.323209893841381017e+03
5.324513589000648608e+03
5.325817299705734513e+03
5.327121025961442683e+03
5.328424767762354350e+03
5.329728525098698810e+03
5.331032297968820785e+03
5.332336086371546116e+03
5.333639890309838847e+03
5.334943709781637153e+03
5.336247544764139093e+03
5.337551395245739513e+03
5.338855261237314153e+03
5.340159142747570513e+03
5.341463039790228322e+03
5.342766952381643932e+03
5.344070880509719245e+03
5.345374824149659617e+03
5.346678783293413289e+03
5.347982757929549734e+03
5.349286748052451003e+03
5.350590753668544494e+03
5.351894774787293500e+03
5.353198811407537505e+03
5.354502863527056434e+03
5.355806931140228698e+03
5.357111014236552364e+03
5.358415112807465448e+03
5.359719226851767417e+03
5.361023356372125818e+03
5.362327501364255113e+03
5.363631661821737907e+03
5.364935837737587462e+03
5.366240029113639139e+03
5.367544235949315407e+03
5.368848458243491223e+03
5.370152695987797415e+03
5.371456949184706900e+03
5.372761217834512536e+03
5.374065501934052918e+03
5.375369801474257656e+03
5.376674116453953502e+03
5.377978446871606138e+03
5.379282792722498016e+03
5.380587154001016643e+03
5.381891530710001462e+03
5.383195922851616160e+03
5.384500330420591126e+03
5.385804753409860496e+03
5.387109191816341990e+03
5.388413645641143376e+03
5.389718114885744399e+03
5.391022599542628996e+03
5.392327099599830035e+03
5.393631615058568059e+03
5.394936145921491516e+03
5.396240692185153421e+03
5.397545253848717948e+03
5.398849830910368837e+03
5.400154423367115669e+03
5.401459031211273214e+03
5.402763654436586876e+03
5.404068293041828838e+03
5.405372947025524809e+03
5.406677616386953559e+03
5.407982301124755395e+03
5.409287001238953962e+03
5.410591716726413324e+03
5.411896447582383189e+03
5.413201193814298676e+03
5.414505955416461802e+03
5.415810732382512469e+03
5.417115524713381092e+03
5.418420332395488003e+03
5.419725155428640392e+03
5.421029993819970514e+03
5.422334847561196511e+03
5.423639716639661856e+03
5.424944601064583367e+03
5.426249500839388929e+03
5.427554415954852630e+03
5.428859346403211930e+03
5.430164292187163483e+03
5.431469253306368955e+03
5.432774229757383182e+03
5.434079221537631383e+03
5.435384228646754309e+03
5.436689251078350026e+03
5.437994288831768245e+03
5.439299341903559252e+03
5.440604410289821317e+03
5.441909493990814553e+03
5.443214593008294287e+03
5.444519707331074642e+03
5.445824836961061010e+03
5.447129981896566278e+03
5.448435142124892991e+03
5.450072230944713738e+03
5.451834133857401866e+03
5.453655936022280002e+03
5.454961172728674683e+03
5.456266424718937742e+03
5.457571691991369335e+03
5.458876974544188670e+03
5.460182272382188785e+03
5.461487585496724023e+03
5.462792913879127809e+03
5.464098257526470661e+03
5.465403616434357900e+03
5.466708990600331163e+03
5.468014380026716935e+03
5.469319784713024092e+03
5.470625204656491405e+03
5.471930639848917053e+03
5.473236090294250062e+03
5.474541555995847375e+03
5.475847036940514954e+03
5.477152533123368812e+03
5.478458044544434415e+03
5.479763571200286606e+03
5.481069113082034164e+03
5.482374670183495255e+03
5.483680242502479814e+03
5.484985830041110603e+03
5.486291604804733652e+03
5.487597223684054370e+03
5.488902856951050126e+03
5.490208505424672694e+03
5.491514169099233186e+03
5.492819847974275945e+03
5.494125837522770780e+03
5.495431548053801635e+03
5.496737272354664128e+03
5.498043011840318286e+03
5.499348766508752306e+03
5.500654830218163625e+03
5.501960616517302697e+03
5.503266416588407083e+03
5.504572524322740719e+03
5.505878355975295563e+03
5.507184201391823990e+03
5.508490061967054316e+03
5.509795937698279886e+03
5.511101828579239736e+03
5.512407766022946817e+03
5.513713687096298599e+03
5.515019623167022473e+03
5.516325574383788990e+03
5.517631540739858792e+03
5.518937372853923080e+03
5.520243368835627734e+03
5.521549380656310859e+03
5.522855618407043039e+03
5.524161661353515228e+03
5.525467359616318390e+03
5.526773253373411535e+03
5.528078738801545114e+03
5.529384839046938396e+03
5.530690957284314209e+03
5.531997090634764390e+03
5.533303239096801917e+03
5.534609402659612897e+03
5.535915581318957265e+03
5.537221775075103324e+03
5.538527983930971459e+03
5.539834207880539907e+03
5.541140446919890564e+03
5.542446701040445987e+03
5.543752970244689095e+03
5.545059254535948639e+03
5.546365553904879562e+03
5.547671868357624589e+03
5.548978197894720324e+03
5.550284542506405160e+03
5.551590902187087522e+03
5.552897276943660472e+03
5.554203666771109965e+03
5.555510071662165501e+03
5.556816491614574261e+03
5.558122926632179770e+03
5.559429376718764615e+03
5.560735841868581701e+03
5.562042322078167672e+03
5.563348817345251518e+03
5.564655327667444908e+03
5.565961853044047530e+03
5.567268393474839286e+03
5.568574948956018488e+03
5.569881519486564684e+03
5.571188105067881224e+03
5.572494705702236388e+03
5.573801321385046322e+03
5.575107309146637817e+03
5.576414597901241905e+03
5.577721258728088287e+03
5.579027934590812947e+03
5.580334625487137600e+03
5.581641331411044121e+03
5.582948052356262451e+03
5.584254788325019945e+03
5.585561539315663140e+03
5.586868305326432164e+03
5.588175086356878637e+03
5.589481882407763806e+03
5.590788693484979376e+03
5.592095519589299329e+03
5.593402360716048861e+03
5.594709216866403040e+03
5.596016088041999865e+03
5.597322974237314156e+03
5.598629875442200500e+03
5.599936791651617568e+03
5.601243722876210086e+03
5.602550669113908953e+03
5.603857630358449569e+03
5.605164606612173884e+03
5.606471597874879080e+03
5.607778604140011339e+03
5.609085625406931285e+03
5.610392661671164205e+03
5.611699712931915201e+03
5.613508709663085938e+03
5.615266374746900510e+03
5.616928067876258865e+03
5.618235194080134534e+03
5.619542335266783084e+03
5.620849491438410951e+03
5.622156662594631598e+03
5.623463848734837484e+03
5.624771049862083601e+03
5.626078265968758387e+03
5.627385497044022486e+03
5.628692743086966402e+03
5.630000004091624760e+03
5.631307280055445517e+03
5.632614570979088967e+03
5.633921876862216777e+03
5.635229197703361024e+03
5.636536533501319354e+03
5.637843884254897603e+03
5.639151249962038492e+03
5.640458630619916221e+03
5.641766026228197006e+03
5.643073436786386992e+03
5.644380862290318873e+03
5.645688302735384241e+03
5.646995758112570911e+03
5.648303228425030284e+03
5.649610713669305369e+03
5.650918213839034252e+03
5.652225728940837143e+03
5.653533258968304835e+03
5.654840803914818935e+03
5.656148363777595478e+03
5.657455938551051986e+03
5.658763528233629586e+03
5.660071132826879875e+03
5.661378752325692403e+03
5.662686386730002596e+03
5.663994036044360655e+03
5.665301136692050932e+03
5.666608814036097101e+03
5.667916508056036037e+03
5.669224696440939624e+03
5.670532505789917195e+03
5.671840244725931370e+03
5.673148272688070392e+03
5.674456286873846693e+03
5.675764341242434057e+03
5.677072140610727729e+03
5.678379872430740761e+03
5.679687593860618108e+03
5.680995436079560932e+03
5.682302692514654154e+03
5.683610562153975479e+03
5.684918449525542201e+03
5.686226351756979966e+03
5.687534268846205123e+03
5.688842200782907639e+03
5.690150147566185296e+03
5.691458109194738427e+03
5.692765867648855419e+03
5.694071049544374546e+03
5.695379041142890856e+03
5.696687307542406415e+03
5.697996414521971019e+03
5.699306181061075222e+03
5.700614255993575171e+03
5.701922336265749436e+03
5.703230431353726999e+03
5.704538541263458683e+03
5.705846665990714428e+03
5.707154805527248755e+03
5.708462959875687375e+03
5.709771129039742846e+03
5.711079313005213407e+03
5.712387511766253738e+03
5.713695725322104408e+03
5.715003953679080951e+03
5.716312196836689509e+03
5.717620454797101957e+03
5.718928727562718450e+03
5.720236210729898630e+03
5.721544023329814081e+03
5.722852338955560299e+03
5.724160670911615853e+03
5.725470309192944114e+03
5.726778674761639195e+03
5.728087051029744543e+03
5.729395442071791877e+03
5.730703847886054973e+03
5.732012268469047740e+03
5.733320703824348129e+03
5.734629153953487730e+03
5.735937618851616207e+03
5.737246098524039553e+03
5.738554592973131548e+03
5.739863102183932824e+03
5.741171626144305264e+03
5.742480164871823945e+03
5.743788718366276953e+03
5.745097286614864061e+03
5.746405869620342855e+03
5.747714467384178533e+03
5.749023079901433448e+03
5.750331707169915717e+03
5.751640349187257016e+03
5.752949005950757964e+03
5.754257677456712372e+03
5.755566363704449032e+03
5.756875064697352173e+03
5.758183780433731954e+03
5.759492510909045450e+03
5.760801256117862977e+03
5.762109329085369609e+03
5.763418790733499918e+03
5.764727580145313368e+03
5.766036384298352459e+03
5.767345203183347621e+03
5.768654036794614512e+03
5.769962885131987605e+03
5.771271748195511464e+03
5.772580625982448510e+03
5.773889518490978844e+03
5.775198425724200206e+03
5.776507347680181738e+03
5.777816284360241298e+03
5.779125235756142501e+03
5.780434201867253250e+03
5.781743182701413389e+03
5.783052178244844981e+03
5.784361188481933823e+03
5.785670213416235129e+03
5.786979253056711059e+03
5.788288307402120154e+03
5.789597376453537436e+03
5.790906460207804230e+03
5.792215558664066521e+03
5.793524671817551280e+03
5.794833799666426785e+03
5.796142942210056390e+03
5.797452099447153159e+03
5.798761271379278696e+03
5.800070457998011079e+03
5.801379659294620069e+03
5.802688875276802719e+03
5.803998105948227931e+03
5.805307351298765752e+03
5.806616611328326144e+03
5.807925886041317426e+03
5.809235175432484539e+03
5.810544479494090410e+03
5.811853798223947706e+03
5.813163131630035423e+03
5.814472479704238140e+03
5.816097199039051702e+03
5.817775575938075235e+03
5.819445469195868100e+03
5.821019440013218627e+03
5.822328876060503717e+03
5.823638326759354641e+03
5.824947792103085703e+03
5.826257272095713233e+03
5.827566766737999387e+03
5.828876276032175156e+03
5.830185799974910879e+03
5.831495338562725010e+03
5.832804891793401111e+03
5.834114459666287985e+03
5.835424042178307900e+03
5.836733639328599565e+03
5.838043251110230813e+03
5.839352877520632319e+03
5.840662518568482483e+03
5.841972174244971029e+03
5.843281844543312218e+03
5.844591529471412287e+03
5.845901229026075271e+03
5.847210943196520020e+03
5.848520671981323176e+03
5.849830415387169523e+03
5.851140173412026343e+03
5.852449946046688638e+03
5.853759733283248352e+03
5.855069535118896056e+03
5.856379351561481599e+03
5.857689182610242824e+03
5.858999028260500381e+03
5.860308888515539365e+03
5.861618763373196998e+03
5.862928652825304198e+03
5.864238556875401628e+03
5.865548475522685294e+03
5.866858408766365756e+03
5.868168356609858165e+03
5.869478319047315381e+03
5.870788296071370496e+03
5.872098287683512353e+03
5.873408293874256742e+03
5.874718314641041616e+03
5.876028349987504953e+03
5.877338399911833221e+03
5.878648464410457564e+03
5.879958543487370662e+03
5.881268637138448867e+03
5.882578745361111942e+03
5.883888868152886971e+03
5.885199005519115417e+03
5.886509157460956885e+03
5.887819323978802458e+03
5.889129505071162384e+03
5.890439700729748438e+03
5.891749910952216851e+03
5.893060135733042443e+03
5.894370375069967849e+03
5.895680628962608353e+03
5.896990897408186356e+03
5.898301180406584535e+03
5.899611477953803842e+03
5.900921790044908448e+03
5.902232116678729653e+03
5.903542457858499802e+03
5.904852813578676432e+03
5.906163183837605175e+03
5.907473568636805794e+03
5.908783967976220993e+03
5.910094381854224594e+03
5.911404810269749760e+03
5.912715253222381762e+03
5.914025710710038766e+03
5.915336182727010055e+03
5.916646669281176401e+03
5.917957170372809742e+03
5.919267685994289423e+03
5.920578216145080660e+03
5.921888760827588158e+03
5.923199320028820694e+03
5.924509893751016534e+03
5.925820481999301592e+03
5.927131084769303015e+03
5.928441702053516565e+03
5.929752333851053663e+03
5.931062980166003399e+03
5.932373641002473050e+03
5.933684316351739653e+03
5.934995006211925102e+03
5.936305710577325044e+03
5.937616429448531562e+03
5.938927162830317684e+03
5.940237910721549270e+03
5.941548673118265469e+03
5.942859450019467658e+03
5.944170241424801134e+03
5.945481047332668822e+03
5.946791867736052154e+03
5.948102702634412708e+03
5.949413552027725927e+03
5.950724415913878147e+03
5.952035294297857945e+03
5.953346187177860884e+03
5.954657094554318064e+03
5.955968016422978508e+03
5.957278952777976883e+03
5.958589903619875258e+03
5.959900868949309370e+03
5.961211848756151994e+03
5.962522843045267109e+03
5.963833851815992602e+03
5.965144875068158399e+03
5.966455912799511680e+03
5.967766965012845503e+03
5.969078031709424977e+03
5.970389112884035967e+03
5.971700208538957668e+03
5.973011318665201543e+03
5.974322443256540282e+03
5.975633582312547333e+03
5.976944735839859277e+03
5.978255903836624384e+03
5.979567086297102833e+03
5.980878283222063146e+03
5.982189494610122892e+03
5.983500720461097444e+03
5.984811960777248714e+03
5.986123215553111550e+03
5.987434484789034286e+03
5.988745768485233384e+03
5.990057066639828918e+03
5.991368379247932353e+03
5.992679706314566829e+03
5.993991047833609628e+03
5.995302403809119824e+03
5.996613774235118399e+03
5.997925159106506726e+03
5.999236558422927374e+03
6.000547972188725907e+03
6.001859400402031497e+03
6.003170843057900129e+03
6.004482300155314078e+03
6.005793771692054179e+03
6.007105257665255522e+03
6.008416758066778129e+03
6.009728272901960736e+03
6.011039802171714655e+03
6.012351345874356412e+03
6.013662904007498582e+03
6.014974476577138375e+03
6.016286063583188479e+03
6.017597665018238331e+03
6.018909280881632185e+03
6.020220911174261346e+03
6.021532555883675741e+03
6.022844215010845801e+03
6.024155888553458681e+03
6.025467576511031439e+03
6.026779278887546752e+03
6.028090995689759438e+03
6.029402726909881494e+03
6.030714472542358635e+03
6.032026232585239086e+03
6.033338007038929391e+03
6.034649795899284982e+03
6.035961599163465507e+03
6.037273416834157615e+03
6.038585248905522349e+03
6.039897095374764831e+03
6.041208956251678501e+03
6.042520831530755459e+03
6.043832721204609697e+03
6.045144625271988843e+03
6.046456543737154789e+03
6.047768476596978871e+03
6.049080423849876752e+03
6.050392385493444635e+03
6.051704361526252796e+03
6.053015664415733227e+03
6.054328356760011047e+03
6.055640375950360976e+03
6.056952409520458787e+03
6.058264457469560512e+03
6.059576519800858478e+03
6.060888596508965747e+03
6.062200687597390242e+03
6.063512793060731383e+03
6.064824912896805472e+03
6.066137047101136886e+03
6.067449195668785251e+03
6.068761358598415427e+03
6.070073535891681786e+03
6.071385727550380579e+03
6.072697933573808768e+03
6.074010153960917705e+03
6.075322388709128063e+03
6.076634637820206081e+03
6.077946901292150869e+03
6.079259179121778288e+03
6.080571471302336249e+03
6.081883777829801147e+03
6.083196098704580436e+03
6.084508433927137048e+03
6.085820783497212688e+03
6.087133147413441293e+03
6.088445525673974771e+03
6.089757918276291093e+03
6.091070325223673535e+03
6.092382746508403216e+03
6.093695182130983085e+03
6.095007632085284058e+03
6.096320096375012326e+03
6.097632574996351650e+03
6.098945067950277917e+03
6.100257575233370517e+03
6.101570096844343425e+03
6.102882632782288965e+03
6.104195183046092097e+03
6.105507747638795081e+03
6.106820326556341570e+03
6.108132919799038064e+03
6.109445527361565837e+03
6.110758149249169946e+03
6.112070785456287922e+03
6.113383435980061222e+03
6.114696100819352978e+03
6.116008779971292824e+03
6.117321473430423794e+03
6.118634181199216073e+03
6.119946903284009750e+03
6.121259639682253692e+03
6.122896530550886382e+03
6.124521343247712139e+03
6.126081332221615412e+03
6.127568421130907154e+03
6.129136358504034433e+03
6.130449195034004333e+03
6.131762045861486513e+03
6.133074910987209478e+03
6.134387790412582945e+03
6.135700684141573220e+03
6.137013592174548648e+03
6.138326514510821653e+03
6.139639451144667873e+03
6.140952402073470694e+03
6.142265367293952295e+03
6.143578346806424634e+03
6.144891340607860911e+03
6.146204348702019161e+03
6.147517371087253196e+03
6.148830407760968228e+03
6.150143458721031493e+03
6.151456523967032808e+03
6.152769603501769780e+03
6.154082697328798531e+03
6.155395805447220482e+03
6.156708927851400404e+03
6.158022064540992687e+03
6.159335215517392498e+03
6.160648380773791359e+03
6.161961560310325694e+03
6.163274754132696216e+03
6.164587962242664616e+03
6.165901184633336015e+03
6.167214421300239337e+03
6.168527672249594616e+03
6.169840937484732422e+03
6.171154217002680525e+03
6.172467510792479516e+03
6.173780818855590041e+03
6.175094141195369957e+03
6.176407477817656400e+03
6.177720828716087453e+03
6.179034193892194708e+03
6.180347573342760370e+03
6.181660967070574770e+03
6.182974375066528410e+03
6.184287797331611728e+03
6.185601233865430913e+03
6.186914684668149675e+03
6.188228149738315551e+03
6.189541629081564679e+03
6.190855122697206752e+03
6.192167955771418747e+03
6.193482152717264398e+03
6.194795689121789110e+03
6.196109239789504500e+03
6.197422804722520596e+03
6.198736383916490922e+03
6.200049977377767391e+03
6.201363585105091261e+03
6.202677207093503057e+03
6.203990843341489381e+03
6.205304493847887898e+03
6.206618158610904175e+03
6.207931837625743356e+03
6.209245530896444507e+03
6.210559238421756163e+03
6.211872960204652372e+03
6.213186696239817138e+03
6.214500446523931714e+03
6.215814211058695946e+03
6.217127989840269947e+03
6.218441782869378585e+03
6.219755590149713498e+03
6.221069411683170074e+03
6.222383247461232713e+03
6.223697097481965102e+03
6.225010961743592816e+03
6.226324840243910330e+03
6.227638732981502471e+03
6.228952639960641136e+03
6.230266561182205805e+03
6.231580496641418904e+03
6.232894446337671070e+03
6.234208410278923111e+03
6.235522388461833543e+03
6.236836380879222816e+03
6.238150387532182322e+03
6.239464408420079053e+03
6.240778443536600207e+03
6.242092492884047715e+03
6.243406556456316139e+03
6.244720634257142592e+03
6.246034726285698525e+03
6.247348832541407319e+03
6.248662953021312205e+03
6.249977087727604157e+03
6.251291236658495109e+03
6.252605399809901428e+03
6.253919577176205166e+03
6.255233768763119770e+03
6.256547974574064028e+03
6.257862194608688696e+03
6.259176428867419418e+03
6.260490677344554570e+03
6.261804940036763583e+03
6.263119216937806414e+03
6.264433508048260592e+03
6.265747813371406664e+03
6.267062132903850397e+03
6.268376466642030209e+03
6.269690814594451695e+03
6.271005176758458219e+03
6.272319553130230815e+03
6.273633943706112404e+03
6.274948348487064322e+03
6.276262767472710038e+03
6.277577200665793498e+03
6.278891648062956847e+03
6.280206109659676258e+03
6.281520585455357832e+03
6.282835075451462217e+03
6.284149579648276813e+03
6.285464098050802932e+03
6.286778630655617235e+03
6.288093177461358209e+03
6.289407738465170951e+03
6.290722313661219232e+03
6.292036903042010636e+03
6.293351506606813928e+03
6.294666124362663140e+03
6.295980756308937089e+03
6.297295402449309222e+03
6.298610062796732564e+03
6.299924737350449504e+03
6.301239426092296526e+03
6.302554129021668814e+03
6.303868846137253058e+03
6.305183577422290909e+03
6.306498322874099358e+03
6.307813082505368584e+03
6.309127856318393242e+03
6.310442644307696355e+03
6.311757446461689142e+03
6.313072262783579390e+03
6.314387093288291908e+03
6.315701937969559367e+03
6.317016796824250378e+03
6.318331669854364009e+03
6.319646557063138061e+03
6.320961458443923220e+03
6.322276373995937320e+03
6.323591303722739212e+03
6.324906247613985215e+03
6.326221205672435644e+03
6.327536177899593895e+03
6.328851164289190820e+03
6.330166164847541950e+03
6.331481179571478606e+03
6.332796208456927161e+03
6.334111251497857666e+03
6.335426308694124600e+03
6.336741380046417362e+03
6.338056465555495379e+03
6.339371565219604236e+03
6.340686679039327828e+03
6.342001807005127375e+03
6.343316949113676856e+03
6.348577659122453952e+03
6.349892872035684377e+03
6.351208099099220817e+03
6.352523340310157437e+03
6.353838595668059497e+03
6.355153865172651422e+03
6.356469148818066060e+03
6.357784446607414793e+03
6.359099758541312440e+03
6.360415084618686706e+03
6.361730424842028697e+03
6.363045779222270539e+03
6.364361147756777427e+03
6.365676530430213461e+03
6.366991927241951089e+03
6.368307338183094544e+03
6.369622763244788985e+03
6.370938202426910721e+03
6.372253655744305433e+03
6.373569123196743021e+03
6.374884604786835553e+03
6.376200100511153323e+03
6.377515610378690326e+03
6.378831134382589880e+03
6.380146672510909411e+03
6.381462224766108193e+03
6.382777791149909717e+03
6.384093371669001499e+03
6.385408966320849686e+03
6.386724575099189678e+03
6.388040198005653110e+03
6.389355835039067642e+03
6.390671486198835737e+03
6.391987151480976536e+03
6.393302830890005680e+03
6.394618524425567557e+03
6.395934232090478872e+03
6.397249953886053845e+03
6.398565689810651747e+03
6.399881439862688239e+03
6.401197204037973279e+03
6.402512982329581064e+03
6.403828774738371976e+03
6.405144581270976232e+03
6.406460401928570718e+03
6.407776236714921652e+03
6.409092085622319246e+03
6.410407948651424704e+03
6.411723825802268038e+03
6.413039717071073937e+03
6.414355622455271259e+03
6.415671541958216949e+03
6.416987475579704551e+03
6.418303423318989189e+03
6.419619385174948548e+03
6.420935361147200638e+03
6.428831513461116629e+03
6.430147588249344153e+03
6.431463677150374679e+03
6.432779780166466480e+03
6.434095897296830117e+03
6.435412028541850304e+03
6.436728173897802662e+03
6.438044333366794490e+03
6.439360506943252403e+03
6.440676694629053600e+03
6.441992896422757440e+03
6.498602914718212560e+03
6.499919736871738678e+03
6.501236573115644205e+03
6.502553423432583259e+03
6.503870287824941443e+03
6.505187166302679543e+03
6.506504058863575665e+03
6.507820965509661619e+03
6.509137886246383459e+03
6.510454821070826256e+03
6.511771769979477540e+03
6.513088732966411044e+03
6.514405710033602190e+03
6.515722701186843551e+03
6.517039706427643978e+03
6.518356725752449165e+03
6.519673759162023089e+03
6.520990806651391722e+03
6.522307347706449946e+03
6.523624943875118333e+03
6.524942033598902526e+03
6.526259137402701526e+03
6.527576255290475274e+03
6.528893387260053714e+03
6.530210533313841552e+03
6.531527693453354914e+03
6.532844867677174079e+03
6.534162055986394989e+03
6.535479258375865356e+03
6.536796474837940877e+03
6.538113705370016760e+03
6.539430949976579541e+03
6.540748208659377269e+03
6.542065481420837386e+03
6.543382768262800710e+03
6.544700069183540108e+03
6.546017384186064191e+03
6.547334713271791770e+03
6.548652056433116741e+03
6.549969413678033561e+03
6.551286785005911042e+03
6.552604170414283544e+03
6.553921569898146117e+03
6.560508778414294284e+03
6.561826262355129074e+03
6.563143760381401080e+03
6.564461272485445988e+03
6.565778798667683077e+03
6.567096338928748992e+03
6.568413893264360013e+03
6.569731461675527498e+03
6.571049044160992707e+03
6.572366640720798387e+03
6.573684251356391542e+03
6.575001876067004559e+03
6.576319514856967544e+03
6.577637167731881163e+03
6.578954834683298031e+03
6.580272515709571962e+03
6.581590210812961232e+03
6.582907919991872404e+03
6.584225643245850733e+03
6.585543380580434132e+03
6.586861131995588039e+03
6.588178897484944173e+03
6.589496677056341468e+03
6.590814470706998691e+03
6.592132278430533006e+03
6.593450100231014403e+03
6.594767936107160494e+03
6.596085786054045457e+03
6.597403650076463236e+03
6.598721528172854050e+03
6.600039420339587195e+03
6.601357326580337030e+03
6.602675246898043042e+03
6.603993181288813503e+03
6.605311129753250498e+03
6.606629092296234376e+03
6.607947068914599186e+03
6.609265059605986607e+03
6.610583064374185597e+03
6.611901083222640409e+03
6.613217275413914649e+03
6.614537163141726523e+03
6.615855224210044980e+03
6.617173299346160093e+03
6.618491388548591203e+03
6.619809491820059520e+03
6.621127609158488667e+03
6.622445740571072747e+03
6.623763886055970033e+03
6.625082045613620721e+03
6.626400219246993402e+03
6.627718406951409634e+03
6.629036608733867070e+03
6.630354824582429501e+03
6.631673054500307444e+03
6.632991298490251211e+03
6.634309556551328569e+03
6.635627828680465427e+03
6.636946114874726845e+03
6.638264415140216443e+03
6.639582729482880495e+03
6.640901057887596835e+03
6.642219400354395475e+03
6.643537756895175335e+03
6.644856127501019728e+03
6.646174512172548930e+03
6.647492910910555111e+03
6.648811323713258389e+03
6.650129750575735670e+03
6.651448191503763155e+03
6.652766646497692818e+03
6.654085115559822952e+03
6.655403598687627891e+03
6.656722095883774273e+03
6.658040607147211631e+03
6.659359132472234705e+03
6.660679976930918201e+03
6.661996225316302116e+03
6.663314792823673997e+03
6.664633374393708436e+03
6.665951970031736892e+03
6.667270579734112289e+03
6.668589203499742325e+03
6.669907841331072632e+03
6.671226493225196464e+03
6.672545159184423028e+03
6.673863839205843760e+03
6.675182533286236321e+03
6.676501241430655682e+03
6.677819963638204172e+03
6.679138699911684853e+03
6.680457450253142270e+03
6.681776214660084406e+03
6.683094993119858373e+03
6.684413785641142567e+03
6.685732592224908331e+03
6.687051412869256637e+03
6.688370247577452574e+03
6.689689096346126462e+03
6.691007959175257383e+03
6.692326836065744828e+03
6.693645727014863041e+03
6.694964632023393278e+03
6.696283551090926267e+03
6.697602484222195926e+03
6.698921431415449661e+03
6.700240392668696586e+03
6.701559367981170908e+03
6.702878357359702022e+03
6.704197360798785667e+03
6.705516378298840209e+03
6.706835409861488188e+03
6.708154455486569532e+03
6.709473515178093294e+03
6.710792588930849888e+03
6.712111676744666511e+03
6.713430778617259421e+03
6.714749894546447649e+03
6.716069024540251121e+03
6.717388168595494790e+03
6.718707326714026749e+03
6.720026498902820094e+03
6.721345685157154549e+03
6.722664885476591735e+03
6.723984099858159425e+03
6.725303328306722506e+03
6.726622570813664424e+03
6.727941827378495873e+03
6.729261098005408712e+03
6.730580382700731207e+03
6.731899681460191459e+03
6.733218994288488830e+03
6.734538321176709360e+03
6.735857662127412368e+03
6.737177017140655153e+03
6.738496386219054330e+03
6.739815769362286119e+03
6.741135166572425987e+03
6.742454577845688618e+03
6.743774003185091715e+03
6.745093442593650252e+03
6.746412896067508882e+03
6.747732363614300084e+03
6.749051845230497747e+03
6.750371340917105954e+03
6.751690850669122483e+03
6.753010374490324466e+03
6.754329912378449990e+03
6.755649464331381751e+03
6.756969030350760477e+03
6.758288610443587459e+03
6.759608204607771768e+03
6.760927812841062405e+03
6.762247435145264717e+03
6.763567071524974381e+03
6.764886721971684892e+03
6.766206386485802796e+03
6.767526065069176184e+03
6.768845757725593103e+03
6.770165464451436492e+03
6.771485185246765468e+03
6.772804920114099332e+03
6.774124669054777769e+03
6.775444432062641681e+03
6.776764209144681445e+03
6.778084000298880710e+03
6.779403805533385821e+03
6.780723171038956025e+03
6.782043458231285513e+03
6.783363305693426810e+03
6.784683167228139610e+03
6.786003042833891413e+03
6.787322932515257889e+03
6.788642836267328676e+03
6.789962754098267396e+03
6.791282686010014913e+03
6.792602631995038792e+03
6.793922592056993381e+03
6.795242566200900910e+03
6.796562554421278946e+03
6.797882556721170658e+03
6.799202573104566909e+03
6.800522603570961110e+03
6.801842648113553878e+03
6.803162706733929554e+03
6.804482779433275937e+03
6.805802866211075525e+03
6.807122967066518868e+03
6.808443081999982496e+03
6.809763211013104410e+03
6.811083354107488958e+03
6.812403511286226603e+03
6.813723682548216857e+03
6.815043867891341506e+03
6.816364067318668276e+03
6.817684280827591465e+03
6.819004508419164267e+03
6.820324750093537659e+03
6.821645005856768876e+03
6.822965275708122135e+03
6.824285559646791626e+03
6.825605857670094338e+03
6.826926169783548175e+03
6.828246495982181841e+03
6.829566836270990279e+03
6.830887190645307783e+03
6.832207559105937435e+03
6.833527941652111622e+03
6.834848338284924466e+03
6.836168749003309131e+03
6.837489173803338417e+03
6.838809612692935843e+03
6.840130065667198323e+03
6.841450532725062658e+03
6.842771013877032601e+03
6.844091509120176852e+03
6.845412018448158960e+03
6.846732541865113490e+03
6.848053079368818544e+03
6.849373630962033531e+03
6.850694196645829834e+03
6.852014776421716306e+03
6.853332806132679252e+03
6.854270817760073442e+03
6.855394926712918277e+03
6.855978938445936365e+03
6.857297236459543456e+03
6.858617886694715708e+03
6.859938551018834005e+03
6.861259229438490365e+03
6.862579921953490157e+03
6.863900628566919295e+03
6.865221349277485388e+03
6.866542084082381734e+03
6.867862832974914454e+03
6.869183595952353244e+03
6.870504373028006739e+03
6.871825164203947679e+03
6.873145969475966012e+03
6.874466788846909367e+03
6.875787622310992447e+03
6.877108469872381647e+03
6.878429331527688191e+03
6.879750207280544601e+03
6.881071097137415563e+03
6.882392001094929583e+03
6.883712919148880246e+03
6.885033851302547191e+03
6.886354797558111386e+03
6.887675757913171765e+03
6.888996732360799797e+03
6.890317720907785770e+03
6.891638723550638133e+03
6.892959740290035370e+03
6.894280771133268900e+03
6.895601816081584730e+03
6.896922875137052870e+03
6.898243948292347341e+03
6.899565035553877351e+03
6.900886136921317302e+03
6.902207252396030526e+03
6.903528381970098053e+03
6.904849525647618066e+03
6.906170683437469052e+03
6.907491855336242224e+03
6.908813041334836271e+03
6.910134241437331184e+03
6.911455455644748326e+03
6.912776683956568377e+03
6.914097926368282060e+03
6.915419182883188114e+03
6.916740453499826799e+03
6.918061738216217236e+03
6.919383037039372539e+03
6.920704349973817443e+03
6.922025677021122647e+03
6.923347018179370025e+03
6.924668373452740525e+03
6.925989742835233301e+03
6.927311126327551392e+03
6.928632523930733441e+03
6.929953935641075077e+03
6.931275361458659972e+03
6.932596801386996958e+03
6.933918255427060103e+03
6.935239723585411411e+03
6.936561205854466607e+03
6.937882702239593527e+03
6.939204212734883185e+03
6.940525737345790731e+03
6.941847276063253958e+03
6.943168828888674398e+03
6.944490395827071552e+03
6.945811976875653272e+03
6.947133572032906159e+03
6.948455181311169326e+03
6.949776804709189491e+03
6.951098442225109466e+03
6.952420093851526872e+03
6.953741759592477138e+03
6.955063439442165873e+03
6.956385133406932255e+03
6.957706841489872204e+03
6.959028563691250383e+03
6.960350300014106324e+03
6.961672050454691998e+03
6.962993815017578527e+03
6.964315593698908742e+03
6.965637386499181048e+03
6.966959193422547287e+03
6.968281014466985653e+03
6.969602849636543397e+03
6.970924698926755809e+03
6.972246562339566481e+03
6.973568439868453424e+03
6.974890331517915911e+03
6.976212237285998526e+03
6.977534157175972723e+03
6.978856091187348284e+03
6.980178039319764139e+03
6.981500001581925972e+03
6.982821977970345870e+03
6.984143968483613207e+03
6.985465973120722992e+03
6.986787991886571945e+03
6.988110024783276458e+03
6.989432071811697824e+03
6.990754132964348173e+03
6.992076208244940972e+03
6.993398297654512135e+03
6.994721038618891725e+03
6.996043207765917941e+03
6.997365339947673419e+03
6.998687269962753817e+03
7.000009429534428818e+03
7.001331132325749422e+03
7.002653319162311163e+03
7.003975521619044230e+03
7.005297738210451826e+03
7.006619968931021504e+03
7.007942213784063824e+03
7.009264472773398666e+03
7.010586745899590824e+03
7.011909385399473649e+03
7.013232050195384545e+03
7.014554367915412513e+03
7.015876697768273516e+03
7.017198680528124896e+03
7.018521036655218268e+03
7.019843055606016605e+03
7.021165439875106131e+03
7.022487840245664302e+03
7.023810254754470407e+03
7.025132683404528507e+03
7.026455126197732170e+03
7.027777583134706219e+03
7.029100054208736765e+03
7.030422539422570480e+03
7.031745038777106856e+03
7.033067552284138401e+03
7.034390079940062606e+03
7.035712621742983174e+03
7.037035177687937903e+03
7.038357747777038639e+03
7.039680332010246275e+03
7.041002930389046924e+03
7.042325542913281424e+03
7.043648169587143457e+03
7.044970810409482510e+03
7.046293465384938827e+03
7.047616134511675227e+03
7.048938817787717198e+03
7.050261515219687681e+03
7.051584226801142904e+03
7.052906952527296198e+03
7.054229692398629595e+03
7.055552446417481406e+03
7.056875214591672375e+03
7.058197996919375328e+03
7.059520793399578906e+03
7.060843604037422665e+03
7.062166428832576457e+03
7.063489267786078926e+03
7.064812120892502207e+03
7.066134988152186452e+03
7.067457869567763737e+03
7.068780765138405513e+03
7.070103674866381880e+03
7.071426598753287180e+03
7.072749536800937676e+03
7.074072489014410166e+03
7.075395455390208554e+03
7.076718435925097765e+03
7.078041430615238824e+03
7.079364439463920462e+03
7.080687462471354593e+03
7.082010499637771318e+03
7.083333123785583666e+03
7.084656616464354556e+03
7.085979696124267321e+03
7.087302789950954320e+03
7.088625897941539733e+03
7.089949020101432325e+03
7.091272156427866321e+03
7.092595306920569783e+03
7.093918471588094690e+03
7.095241650430881236e+03
7.096564843444760299e+03
7.097888050623943855e+03
7.099211271976163516e+03
7.100534507501121880e+03
7.101857757198864419e+03
7.103181021069338385e+03
7.104504299114876630e+03
7.105827591334637873e+03
7.107150897731216901e+03
7.108474218305904287e+03
7.109797553056502693e+03
7.111120901989407685e+03
7.112444265104052647e+03
7.113767642401524427e+03
7.115091033879569295e+03
7.116414439534823941e+03
7.117737859374022264e+03
7.119061293396324800e+03
7.120384741602857503e+03
7.121708203996971861e+03
7.123031680579166277e+03
7.124355171355105995e+03
7.125678676324504522e+03
7.127002195484628828e+03
7.128325728836399321e+03
7.129649276381568598e+03
7.130972838119243534e+03
7.132296414049560553e+03
7.133620004176794282e+03
7.134943608498736467e+03
7.136267227023497071e+03
7.137590859750628624e+03
7.138914506681819148e+03
7.140238167814420194e+03
7.141561843156435316e+03
7.142885532705629885e+03
7.144209236466379480e+03
7.145532954433149825e+03
7.146856686610483848e+03
7.148180432992749047e+03
7.149504193587972622e+03
7.150827968398275516e+03
7.152151757427162011e+03
7.153475560676906753e+03
7.154799378147494281e+03
7.156123209834625413e+03
7.157447055745858961e+03
7.158770915874079947e+03
7.160094790226695295e+03
7.161418678801301212e+03
7.162742581602808968e+03
7.164066498629204034e+03
7.165390429884394507e+03
7.166711799176911882e+03
7.167458450477718543e+03
7.168040681062690055e+03
7.169362309039523097e+03
7.170686297222695430e+03
7.172010299640809535e+03
7.173334316298441081e+03
7.174658347198366755e+03
7.175982392343300489e+03
7.177306451733293216e+03
7.178630525364713321e+03
7.179954613233129749e+03
7.181278715347968500e+03
7.182602831705890821e+03
7.183926962308562906e+03
7.185251107165202484e+03
7.186575266277320225e+03
7.187899439642199468e+03
7.189223627261366346e+03
7.190547829134590756e+03
7.191872045264106418e+03
7.193196275645759670e+03
7.194520520292655419e+03
7.195844779201668644e+03
7.197169052376999389e+03
7.198493339815589934e+03
7.199817641519960489e+03
7.201141957487315267e+03
7.202466287711744371e+03
7.203790632188702148e+03
7.205114990920998935e+03
7.206439363894101916e+03
7.207763751134065387e+03
7.209088152672010438e+03
7.210412568481413473e+03
7.211736998575286634e+03
7.213061442962336514e+03
7.214385901642663157e+03
7.215710374612401210e+03
7.217034861863770857e+03
7.218359363392172781e+03
7.219683879203242213e+03
7.221008409297890466e+03
7.222332953674953387e+03
7.223657512340585527e+03
7.224982184632021927e+03
7.226306257229513903e+03
7.227631432615504309e+03
7.228955826759763113e+03
7.230280646253315354e+03
7.231605164969711950e+03
7.232929823006482366e+03
7.234254495999574829e+03
7.235579183293343704e+03
7.236903884893107715e+03
7.238228600786612333e+03
7.239553330983665546e+03
7.240878075485323279e+03
7.242202834284646997e+03
7.243527607386179625e+03
7.244852394796502267e+03
7.246177196511821421e+03
7.247502012534778260e+03
7.248826428931048213e+03
7.250151687513764955e+03
7.251476546471462825e+03
7.252801419745141175e+03
7.254126307332848228e+03
7.255451209235827264e+03
7.256776125459836294e+03
7.258101056001917641e+03
7.259426000865484639e+03
7.260750960053537710e+03
7.262075933566217827e+03
7.263400921401776941e+03
7.264725923561368290e+03
7.266050940049271048e+03
7.267375970868334662e+03
7.268701016010491003e+03
7.270026075484484863e+03
7.271351149288501801e+03
7.272676237425683212e+03
7.274001339898597507e+03
7.275326456708813566e+03
7.276651587852292323e+03
7.277976733336214238e+03
7.279301893161800763e+03
7.280627067326402539e+03
7.281952255835031792e+03
7.283275621171771490e+03
7.284602260302897776e+03
7.285927907437600879e+03
7.287253153339663186e+03
7.288578413593227197e+03
7.289903688201817204e+03
7.291228977155728899e+03
7.292554280455655316e+03
7.293879598105820151e+03
7.295204930112204238e+03
7.296530276478088126e+03
7.297855637206656866e+03
7.299181012298829046e+03
7.300506401755085790e+03
7.301831805570518554e+03
7.303157223748182332e+03
7.304482656290516388e+03
7.305808103199959987e+03
7.307133564474217565e+03
7.308459040116106735e+03
7.309784530126251411e+03
7.311110034505146359e+03
7.312435553257892934e+03
7.313761086383718066e+03
7.315086633882820934e+03
7.316412195763242380e+03
7.317737772020791454e+03
7.319063362654835146e+03
7.320388967671440696e+03
7.321714587069005574e+03
7.323040220850455626e+03
7.324365869015629869e+03
7.325691531565129480e+03
7.327017208498673426e+03
7.328342899819856939e+03
7.329668605528871012e+03
7.330994325619209121e+03
7.332320060100919363e+03
7.333645808970174585e+03
7.334971572228597324e+03
7.336297349880273032e+03
7.337623141931351711e+03
7.338948948380936599e+03
7.340274769225850832e+03
7.341600604464018943e+03
7.342926454101416311e+03
7.344252318135859241e+03
7.345578196565053986e+03
7.346904089395124174e+03
7.348229996627609580e+03
7.349555918262143678e+03
7.350881854303005639e+03
7.352207804747738919e+03
7.353533769601612221e+03
7.354859748861919797e+03
7.356185742528823539e+03
7.357511750604940971e+03
7.358837773088768699e+03
7.360163809978560494e+03
7.361489861282474521e+03
7.362815927000943702e+03
7.364142007132920298e+03
7.365468101680797190e+03
7.366794210647844011e+03
7.368120334030591948e+03
7.369446471831617600e+03
7.370772624046995588e+03
7.372098790678169280e+03
7.373424971719679888e+03
7.374751167183644611e+03
7.376073380103009185e+03
7.376079721800124389e+03
7.377403601386883565e+03
7.378729840125068222e+03
7.380056093291044817e+03
7.381382360883166257e+03
7.382708642902753127e+03
7.384034939350539389e+03
7.385361250227588243e+03
7.386687575536739132e+03
7.388013915282416747e+03
7.389340269461361459e+03
7.390666638069959845e+03
7.391993021107310597e+03
7.393319418581193531e+03
7.394645830493227550e+03
7.395972256839955662e+03
7.397298697627520596e+03
7.398625152860413436e+03
7.399951622539716482e+03
7.401278106656263844e+03
7.402604605213859031e+03
7.403931118214748494e+03
7.405257645663368749e+03
7.406584187559471502e+03
7.407910743908125369e+03
7.409237314706077996e+03
7.410563899959532137e+03
7.411890499665388234e+03
7.413217113821788189e+03
7.414543742432304498e+03
7.415870385498867108e+03
7.417197043022651087e+03
7.418523715005937447e+03
7.419850401445881289e+03
7.421177102350812675e+03
7.422503817719543804e+03
7.423830547550793199e+03
7.425157291851408445e+03
7.426484050616570130e+03
7.427810823850227280e+03
7.429137611552971975e+03
7.430464413721377241e+03
7.431791230359897781e+03
7.433118061472004229e+03
7.434444907062162201e+03
7.435771767129293039e+03
7.437098641672563645e+03
7.438425530694123154e+03
7.439752434193969748e+03
7.441079352173688676e+03
7.442406284639112528e+03
7.443733231589754723e+03
7.445060193023789907e+03
7.446387168945583653e+03
7.447714159352542993e+03
7.449041164246064000e+03
7.450368183630074782e+03
7.451695217510594375e+03
7.453022265881627391e+03
7.454349328745325693e+03
7.455676406109677373e+03
7.457003497968357806e+03
7.458330604326782122e+03
7.459657725184109040e+03
7.460984860542461320e+03
7.462312010400987674e+03
7.463639174759373418e+03
7.464966353622662609e+03
7.466293546990456889e+03
7.467620754866787138e+03
7.468947977255090336e+03
7.470275214151728505e+03
7.471602465564320482e+03
7.472929731485494813e+03
7.474257011920949481e+03
7.475584306874718095e+03
7.476911616341264562e+03
7.478238940328959870e+03
7.479566278828510804e+03
7.480893631851175087e+03
7.482220999393037346e+03
7.483548381459711891e+03
7.484875778052207352e+03
7.486203189171551458e+03
7.487530614821733252e+03
7.488858054997851468e+03
7.490185509704761898e+03
7.491512978943635062e+03
7.492840462716750153e+03
7.494167961032435414e+03
7.495495473877818768e+03
7.496823001266406209e+03
7.498150543188543452e+03
7.499478099652800665e+03
7.500805670661355180e+03
7.502133256217807684e+03
7.503460856319297818e+03
7.504788470963178952e+03
7.506116100157314577e+03
7.507443743904520488e+03
7.508771402199864497e+03
7.510099075053077286e+03
7.511426762465207503e+03
7.512754464432332497e+03
7.514082180955761942e+03
7.515409912037276627e+03
7.516737657685288468e+03
7.518065417899365457e+03
7.519393192678486230e+03
7.520720525745030500e+03
7.522048785942026370e+03
7.523376604428138307e+03
7.524704437491355748e+03
7.526032285130843775e+03
7.527360147345270889e+03
7.528688024147453689e+03
7.530015915524963020e+03
7.531343821487230343e+03
7.532671742038134653e+03
7.533999677176135265e+03
7.535327626902671909e+03
7.536655591229046877e+03
7.537983570149524894e+03
7.539311563663874949e+03
7.540639571776538105e+03
7.541967594495245066e+03
7.543292875727961473e+03
7.543301808880956742e+03
7.544623683738873297e+03
7.545951750275727136e+03
7.547279831421541530e+03
7.548607927179307808e+03
7.549936037550114634e+03
7.551264162536435833e+03
7.552591846015876399e+03
7.553920456369810381e+03
7.555248625219413043e+03
7.556576808695688669e+03
7.557905006801397576e+03
7.559233219535528406e+03
7.560561446900950614e+03
7.561889688897857923e+03
7.563217945538227468e+03
7.564546216811193517e+03
7.565874502726209357e+03
7.567202803287109418e+03
7.568531118491565394e+03
7.569859448342568612e+03
7.571187792842934869e+03
7.572516151993066160e+03
7.573844525804159275e+03
7.575172914270272486e+03
7.576501559422590617e+03
7.577830193500927635e+03
7.579156230666075317e+03
7.580487107766685767e+03
7.581815384639967306e+03
7.583141615656158137e+03
7.592441361061325551e+03
7.593771069638301924e+03
7.595099472168636566e+03
7.596428318115860748e+03
7.597757179415662904e+03
7.599086054717560728e+03
7.600414722849626742e+03
7.601743626154623598e+03
7.603072460637801669e+03
7.604401172506086368e+03
7.605729898650146424e+03
7.607058639492379370e+03
7.608387395045680933e+03
7.609716165308295786e+03
7.611044950283382605e+03
7.612373749972497535e+03
7.613702564374108988e+03
7.615031393490825394e+03
7.616360237324342052e+03
7.617689095883936716e+03
7.619017969163498492e+03
7.620346857165952315e+03
7.621675759901285346e+03
7.623004677360605456e+03
7.624333609555553267e+03
7.625662556481291176e+03
7.626991518136918785e+03
7.628320494529007192e+03
7.629649485659212587e+03
7.630978491529756866e+03
7.632307512143298482e+03
7.633636547494218576e+03
7.634965597595691179e+03
7.636294662437903753e+03
7.637623742027699336e+03
7.638952836366478550e+03
7.640281945460080351e+03
7.641611069304152807e+03
7.642940207905659008e+03
7.644269361261297490e+03
7.645598529380651598e+03
7.646927712256826453e+03
7.648256909890909810e+03
7.649586122291501852e+03
7.650915349458967285e+03
7.652244591391874565e+03
7.653573848092795743e+03
7.654903119568204602e+03
7.656232405809145348e+03
7.657561706825543297e+03
7.658891022619084652e+03
7.660220353188283298e+03
7.661549698536114192e+03
7.662879058668498146e+03
7.664208433576895914e+03
7.665537823271844900e+03
7.666867227755326894e+03
7.668196647028316875e+03
7.669526081087456078e+03
7.670855529939860389e+03
7.672184993587041390e+03
7.673514472025154646e+03
7.674843965262098209e+03
7.676173473299965735e+03
7.677502996135542162e+03
7.678832533770602822e+03
7.680162086211680617e+03
7.681491653455562300e+03
7.682821235505956793e+03
7.684150832368405645e+03
7.685480444038670612e+03
7.686810070520009504e+03
7.688135513048368921e+03
7.688142016959624016e+03
7.689469367917155978e+03
7.690799038842436858e+03
7.692128724590562342e+03
7.693458425152965901e+03
7.694788140547082548e+03
7.696117870758099343e+03
7.697447615803032022e+03
7.698777375675624171e+03
7.700107150376977188e+03
7.701436939909990542e+03
7.702766744269273659e+03
7.704096563468689055e+03
7.705426397507818365e+03
7.706756246386079511e+03
7.708086110099419784e+03
7.709415988660457515e+03
7.710745882062399687e+03
7.712075790312292156e+03
7.713405713407710209e+03
7.714735651349405089e+03
7.716065604154599896e+03
7.717395571810500769e+03
7.718725554318199102e+03
7.720055551690566062e+03
7.721385563922336587e+03
7.722715591014920392e+03
7.724045632970713086e+03
7.725375689790540491e+03
7.726705761482452544e+03
7.728035848040231031e+03
7.729365949475437446e+03
7.730696065782790356e+03
7.732026196970544333e+03
7.733356343031155120e+03
7.734686503973495746e+03
7.736016679797859069e+03
7.737346870507940366e+03
7.738677076104480875e+03
7.740007296589897123e+03
7.741337531969853444e+03
7.742667782237875144e+03
7.743998047403204509e+03
7.745328327460440960e+03
7.746658622421890868e+03
7.747988932280192785e+03
7.749319257043694961e+03
7.750649596708405625e+03
7.751979951282194634e+03
7.753310320762138872e+03
7.754640705154722127e+03
7.755971104460124479e+03
7.757301518683653740e+03
7.758631947823028895e+03
7.759962391887507692e+03
7.761292850867751440e+03
7.762623324777632661e+03
7.763953813614160936e+03
7.765284317383172493e+03
7.766614836081168505e+03
7.767945369715791458e+03
7.769275918281279701e+03
7.770606481788947349e+03
7.771937060230363386e+03
7.773267653616004282e+03
7.774598261944864134e+03
7.775928885218746473e+03
7.777259523440297016e+03
7.778590176612983669e+03
7.779920844740106986e+03
7.781251527821822492e+03
7.782582225860482140e+03
7.783912938853198284e+03
7.785243666809257775e+03
7.786574409729104445e+03
7.787905167613232152e+03
7.789235940461338032e+03
7.790566728282193253e+03
7.791897531072795573e+03
7.793228348835456927e+03
7.794559181579274082e+03
7.795890029295643217e+03
7.797220891995724742e+03
7.798551769678319033e+03
7.799882662350853025e+03
7.801213570008765601e+03
7.802544492661988443e+03
7.803875430301349297e+03
7.805206382938769821e+03
7.806537350566678469e+03
7.807868333195919149e+03
7.809199330828433631e+03
7.810530343460709446e+03
7.811861371102054363e+03
7.813192413752253742e+03
7.814523471409956983e+03
7.815851715654976033e+03
7.815860677358680732e+03
7.817185631777639173e+03
7.818516734479748266e+03
7.819847353133445722e+03
7.821178984949972801e+03
7.822510132722033632e+03
7.823841295518542211e+03
7.825172473348638050e+03
7.826503666209665425e+03
7.827834874108971235e+03
7.829166097047212133e+03
7.830497335024761924e+03
7.831828588045440483e+03
7.833159856108883105e+03
7.834491139224385734e+03
7.835822437388464095e+03
7.837153750607360053e+03
7.838485078879788489e+03
7.839816422210584278e+03
7.841147780600854276e+03
7.842479154056143670e+03
7.843810542578774403e+03
7.845141946166025264e+03
7.846473364824704731e+03
7.847804798560281597e+03
7.849136247371078753e+03
7.850467711261759177e+03
7.851799190236379218e+03
7.853130684291720172e+03
7.854462193438041140e+03
7.855793717675838707e+03
7.857125257001147475e+03
7.858456811430317430e+03
7.859788380955582397e+03
7.861119965583160592e+03
7.862451565316258893e+03
7.863783180160522534e+03
7.865114810109327664e+03
7.866446455173853792e+03
7.867778115350581174e+03
7.869109790652136326e+03
7.870441481074267358e+03
7.871773186618434920e+03
7.873104907297781210e+03
7.874436643100280889e+03
7.875768394042369437e+03
7.877100160119289285e+03
7.878431941334230032e+03
7.879763737692946961e+03
7.881095549193017177e+03
7.882427375841167304e+03
7.883759217638985319e+03
7.885091074595456121e+03
7.886422946704903552e+03
7.887754833978388888e+03
7.889086736408194156e+03
7.890418654004373820e+03
7.891750586763776482e+03
7.893082534696440234e+03
7.894414497801855759e+03
7.895746476085045288e+03
7.897078469547015629e+03
7.898410478194928146e+03
7.899742502022786539e+03
7.901074541036420669e+03
7.902406595243056472e+03
7.903738664644189157e+03
7.905070749234687355e+03
7.906402849023246745e+03
7.907734964017663515e+03
7.909067094209056449e+03
7.910399239606450465e+03
7.911731400215190661e+03
7.913063576031737284e+03
7.914395767061566403e+03
7.915727973306712556e+03
7.917060194774106094e+03
7.918392431460965781e+03
7.919724683372209256e+03
7.921056950506104840e+03
7.922389232874587833e+03
7.923721530474107567e+03
7.925053843304784095e+03
7.926386171377144819e+03
7.927718514690991469e+03
7.929050873248698736e+03
7.930383247047862824e+03
7.931715636094759247e+03
7.933048040390257484e+03
7.934380459933995553e+03
7.935712894738642717e+03
7.937045344798802944e+03
7.938377810122266055e+03
7.939710290708469074e+03
7.941042786556833562e+03
7.942375297674671856e+03
7.943707824058890765e+03
7.945040365718934481e+03
7.946372922651103181e+03
7.947705494856029873e+03
7.949038082342072812e+03
7.950370685113901345e+03
7.951703303162851626e+03
7.953035936505398240e+03
7.954368585134132445e+03
7.955701249060363807e+03
7.957033928281357475e+03
7.958366622798705066e+03
7.959699332607281576e+03
7.961032057730848464e+03
7.962364798146467365e+03
7.963697553873125798e+03
7.965030324904415465e+03
7.966363111247131201e+03
7.967695912899745963e+03
7.969028729877451042e+03
7.970361562172908634e+03
7.971694409783915944e+03
7.973027272722531961e+03
7.974360150990877628e+03
7.975693044588531848e+03
7.977025953512119486e+03
7.978358877769372157e+03
7.979691817361684116e+03
7.981024772291691079e+03
7.982357742558758218e+03
7.983690728170306102e+03
7.985023729131961773e+03
7.986356745440079067e+03
7.987689777098159539e+03
7.989022824107251836e+03
7.990355886467301389e+03
7.991688964193943320e+03
7.993022057266567572e+03
7.994355165711835980e+03
7.995688289516281657e+03
7.997021428692237350e+03
7.998354583234937309e+03
7.999687753158105807e+03
8.001020938449526511e+03
8.002354139122725428e+03
8.003687355174997720e+03
8.005020586607621226e+03
8.006353833423945616e+03
8.007687095628874886e+03
8.009020373226338961e+03
8.010353666213065480e+03
8.011686974589259080e+03
8.013020298365333474e+03
8.014353637537712530e+03
8.015686992109559469e+03
8.017020362088212096e+03
8.018353747467669564e+03
8.019687148256457476e+03
8.021020564459028719e+03
8.022353996076288240e+03
8.023687443102610814e+03
8.025020905552506520e+03
8.026354383424165462e+03
8.027687876712642719e+03
8.029021385425840890e+03
8.030354909571841745e+03
8.031688449148011387e+03
8.033022004157205629e+03
8.034355574600175714e+03
8.035689160481108047e+03
8.037022761796588384e+03
8.038356378559536097e+03
8.039690010768057618e+03
8.041023658420508582e+03
8.042357321519098150e+03
8.043691000072346469e+03
8.045024694077997992e+03
8.046358403543946224e+03
8.047692128465856513e+03
8.049025868852679196e+03
8.050359624706452450e+03
8.051693396014200516e+03
8.053027182797682144e+03
8.054360985050333511e+03
8.055694802774333766e+03
8.057028635978555030e+03
8.058362484662392490e+03
8.059696348821120409e+03
8.061030228467026063e+03
8.062364123597581965e+03
8.063698034216198721e+03
8.065031960321407496e+03
8.066365901928852509e+03
8.067699859026601189e+03
8.069033831625230960e+03
8.070367819724654510e+03
8.071701823325999612e+03
8.073035842430954290e+03
8.074369877049201932e+03
8.075703927181242761e+03
8.077037992815491634e+03
8.078372721003216611e+03
8.079706817768017572e+03
8.081040930048845439e+03
8.082375057840696172e+03
8.083706309282136317e+03
8.085042036723455567e+03
8.086376883687100417e+03
8.087711076712912472e+03
8.089045282092562047e+03
8.090379503019262302e+03
8.091713739492787681e+03
8.093047991511413784e+03
8.094382259068408530e+03
8.095716542182571175e+03
8.097050840847412474e+03
8.098385155071178815e+03
8.099719484855565497e+03
8.101053830208747968e+03
8.102388191125446610e+03
8.103722062109562103e+03
8.105056959665706927e+03
8.106391367296285352e+03
8.107725790503342068e+03
8.109060229295585486e+03
8.110394683668472680e+03
8.111729153625532490e+03
8.113063639177927143e+03
8.114398140322248764e+03
8.115732657055211348e+03
8.117067189391252214e+03
8.118401737327665614e+03
8.119736300867453792e+03
8.121070880015280636e+03
8.122405474779000542e+03
8.123740085162300602e+03
8.125074711158556056e+03
8.126409352781108282e+03
8.127744010024860472e+03
8.129078682896108148e+03
8.130413371398758500e+03
8.131748075534985219e+03
8.133082795314165196e+03
8.134417530732186606e+03
8.135752281797501382e+03
8.137087048504218728e+03
8.138421830866493110e+03
8.139756628882690165e+03
8.141091442553100933e+03
8.142426271890617500e+03
8.143761116888725155e+03
8.145095977555932222e+03
8.146430853899519207e+03
8.147765745919278743e+03
8.149100653613635586e+03
8.150435576989605579e+03
8.151770516052461062e+03
8.153105470803317985e+03
8.154440441240400105e+03
8.155775427380707697e+03
8.157110429220741025e+03
8.158445446760494633e+03
8.159780480005461868e+03
8.161115528961134260e+03
8.162450593621317239e+03
8.163785673999889696e+03
8.165120770097684726e+03
8.166455881927478003e+03
8.167791009483881680e+03
8.169126152772964815e+03
8.170461311794347239e+03
8.171796486553292198e+03
8.173131677049917016e+03
8.174466883290081569e+03
8.175802105277567534e+03
8.177137343017221610e+03
8.178472596511073789e+03
8.179807865766110808e+03
8.181143150781875192e+03
8.182478451561838483e+03
8.183813768111400350e+03
8.185149100435081891e+03
8.186484448533317845e+03
8.187819812406186429e+03
8.189155192059576621e+03
8.190490587496711669e+03
8.191825998726866601e+03
8.193161425751812203e+03
8.194496868571690356e+03
8.195832327194710160e+03
8.199838798547714759e+03
8.201174319727948387e+03
8.202509857392449703e+03
8.203845410869000261e+03
8.205180980171879128e+03
8.206516565299141803e+03
8.207852166261609455e+03
8.209187783047613266e+03
8.210523415670488248e+03
8.211859064138427129e+03
8.213194728449774630e+03
8.214530408595757763e+03
8.215866104593740602e+03
8.217201816439435788e+03
8.218537544143751802e+03
8.219873287704765971e+03
8.221209047121639742e+03
8.222544822402593127e+03
8.223880613554563752e+03
8.225216420574721269e+03
8.226552243463329432e+03
8.227888082227211271e+03
8.229223936874845094e+03
8.230559807405978063e+03
8.231895693820799352e+03
8.233231596126688601e+03
8.234564676473217332e+03
8.234573737907954637e+03
