6.001128931700710382e+03
6.004043403316436525e+03
6.007861492617121257e+03
6.011917144327270762e+03
6.015707594178562431e+03
6.018625217349916966e+03
6.021543487588547578e+03
6.024462352799704604e+03
6.027381853670167402e+03
6.030301976673778881e+03
6.033222730323160249e+03
6.037049047752065235e+03
6.041113398715367111e+03
6.044912013312845374e+03
6.047835871527884592e+03
6.050760358930058828e+03
6.053685331356197821e+03
6.056611125103857376e+03
6.059537555005688773e+03
6.063371121803690585e+03
6.066888331527209630e+03
6.070371910559927528e+03
6.074178505839407080e+03
6.077108541115539992e+03
6.080039189878006255e+03
6.082970317884582073e+03
6.085902321177126396e+03
6.088834830360526212e+03
6.091767906700000822e+03
6.095610329558486228e+03
6.099691851945275630e+03
6.103506369429659571e+03
6.106442498405616789e+03
6.109379245253761837e+03
6.112316593658712009e+03
6.115254532798767286e+03
6.118193103522153251e+03
6.121132249967056850e+03
6.124982581921557539e+03
6.129072479002713408e+03
6.132894860057315782e+03
6.135836916474527243e+03
6.138779755125213342e+03
6.141723115070862150e+03
6.144667056669144586e+03
6.147611610315752841e+03
6.150556753734264021e+03
6.154414897844135339e+03
6.157954621017780482e+03
6.161460488484045527e+03
6.165291333272624797e+03
6.168240040826525728e+03
6.171189310928050872e+03
6.174139190434518241e+03
6.177089647479547239e+03
6.180040711953774007e+03
6.182992341979279445e+03
6.186858975200369969e+03
6.190406497741673775e+03
6.193920055887144372e+03
6.197759297092475208e+03
6.200714463401734974e+03
6.203670370031930361e+03
6.206626482713996666e+03
6.209583389451811854e+03
6.212541032872104552e+03
6.215498901176204527e+03
6.219373912917768394e+03
6.223490092701686081e+03
6.227336872328590289e+03
6.230297816016845900e+03
6.233259307897722465e+03
6.236221392011727403e+03
6.239184052735873593e+03
6.242147293186252682e+03
6.245111091226854114e+03
6.248075473920832337e+03
6.251958751931838378e+03
6.255521542784404119e+03
6.259050185870371024e+03
6.262905883876526786e+03
6.265873679176351288e+03
6.268842022680766604e+03
6.271810853801247504e+03
6.274779925312533123e+03
6.277749978211449161e+03
6.280720599521806434e+03
6.284612230218865079e+03
6.288182813687255475e+03
6.291718842052331638e+03
6.295582569694366612e+03
6.298556557874829195e+03
6.301531119161573770e+03
6.304506165601054818e+03
6.307481868971893164e+03
6.310458091802044692e+03
6.313434862964263630e+03
6.316412180471968895e+03
6.320312399494488091e+03
6.323890706985704128e+03
6.327434690213304748e+03
6.331307110251689664e+03
6.334287742769970464e+03
6.337268943521905385e+03
6.340250676211580867e+03
6.343232975354101654e+03
6.346215811560815382e+03
6.349199195719107593e+03
6.352183137867529695e+03
6.356091995934134502e+03
6.359678212250960314e+03
6.363230025155537078e+03
6.367110987942712200e+03
6.370098187448575118e+03
6.373085930776897840e+03
6.376074213006032551e+03
6.379063041269076166e+03
6.382052413698349483e+03
6.385042308308778956e+03
6.388032758514118541e+03
6.391950131723503546e+03
6.395544132918669675e+03
6.399103674689631589e+03
6.402993044983027175e+03
6.405986697570513570e+03
6.408980900853907769e+03
6.411975614201274766e+03
6.414970890951078218e+03
6.417966693660755482e+03
6.420963023243358293e+03
6.423959878388519428e+03
6.427885635752513735e+03
6.431487339725151287e+03
6.435054450603056466e+03
6.438952108586606300e+03
6.441952219859725119e+03
6.444952680229222096e+03
6.447953767150235763e+03
6.450955311493354202e+03
6.453957495010558887e+03
6.456960148000404843e+03
6.459963316761929491e+03
6.462967011865760469e+03
6.466901718128161519e+03
6.470511605978645093e+03
6.474086817025522578e+03
6.477993301906954002e+03
6.481000138355649142e+03
6.484007446658947629e+03
6.487015293103366275e+03
6.490023666475716709e+03
6.493032534741852942e+03
6.496041935450788515e+03
6.499051834504798535e+03
6.502062260644305752e+03
6.506005753062449912e+03
6.509623701688382425e+03
6.513206879976146411e+03
6.517122042403014348e+03
6.520135529772108384e+03
6.523149489844792697e+03
6.526164030458238813e+03
6.529179047367624662e+03
6.532194563833769280e+03
6.535210586399133717e+03
6.538227122076612432e+03
6.541244155289970877e+03
6.544261633728656307e+03
6.548214498496884516e+03
6.551840976241822318e+03
6.555432575106455261e+03
6.559356946048485952e+03
6.562377464298221639e+03
6.565398542602322777e+03
6.568420095200898686e+03
6.571442144145344173e+03
6.574464681105925592e+03
6.577487739092598531e+03
6.580511270823717496e+03
6.583535299874261909e+03
6.586559807481049575e+03
6.590521791289201246e+03
6.594156636828770388e+03
6.597756511818733998e+03
6.601689906141666143e+03
6.604717397504533437e+03
6.607745378339178387e+03
6.610773868690351264e+03
6.613802805785907367e+03
6.616832258256794375e+03
6.619862146149189357e+03
6.622892619293200369e+03
6.625923530006752117e+03
6.628954928711847060e+03
6.632925856009735980e+03
6.636568922555471545e+03
6.639602018451331787e+03
6.643210605092529477e+03
6.647153494846816102e+03
6.650188280138208029e+03
6.653223544322981070e+03
6.656259264181731851e+03
6.659295518408392127e+03
6.662332225941629986e+03
6.665369410192392934e+03
6.668407073471455078e+03
6.671445261991143525e+03
6.674483819939599925e+03
6.678464201019471147e+03
6.682115908390583172e+03
6.685156198080174363e+03
6.688773314257204220e+03
6.692725527852287996e+03
6.695767459324768424e+03
6.698809867140750612e+03
6.701852748548786622e+03
6.704896089721089993e+03
6.707939921351342491e+03
6.710984212976229173e+03
6.714028972027319469e+03
6.717074185818625665e+03
6.720119898769376050e+03
6.724109521471341395e+03
6.727769712136235285e+03
6.730817048159433398e+03
6.734442529446738263e+03
6.738403864769982647e+03
6.741452820536644140e+03
6.744502264965564791e+03
6.747552112095606390e+03
6.750602453817567948e+03
6.753653253490959287e+03
6.756704516329486069e+03
6.759756234802728613e+03
6.762808414275275936e+03
6.765861045418544563e+03
6.768914130681790994e+03
6.772913475421678413e+03
6.776582508756335301e+03
6.779637200163365378e+03
6.783271430103700368e+03
6.787242310633304442e+03
6.790298594952629173e+03
6.793355331419260438e+03
6.796412525106750763e+03
6.799470200618318813e+03
6.802528258927321986e+03
6.805586804902379299e+03
6.808645819805225983e+03
6.811705216604425914e+03
6.814765135463454499e+03
6.817825478247690626e+03
6.820886268704245595e+03
6.824895636707258745e+03
6.828573888667713618e+03
6.831636243829670093e+03
6.835279566877900834e+03
6.839260371276582191e+03
6.842324279073022808e+03
6.845388630069704959e+03
6.848453421854577755e+03
6.851518634432717590e+03
6.854584329374287336e+03
6.857650448858393247e+03
6.860717002146915547e+03
6.863783999539668912e+03
6.866851447585587266e+03
6.869919306068330116e+03
6.872987619588631787e+03
6.877006823717665611e+03
6.880694063143608219e+03
6.883763926246045230e+03
6.887416137967346003e+03
6.891406645455381295e+03
6.894478003904936486e+03
6.897549796417094512e+03
6.900622020958685425e+03
6.903694682437927440e+03
6.906767765662634702e+03
6.909841284792874831e+03
6.912915234350985884e+03
6.915989613229139650e+03
6.919064421374272570e+03
6.922139659262972600e+03
6.925215314386882710e+03
6.928291414507693844e+03
6.932320804707263960e+03
6.936017372523107042e+03
6.939094959089914482e+03
6.942756368247090904e+03
6.946756910045278346e+03
6.949835979339870391e+03
6.952915459734561409e+03
6.955995384233810910e+03
6.959075719013610978e+03
6.962156475442783631e+03
6.965237649760084423e+03
6.968319248152071850e+03
6.971401263457340065e+03
6.974483698703324080e+03
6.977566551946150867e+03
6.980649823571811794e+03
6.983733511230055228e+03
6.987772824478608527e+03
6.991478497474457981e+03
6.994563647004923041e+03
6.997649210388228312e+03
7.001320088949270939e+03
7.005330966437913958e+03
7.008417969203637767e+03
7.011505391721125307e+03
7.014593220408166417e+03
7.017681462166684469e+03
7.020770114246193771e+03
7.023859176956335432e+03
7.026948648131276968e+03
7.030038527774255272e+03
7.033128817002481810e+03
7.036219512658128224e+03
7.039310616684425440e+03
7.042402125651116876e+03
7.045494043231441538e+03
7.049544121228991571e+03
7.053259639841051467e+03
7.056352977795362676e+03
7.060033082563967582e+03
7.064054053189685874e+03
7.067148786197460140e+03
7.070243931297005474e+03
7.073339477610000358e+03
7.076435429039725022e+03
7.079531775233944245e+03
7.082628524496187310e+03
7.085725671893648723e+03
7.088823216516507273e+03
7.091921159919090314e+03
7.095019502490947161e+03
7.098118239250738952e+03
7.101217374787016524e+03
7.104316906928774188e+03
7.107416833424771539e+03
7.110517154640613626e+03
7.114578222397166428e+03
7.118303802212725714e+03
7.121405504417086377e+03
7.125095548501896701e+03
7.189741320091131456e+03
7.193441471198650106e+03
7.197484292601826382e+03
7.200595833723798933e+03
7.203707754453996131e+03
7.206820054207444628e+03
7.209932731563767447e+03
7.213045786987580868e+03
7.216159219444178234e+03
7.219273026345825201e+03
7.222387212211837323e+03
7.225501773218525159e+03
7.228616707553376727e+03
7.231732017736178932e+03
7.234847699377038225e+03
7.237963756106807523e+03
7.241080186598294858e+03
7.244196988775614045e+03
7.247314163916134930e+03
7.251397273346495240e+03
7.255143030711611573e+03
7.258261520604601174e+03
7.261380367556478632e+03
7.265090755932967113e+03
7.269144754469248255e+03
7.272264892357245117e+03
7.275385390799091510e+03
7.278506257960487346e+03
7.281627490989681064e+03
7.284749091102566126e+03
7.287871056008423693e+03
7.290993384277172481e+03
7.294116078739857585e+03
7.297239138555251884e+03
7.300362558899259056e+03
7.303486343208604922e+03
7.306610489398345635e+03
7.309734998299355539e+03
7.312859849953908451e+03
7.315985079391878571e+03
7.319110673040437177e+03
7.322236625871002616e+03
7.325362956291500268e+03
7.329458012685898211e+03
7.333214707774809540e+03
7.336342277972702504e+03
7.339470205615799387e+03
7.343191391454245604e+03
7.347257172811031523e+03
7.350386332545323057e+03
7.353515857588325161e+03
7.356645737222191201e+03
7.359775971984659009e+03
7.362906555958039462e+03
7.366037500722753975e+03
7.369168794228591651e+03
7.372300440510189219e+03
7.375432438323186034e+03
7.378564788861471243e+03
7.381697488307828280e+03
7.384830539589071122e+03
7.387963939781622685e+03
7.391097688980603380e+03
7.394231787110305959e+03
7.397366230139970867e+03
7.400501028207645504e+03
7.403636171879967151e+03
7.406771659660208570e+03
7.410878719034376445e+03
7.414646404198493656e+03
7.417783124113931990e+03
7.420920158133411860e+03
7.424057550218658434e+03
7.427789975369591048e+03
7.431868019201116113e+03
7.435006604439881812e+03
7.438145538661782666e+03
7.441284814201324480e+03
7.444424423127059526e+03
7.447564389611887236e+03
7.450704688404199260e+03
7.453845326839470545e+03
7.456986303748397404e+03
7.460127621174510750e+03
7.463269263669698375e+03
7.466411271940795814e+03
7.469553601076788254e+03
7.472696270802440267e+03
7.475839276422425428e+03
7.478982617609965018e+03
7.482126295676717746e+03
7.485270309403555075e+03
7.488414656493290749e+03
7.491559338032396226e+03
7.494704356950920555e+03
7.497849706311999398e+03
7.501969658276332666e+03
7.505749147742668356e+03
7.508895653029215282e+03
7.512042516038568465e+03
7.515189695464034230e+03
7.518933746015685756e+03
7.523024459353440761e+03
7.526172791582137506e+03
7.529321453023907452e+03
7.532470443192782113e+03
7.535619746518996180e+03
7.538769406425248235e+03
7.541919379182115335e+03
7.545069678872341683e+03
7.548220304532395858e+03
7.551371256696136697e+03
7.554522533518691489e+03
7.557674136190717945e+03
7.560826062649922278e+03
7.563978314664167556e+03
7.567130888559897357e+03
7.570283786879545914e+03
7.573437008213093577e+03
7.576590550993918441e+03
7.579744417376208730e+03
7.582898604863464243e+03
7.586053112609285563e+03
7.589207941443249183e+03
7.592363090691083016e+03
7.595518559026885669e+03
7.599651741889509140e+03
7.603443347030591212e+03
7.606599934899208165e+03
7.609756841431949397e+03
7.612914064807238901e+03
7.616670044585093819e+03
7.620773769271606398e+03
7.623932096349814856e+03
7.627090739714068150e+03
7.630249696698335356e+03
7.633408971138597735e+03
7.636568557835443244e+03
7.639728459557146380e+03
7.642888672947869054e+03
7.646049198635295397e+03
7.649210040117623066e+03
7.652371190194620795e+03
7.655532653060112352e+03
7.658694425184842657e+03
7.661856512063941409e+03
7.665018894445029218e+03
7.668181612728215441e+03
7.671344628713512975e+03
7.674507965239508849e+03
7.677671586350345024e+03
7.680835525762281577e+03
7.683999775917247462e+03
7.687164332928133263e+03
7.690329210237060579e+03
7.693494365543393542e+03
7.696659841559316192e+03
7.699825625678116012e+03
7.702991710571437579e+03
7.706158105416387116e+03
7.710305577933668246e+03
7.714110255202537701e+03
7.717277715292872017e+03
7.720445478300258401e+03
7.723613545594603238e+03
7.726781927706733768e+03
7.730551130100976479e+03
7.734669295081380369e+03
7.737838723552766169e+03
7.741008434793885499e+03
7.744178454203887668e+03
7.747348772753198318e+03
7.750519392166328544e+03
7.753690311532166561e+03
7.756861528242273380e+03
7.760033043822497348e+03
7.763204868014217936e+03
7.766376965421952264e+03
7.769549371825556591e+03
7.772722073649612867e+03
7.775895074042242413e+03
7.779068367829913768e+03
7.782241958125804558e+03
7.785415843404063708e+03
7.788590022685635631e+03
7.791764495729802547e+03
7.794939263675449183e+03
7.798114322484055265e+03
7.801289677363444753e+03
7.804465322811363876e+03
7.807641260489554043e+03
7.810817491253476874e+03
7.813994011035487347e+03
7.817170823975058738e+03
7.820347925692644822e+03
7.823525319233480332e+03
7.826703001162780311e+03
7.829880954592648777e+03
7.834043580795356320e+03
7.837862130432645245e+03
7.841041116810066342e+03
7.844220389260644879e+03
7.847399947301002612e+03
7.850579795553337135e+03
7.853759928244914590e+03
7.857543119738780661e+03
7.861676525809394661e+03
7.864857654885688135e+03
7.868039069539490811e+03
7.871220763933301896e+03
7.874402752199064707e+03
7.877585019685890984e+03
7.880767576405642103e+03
7.883950404476480799e+03
7.887133517445998223e+03
7.890316917877342348e+03
7.893500596650992520e+03
7.896684556994662671e+03
7.899868798592570784e+03
7.903053322238054534e+03
7.906238126483562155e+03
7.909423205051620243e+03
7.912608570264867922e+03
7.915794212020850864e+03
7.918980132836124540e+03
7.922166332642093948e+03
7.925352830695028388e+03
7.928539561263614814e+03
7.931726567362878086e+03
7.934913875411787558e+03
7.938101400438937162e+03
7.941289285264129830e+03
7.944477424025777509e+03
7.947665904096005761e+03
7.950854592829945432e+03
7.954043557493821027e+03
7.957232794600434318e+03
7.960422289560369791e+03
7.963612090779608479e+03
7.966802148933292301e+03
7.969992485043614579e+03
7.973183158644008472e+03
7.976374041337788185e+03
7.980553449580577762e+03
7.984387449492793166e+03
7.987579278649162916e+03
7.990771379706651715e+03
7.993963750819095367e+03
7.997156392737126225e+03
8.000349302862009608e+03
8.003542476301051465e+03
8.006735932663837957e+03
8.010534941771474223e+03
8.014685596149226512e+03
8.017879979909228496e+03
8.021074631911027609e+03
8.024269551598117687e+03
8.027464737463413258e+03
8.030660187147605939e+03
8.033855906339309513e+03
8.037051888709934246e+03
8.040248137065928859e+03
8.043444648222939577e+03
8.046641431466136055e+03
8.049838471138400564e+03
8.053035778064991064e+03
8.056233348083787860e+03
8.059431180783240961e+03
8.062629276701732124e+03
8.065827632114578591e+03
8.069026256724333507e+03
8.072225137062349859e+03
8.075424285770931419e+03
8.078623688044533992e+03
8.081823353693124773e+03
8.085023280343158149e+03
8.088223467614140645e+03
8.091423914606611106e+03
8.094624620758890160e+03
8.097825586247634419e+03
8.101026808437223735e+03
8.104228294826849378e+03
8.107430033164402630e+03
8.110632032518282358e+03
8.113834288346524772e+03
8.117036802213804549e+03
8.120239571778286518e+03
8.123442600280621264e+03
8.126645882359626739e+03
8.129849421743215316e+03
8.133053215373216517e+03
8.136257264484289408e+03
8.139461570355092590e+03
8.142666130348714432e+03
8.145870981860153734e+03
8.149076009963956494e+03
8.152281332812643996e+03
8.155486909743382967e+03
8.158692736849007815e+03
8.161898829976888010e+03
8.166098172906993568e+03
8.169950387707563095e+03
8.173157352387672290e+03
8.176364568125306505e+03
8.179572035121715089e+03
8.182779751360545561e+03
8.185987719241229570e+03
8.189195937474749371e+03
8.192404403789158096e+03
8.195613120108266230e+03
8.198822085507377778e+03
8.202031301417866416e+03
8.205849038851672958e+03
8.210020119587134104e+03
8.213230201015037892e+03
8.216440526404418051e+03
8.219651100897095603e+03
8.222861923418244260e+03
8.226072988739333596e+03
8.229284301334379052e+03
8.232495863585343614e+03
8.235707666987447737e+03
8.238919717792281517e+03
8.242132057272890961e+03
8.245344549432449639e+03
8.248557331542562679e+03
8.251770359621439638e+03
8.254983630811513649e+03
8.258197145860820456e+03
8.261410901657478462e+03
8.264624903239779087e+03
8.267839146121403246e+03
8.271053630862737919e+03
8.274268357690913035e+03
8.277483322100202713e+03
8.280698534354834919e+03
8.283913985139224678e+03
8.287129675966280047e+03
8.290345608693167378e+03
8.293561780458423527e+03
8.296778191196053740e+03
8.299994852645659194e+03
8.303211734043026809e+03
8.306428855027505051e+03
8.309646233372221104e+03
8.312863837215481908e+03
8.316081682713971531e+03
8.319299764866935220e+03
8.322518084374529280e+03
8.325736641319583214e+03
8.328955436435902811e+03
8.332174475641824756e+03
8.335393734037112154e+03
8.338613235113920382e+03
8.341832974012562772e+03
8.345052946792227885e+03
8.348273157080533565e+03
8.351493602268388713e+03
8.354714280839003550e+03
8.357935188951219970e+03
8.361156341499878181e+03
8.364377723135876295e+03
8.367599338907853962e+03
8.370821185991884704e+03
8.374043245307710094e+03
8.377265583877599056e+03
8.380488127213096959e+03
8.383710904790697896e+03
8.386933917434798786e+03
8.390157158770216483e+03
8.393380633950418996e+03
8.396604329042145764e+03
8.399828272201819345e+03
8.403052436706979279e+03
8.406276821885941899e+03
8.409501460607278204e+03
8.412726314656114482e+03
8.415951400090772950e+03
8.419176714188277401e+03
8.422402256837323876e+03
8.425628028402876225e+03
8.428854029063531925e+03
8.432080257170495315e+03
8.435306714874706813e+03
8.438533398517491150e+03
8.442759702202534754e+03
8.446636593779005125e+03
8.449864073913528046e+03
8.453091780535358339e+03
8.456319713130706077e+03
8.459547873198242087e+03
8.462776257331655870e+03
8.466004868230631473e+03
8.469233703502206481e+03
8.472462765204145398e+03
8.475692049792956823e+03
8.478921559775484639e+03
8.482151291415400920e+03
8.485381249334261156e+03
8.488611428566257018e+03
8.491841832324858842e+03
8.495072459898270608e+03
8.498303296188452805e+03
8.501534380290328045e+03
8.504765675331103921e+03
8.507997192911905586e+03
8.511841430944792592e+03
8.516041438092588578e+03
8.519273696690925135e+03
8.522506095499327785e+03
8.525738825457559869e+03
8.528971780680090887e+03
8.532205066494656421e+03
8.535438455611551035e+03
8.538672069024683879e+03
8.541905900128513167e+03
8.545139948602076402e+03
8.548374221325291728e+03
8.551608707886392949e+03
8.554843413073887859e+03
8.558078339148727537e+03
8.561313481675721050e+03
8.564548842495201825e+03
8.567784421079148160e+03
8.571020240031895810e+03
8.574256226834746485e+03
8.577492457659900538e+03
8.580728905089919863e+03
8.583965564917392840e+03
8.587202444018354072e+03
8.590439539158620391e+03
8.593676850331719834e+03
8.596914376506185363e+03
8.600152116253226268e+03
8.603390071920508490e+03
8.606628242700453484e+03
8.609866669708218978e+03
8.613105226863714051e+03
8.616344039518398858e+03
8.619583068572172124e+03
8.622822308353892367e+03
8.626061762909201207e+03
8.629301431407220662e+03
8.632541310234575576e+03
8.635781402634513142e+03
8.639021710321827413e+03
8.642262228400597451e+03
8.645502957578744827e+03
8.648743899193170364e+03
8.651985051894032949e+03
8.655226418481959627e+03
8.658467994187858494e+03
8.661709780225681243e+03
8.664951739823576645e+03
8.668193988133485618e+03
8.671436396899785905e+03
8.674679008772538509e+03
8.677921871838707375e+03
8.681164921259322000e+03
8.684408146548847071e+03
8.687651645290579836e+03
8.690895320587143942e+03
8.694139206769545126e+03
8.697383305377868965e+03
8.700627599988834845e+03
8.703872109627047394e+03
8.707116828230517058e+03
8.710361753214745477e+03
8.713606885709559720e+03
8.716852223671432512e+03
8.720097773175297334e+03
8.723343528358467665e+03
8.726589487852985258e+03
8.729835658251457062e+03
8.733082029540728399e+03
8.736328610692131406e+03
8.739575395559553726e+03
8.742822386243466099e+03
8.746069583110125677e+03
8.749316986584026381e+03
