1.274119169049605560e+01
1.273149781961536853e+01
1.250769170981423883e+01
1.278382261606266823e+01
1.234611332833313035e+01
1.264319955234620707e+01
1.309043412323967637e+01
1.287379522576982183e+01
1.309412854986173969e+01
1.296222395725019183e+01
1.325976276298478318e+01
1.318177193679336412e+01
1.313504609060566253e+01
1.347437643943947094e+01
1.311064898128708478e+01
1.354513211663248384e+01
1.345652808319472804e+01
1.372248012219828617e+01
1.328286778426974379e+01
1.374378701995740570e+01
1.332328888349643492e+01
1.367970070507683289e+01
1.369528635630845770e+01
1.403832948484305376e+01
1.363487442444457898e+01
1.380834638254089342e+01
1.624368812758670799e+01
1.359855898208423852e+01
1.366843310082719753e+01
1.399521291338216855e+01
1.402822454314185485e+01
1.383809732313261875e+01
1.387697232094869548e+01
1.366501186448778071e+01
1.371222166040794477e+01
1.380537092570075330e+01
1.390175877104653956e+01
1.339349758718127248e+01
1.338685544065342370e+01
1.370568845016216031e+01
1.311052854171060567e+01
1.300339832192021738e+01
1.332040165762748352e+01
1.299304204240013050e+01
1.323410134393353310e+01
1.131092330690291803e+01
1.304169437044954982e+01
1.308890782242229456e+01
1.329576196652558906e+01
1.294506525464093549e+01
1.280897882485113115e+01
1.304225191311724430e+01
1.242532972320283235e+01
1.288099778389808847e+01
1.295526906837744896e+01
1.296079620680483480e+01
1.305476425667354512e+01
1.406155157647748055e+01
1.373645913052856571e+01
1.299742875464296432e+01
1.307905957359562876e+01
1.256572272631317055e+01
1.296055001240953430e+01
1.300373023768854708e+01
1.283580115644238440e+01
1.312638103847895721e+01
1.290544256213639329e+01
1.305335129684064377e+01
1.282354683419436192e+01
1.353526318112405313e+01
1.288681664075572186e+01
1.252200769419500759e+01
1.305609390611172849e+01
1.267603394824908669e+01
1.292886884580425644e+01
1.267925771197188567e+01
1.243330991393689011e+01
1.250943463452663451e+01
1.288684708884776597e+01
1.249592553048735510e+01
1.291697244831776636e+01
1.264189655519001043e+01
1.287683888897425888e+01
1.269129363812508338e+01
1.225734171949171625e+01
1.274758021436851330e+01
1.265502273567784819e+01
1.257167797018220767e+01
1.279891898557463037e+01
1.262866427775574429e+01
1.262550742344182630e+01
1.266249521051148719e+01
1.263468821731058433e+01
1.241973322802998325e+01
1.238245990314627498e+01
1.207048204169708328e+01
1.204871151825307862e+01
1.194378425884289641e+01
1.156225152467402140e+01
1.170628723333237708e+01
1.180380042983133571e+01
1.197379508643912160e+01
1.219732318343409716e+01
1.189004837143270166e+01
1.204225142044453456e+01
1.161278772618570976e+01
1.168200182546527266e+01
1.200746841222528261e+01
1.204505289846094840e+01
1.185954277016797320e+01
1.170779079253478550e+01
1.198978574641869521e+01
1.211037881499105140e+01
1.223147494001466207e+01
1.231815010225447438e+01
1.167486142104035274e+01
1.177369028688261388e+01
1.158552934005480139e+01
1.153946721685955623e+01
1.175665788094204700e+01
1.152266008690172328e+01
1.175153947676000143e+01
1.175096075031119724e+01
1.163506363435291036e+01
1.145676828404949887e+01
1.157303398240908621e+01
1.152356727917321955e+01
1.122472812794253372e+01
1.148361204608833219e+01
1.147562051596364618e+01
1.117306710881467424e+01
1.130180879953637785e+01
1.152665592863147914e+01
1.132318495999535379e+01
1.147986036778194396e+01
1.091377362181807875e+01
1.099419499726613658e+01
1.092960592798938713e+01
1.125855979191155143e+01
1.120924391316481206e+01
1.105348136238419343e+01
1.113860874573899729e+01
1.123152921894957146e+01
1.115048615274700872e+01
1.088057656411073459e+01
1.085904030093151107e+01
1.103423580497643819e+01
1.067021682264261884e+01
1.076996059931320815e+01
1.071108500670394292e+01
1.080038883505167391e+01
1.084133613962586296e+01
1.088122228215271470e+01
1.076964825896184053e+01
1.087594716714965770e+01
1.089153437655609302e+01
1.080248827728591188e+01
1.084793870921582659e+01
1.076229239173519048e+01
1.086146182192609899e+01
1.089113421820104755e+01
1.084800893183314408e+01
1.076593377284589081e+01
1.071999778876204878e+01
1.099801222835213110e+01
1.076796671094600377e+01
1.075750112183812313e+01
1.071078156153735250e+01
1.101720057047087487e+01
1.071937885681787250e+01
1.082890418488568329e+01
1.067825612729170714e+01
1.086000738070695526e+01
1.070216002338900552e+01
1.074530405284164303e+01
1.074085682459862312e+01
1.085543671225126339e+01
1.049031087365004034e+01
1.064297396178158017e+01
1.053439122049693744e+01
1.067987617864903171e+01
1.097460640475505578e+01
1.052641985010943415e+01
1.069541459665986061e+01
1.069886410284761169e+01
1.053662963521435181e+01
1.063826116306058722e+01
1.076330371986660772e+01
1.060242307780381132e+01
1.080734086417567141e+01
1.064340514806124460e+01
1.060756629524243699e+01
1.088675334209103518e+01
1.068452324234000450e+01
1.069241727885754578e+01
1.059406586760727009e+01
1.034828900557807962e+01
1.042980457013652895e+01
1.046641878578996376e+01
1.035038787542407768e+01
1.419737971400596166e+01
1.037068012316523280e+01
1.037275245620281972e+01
1.046994520341912960e+01
1.035579509708668766e+01
1.048905617843352189e+01
1.048736679940693861e+01
1.047576091395858278e+01
1.035945107724804615e+01
1.047713344975003125e+01
1.028222889800882456e+01
1.050414650346975698e+01
1.051372040200419455e+01
1.035311567613762662e+01
1.046727546748182291e+01
1.049696645380263860e+01
1.029867962203882392e+01
1.029916461683340678e+01
1.028065176779315415e+01
1.026610236759180772e+01
1.041489188294185908e+01
1.038549869755901511e+01
1.031880333378932590e+01
1.032427937181914146e+01
1.042145524787215471e+01
1.039395741585062538e+01
1.059875910501392049e+01
1.041262420848117642e+01
1.031452379865434565e+01
1.043170559182448542e+01
1.017259562160244712e+01
1.024823050054696516e+01
1.025299705252739457e+01
1.039867604047325500e+01
1.036641669317413594e+01
1.033245860339225608e+01
1.023340872778761046e+01
1.022478714483378859e+01
1.020319330974017014e+01
1.026937109005565496e+01
1.045644191250266886e+01
1.012865824780394775e+01
1.019989572840252912e+01
1.070963424620853566e+01
1.109107408919334148e+01
1.170339130244885517e+01
1.234416377844057777e+01
1.105578329273990512e+01
1.043554109242462147e+01
1.019500526851430422e+01
1.028900559048072694e+01
1.034582688001603401e+01
1.032186278946035074e+01
1.050829665313355754e+01
1.016391164108001455e+01
1.057862689030228154e+01
1.049567839717043327e+01
1.029714690611695715e+01
1.051337817974768996e+01
1.055711320205709391e+01
1.040270925665280721e+01
1.044697627155584918e+01
1.066039807126804817e+01
1.059487304713756828e+01
1.060001362914904988e+01
1.054047948158764214e+01
1.056681847754322057e+01
1.035325481281854110e+01
1.049426600762432749e+01
1.060470296973887017e+01
1.065459094821695452e+01
1.068660645963214328e+01
1.055787374342783203e+01
1.068540637402897353e+01
1.078466202138418417e+01
1.064674379615141753e+01
1.089899461511899048e+01
1.075659910155307664e+01
1.083277139314516724e+01
1.076405869732855436e+01
1.072396491245662276e+01
1.074170028393503351e+01
1.081741862473456628e+01
1.090048922457591907e+01
1.105989531086873434e+01
1.098677912139551616e+01
1.095986641276233620e+01
1.123371987315364073e+01
1.109507295404750948e+01
1.144858124068786687e+01
1.144438168473260653e+01
1.149859738388741981e+01
1.138064578283608874e+01
1.146088978165416883e+01
1.160985016436893069e+01
1.176517789413223447e+01
1.219799792832851359e+01
1.216364862270181391e+01
1.221815852324326102e+01
1.251175575042866051e+01
1.289241683988376863e+01
1.558125471759720959e+01
2.951843504136885343e+01
3.504361049188857891e+01
3.508368222488137889e+01
2.870074516272852705e+01
1.574345840355428194e+01
1.297485172707819068e+01
1.260796637442973811e+01
1.270138893821460968e+01
1.237618665696575349e+01
1.234573410262997228e+01
1.218524379864652296e+01
1.189386890711381994e+01
1.177478958295379030e+01
1.177559347491254371e+01
1.180241866863584654e+01
1.181104724972203002e+01
1.386370237946576722e+01
1.154011212453015034e+01
1.138510243474299166e+01
1.308777140328785293e+01
1.105372910793306751e+01
1.103222645656848400e+01
1.123466685069021054e+01
1.124429356529724799e+01
1.118085216007702698e+01
1.115158654055124110e+01
1.096424946867689698e+01
1.079860905799896997e+01
1.108687991644986148e+01
1.103414195880757021e+01
1.078093920470582567e+01
1.096143959041249971e+01
1.067559549175993183e+01
1.074112187954074926e+01
1.069052992545539560e+01
1.089602866452853647e+01
1.080885096808879453e+01
1.084651745067182560e+01
1.085357613195797910e+01
1.067611537706550884e+01
1.080768221197939916e+01
1.089364308242872070e+01
1.067568719421550227e+01
1.072624414378679880e+01
1.072187374523638503e+01
1.062819755064529481e+01
1.067256302066392060e+01
1.086309988489733058e+01
1.092145016079592423e+01
1.099964896575509066e+01
1.097421584242692028e+01
1.102929446856279938e+01
1.099702870632600238e+01
1.103539750305879963e+01
1.103138983900011993e+01
1.123180102463554775e+01
1.107424781602089503e+01
1.104288423864269220e+01
1.125928135002381403e+01
1.118097273753339138e+01
1.084150572627997811e+01
1.124654333532605222e+01
1.104833039191662181e+01
1.102364031609762307e+01
1.090919077953500604e+01
1.078408398212623354e+01
1.079137537341424391e+01
1.095096871469230848e+01
1.078053388739984264e+01
1.077366958284739162e+01
1.079483779060648452e+01
1.081366855552213657e+01
1.507427103516377898e+01
1.101584779214062237e+01
1.100289938677787305e+01
1.101654504979938842e+01
1.086958389010707826e+01
1.097606508784562962e+01
1.083338926545191150e+01
1.085383634960607857e+01
1.104418774004976633e+01
1.108902496899491119e+01
1.073388777492856327e+01
1.077507612467105957e+01
1.083584882752741230e+01
1.082063114753452027e+01
1.079060310799322764e+01
1.085092776248441382e+01
1.088229980275521491e+01
1.059459050358802656e+01
1.071668746361603297e+01
1.073290375419412435e+01
1.069492699778275124e+01
1.091793774064029954e+01
1.078000840245251446e+01
1.078084219029948088e+01
1.085298373102550862e+01
1.064613279160769288e+01
1.112231097849414319e+01
1.091268992360869028e+01
1.064621087164558588e+01
1.078229707065999499e+01
1.097997592410210821e+01
1.068004470920144477e+01
1.063165476044772184e+01
1.062967717936716205e+01
1.079377002555246001e+01
1.091070935234629857e+01
1.069359884193975851e+01
1.071993291714082375e+01
1.077640259870934081e+01
1.077601574918216087e+01
1.082190717232110622e+01
1.059961294330475390e+01
1.092672532459218004e+01
1.089837575537070968e+01
1.082874548712346296e+01
1.088021721344540893e+01
1.096751139666038810e+01
1.067453334124644293e+01
1.080615449394865735e+01
1.087500716081029672e+01
1.076753204608115411e+01
1.071670162860897157e+01
1.079243780980613820e+01
1.076303962563392425e+01
1.088199279420340382e+01
1.100653159328901154e+01
1.087992099969822313e+01
1.133406941823362324e+01
1.135886903896115285e+01
1.115602078169218814e+01
1.128891531537153803e+01
1.092864956696967660e+01
1.078541750788556008e+01
1.089171206894983790e+01
1.091538973760136422e+01
1.115401278001124830e+01
1.104342863437165967e+01
1.103177426513133774e+01
1.108375356280519419e+01
1.114332249774767902e+01
1.089490025140692531e+01
1.088646015103649489e+01
1.097078661396169252e+01
1.106793649719826078e+01
1.138003149890560195e+01
1.164717366644807406e+01
1.168664335119854414e+01
1.183766988063846526e+01
1.159731244190360933e+01
1.139856132097391495e+01
1.127461632339023900e+01
1.155125625683342250e+01
1.137723335994171592e+01
1.146038304748470793e+01
1.166035867459584452e+01
1.189560807534128628e+01
1.424773119005213218e+01
1.654862937528633537e+01
1.654435832000328332e+01
1.681574727648298406e+01
1.529366710330120327e+01
1.465349133773907297e+01
1.398615227149653251e+01
1.225481794502388944e+01
1.164863111414067554e+01
1.136688189611376565e+01
1.148278465128784376e+01
1.201864219278420443e+01
1.137746415376490638e+01
1.174874248477258654e+01
1.195229012124464418e+01
1.187857968792490482e+01
1.185493128960535891e+01
1.136962061829535386e+01
1.155861164323312096e+01
1.163053533666400341e+01
1.169530412646374806e+01
1.147145226238798799e+01
1.170740385940090356e+01
1.194567691733945658e+01
1.176334680944521338e+01
1.149757264287378788e+01
1.138505020483384023e+01
1.314280927201501115e+01
1.118291382724552818e+01
1.155695802354511237e+01
1.133210611673577972e+01
1.305434109187449820e+01
1.133806554838741931e+01
1.169640585956324763e+01
1.170553055496864481e+01
1.152990438891814406e+01
1.140164172736673542e+01
1.127535832677645189e+01
1.091847759825725994e+01
1.130178073760001922e+01
1.118700715533686640e+01
1.122605234917065964e+01
1.118417504533976192e+01
1.127393264318814126e+01
1.128375389004849794e+01
1.123488512274573736e+01
1.117996641307443895e+01
1.109703436820384148e+01
1.115650062862156311e+01
1.104765117787567341e+01
1.113249240851536292e+01
1.090076797070602410e+01
1.084912375017175812e+01
1.089951724490534168e+01
1.096878890662080686e+01
1.100420491749553875e+01
1.090342260448005618e+01
1.110420725435150935e+01
1.089296128513526085e+01
1.071606202844760070e+01
1.066203428020053146e+01
1.061676188508450736e+01
1.092278237808604935e+01
1.057151662016931759e+01
1.058030562685187448e+01
1.076616152997686626e+01
1.069034917627882564e+01
1.057787892407337971e+01
1.060994078792514550e+01
1.083762233657278706e+01
1.074608529005577573e+01
1.062736935351911605e+01
1.070011619464725605e+01
1.067926009158945355e+01
1.072180267050039681e+01
1.048423999449094701e+01
1.051556378925025825e+01
1.077226855389031712e+01
1.054711829104884124e+01
1.037512211205843826e+01
1.065452320819483667e+01
1.047114662992656164e+01
1.048793021281884741e+01
1.063467004354189704e+01
1.035131213425451335e+01
1.040150654244810724e+01
1.023009240090810401e+01
1.451140711892912805e+01
1.056640221725691653e+01
1.060056265772750805e+01
1.060706733347821640e+01
1.074212420126071876e+01
1.049066021556730099e+01
1.038603277239490907e+01
1.052647410752867074e+01
1.034533929881148318e+01
1.053175824327871268e+01
1.055648869893500752e+01
1.048177924340466305e+01
1.032392874776041580e+01
1.040477839094172197e+01
1.034646841753334989e+01
1.045074798994941645e+01
1.042307513747081238e+01
1.035872717089812767e+01
1.012778453989872141e+01
1.061835229369655664e+01
1.021592757568382837e+01
1.015669389476829565e+01
1.028014652248703342e+01
1.062002284374050731e+01
1.078882821578286055e+01
1.083160238049632085e+01
1.093512491154955057e+01
1.018331840116018761e+01
1.017173298159167238e+01
1.003533689690666186e+01
1.048380823740656709e+01
1.026544581423353364e+01
1.026478543284479983e+01
1.026370696423209417e+01
1.011200869122706969e+01
1.017953311146180795e+01
1.010584089045196876e+01
1.025175142071110734e+01
1.021914877318343251e+01
1.024980390605573000e+01
1.037721219321525190e+01
1.029876521667982736e+01
1.060512724131711693e+01
1.030397574931392946e+01
1.028194382335076895e+01
1.040817613418340315e+01
1.020345450629915263e+01
1.020038023121821880e+01
1.032269350904709171e+01
1.027443291836148909e+01
1.020435430915001973e+01
1.029619798434730171e+01
1.025964890284366149e+01
1.011953754556817486e+01
1.009617049261961697e+01
1.013137852877830447e+01
1.046056995983464688e+01
1.058353436222563282e+01
1.053556396340108137e+01
1.048910242875810539e+01
1.006854074013120837e+01
1.014511447847376147e+01
1.013467487505389464e+01
1.010963819637955652e+01
1.032025110236591203e+01
1.027089607216282019e+01
1.030375518836959614e+01
1.001110781710594111e+01
1.031259680835378845e+01
1.027643894948860570e+01
1.034572053704319039e+01
1.022222437131064865e+01
1.028750010745214638e+01
1.031840427791776982e+01
1.039077823137441392e+01
1.021431353373192330e+01
1.010114614184519510e+01
1.017632573331236401e+01
1.016653900571927593e+01
1.025152166631723993e+01
1.041605765208820600e+01
1.086055539920502611e+01
1.125553390946172705e+01
1.069960631274149598e+01
1.076253334249390115e+01
1.039692446101680723e+01
1.026816270969912814e+01
1.037411529512738539e+01
1.103215923604875925e+01
1.131671742294128791e+01
1.165986240475669611e+01
1.133266274999452072e+01
1.099185429692373184e+01
1.100952421297689909e+01
1.071125747243399218e+01
1.075131447933321915e+01
1.029345534189395295e+01
1.054528644379806401e+01
1.008288264126575662e+01
1.075903715312523090e+01
1.138405024319821202e+01
1.131194292134742163e+01
1.158120807440836408e+01
1.298937685787157648e+01
1.059760714570670892e+01
1.073886082287467936e+01
1.036897209476349424e+01
1.046568505000132632e+01
1.043389767406038615e+01
1.060936426856271808e+01
1.087431103524152753e+01
1.081335337780711114e+01
1.054102999897334669e+01
1.065832823376718075e+01
1.094027606984735002e+01
1.137189764407264470e+01
1.154407662301641047e+01
1.135481630437807254e+01
1.089535225903765436e+01
1.089609116919874765e+01
1.138485476854678780e+01
1.406860795580451651e+01
1.527510282817376641e+01
1.505401890823939404e+01
1.365982657970866576e+01
1.207035746764103301e+01
1.175430008116725134e+01
1.144803840190883015e+01
1.292644265699422412e+01
1.060780719511986092e+01
1.062289340398999471e+01
1.026415099265180686e+01
1.254493216327047556e+01
1.071999532060603855e+01
1.094566839056000696e+01
1.069324131523881682e+01
1.068341449482401728e+01
1.146398023409823885e+01
1.139420108892291772e+01
1.121920694774115113e+01
1.083029963097178339e+01
1.026249372349434985e+01
1.045797262429362284e+01
1.041187542313493886e+01
1.035313801257375665e+01
1.078742685222475473e+01
1.075044743105777734e+01
1.083232007521108997e+01
1.086865099751553032e+01
1.066158922140462373e+01
1.098896315726551975e+01
1.077535274302360335e+01
1.079652097589247361e+01
1.136861810129976647e+01
1.164693780382037858e+01
1.180522963604671105e+01
1.188314255267565400e+01
1.103410500086023305e+01
1.048714398210157306e+01
1.004706029422472113e+01
1.038374415521273342e+01
1.054074752804941717e+01
1.058550258126458843e+01
1.035555803873581304e+01
1.053474910617077498e+01
1.053349177984127927e+01
1.075494000693774943e+01
1.060299647860377803e+01
1.032846881725517818e+01
1.011937440132789234e+01
1.037055755457914508e+01
1.005988400058265775e+01
1.017699480945702106e+01
1.009825150501229274e+01
1.032159907649945119e+01
1.083058209041685949e+01
1.040705673155549604e+01
1.042330293951585674e+01
1.033303416372969785e+01
1.023804280444052139e+01
1.006780090187278809e+01
1.052467686741988473e+01
1.055866761401949461e+01
1.008391960173488577e+01
1.022079975005814312e+01
1.000994764989547825e+01
1.013478313731515357e+01
1.191935190557532742e+01
1.001677269098047418e+01
1.018646420652932783e+01
1.021132852134027225e+01
1.007953812147309947e+01
1.004369891416020266e+01
1.010885519123383069e+01
1.017202094151709524e+01
1.011099543221325447e+01
9.879632051284264804e+00
9.962600695296105258e+00
1.011747275988640382e+01
1.024269662469600917e+01
1.414672314905772765e+01
1.031482651558739150e+01
1.041130650090285670e+01
1.032472016110599711e+01
1.016769321617881516e+01
1.068168183120530124e+01
1.092254532706888703e+01
1.094478036564446910e+01
1.116792960693348746e+01
1.079774177766465293e+01
1.217767536880794310e+01
1.057321718321240844e+01
1.039960084811731633e+01
1.035826590626431987e+01
1.051322047692160311e+01
1.011362495172309117e+01
1.020884940316230605e+01
1.034467608985867670e+01
1.013651117763164677e+01
1.031852670812300055e+01
1.011159494099615586e+01
1.011502134781131446e+01
1.101391384958249375e+01
1.106920961677641024e+01
1.145847615188264967e+01
1.092164567807617459e+01
1.098567501993640150e+01
1.053125668536054604e+01
1.059206790310953039e+01
1.015537636251773179e+01
1.025401938571724436e+01
1.048585988408177982e+01
1.029639992078941013e+01
1.036268183985849767e+01
1.025298465953924953e+01
1.047906838351687853e+01
1.044353523072750711e+01
1.051780711723066020e+01
1.009094088983502502e+01
1.055899921888993021e+01
1.098054797187686127e+01
1.096758013670966392e+01
1.088822739963594266e+01
1.026177276711999120e+01
1.038390003409162787e+01
1.058425594925665969e+01
1.057090389932959340e+01
1.071985713809167606e+01
1.070041073548585864e+01
1.079476945646051433e+01
1.101504466087605572e+01
1.123769832359466569e+01
1.109098270412744647e+01
1.036151412747850742e+01
1.076485767361180557e+01
1.086846224380904857e+01
1.083946572356169824e+01
1.056543827436756722e+01
1.053942852669468166e+01
1.049641893177587804e+01
1.028935540818538108e+01
1.046641561562202938e+01
1.077797092314226646e+01
1.077044274207035279e+01
1.096537779725581174e+01
1.074308130846868004e+01
1.043074531459931009e+01
1.038267045795835841e+01
1.027329016974864295e+01
9.840404509190424420e+00
9.755865426467059009e+00
1.021646512111706961e+01
1.005244352159293086e+01
1.052062133634977137e+01
1.023329303435241044e+01
1.057060894470970069e+01
1.059180385566699556e+01
1.050717060170128647e+01
1.052168020329875731e+01
9.776179598527358294e+00
1.010578628874359808e+01
9.941279322137944519e+00
9.867025185096622408e+00
9.934372024917932364e+00
1.010573478031991712e+01
1.015625548245264653e+01
1.009311977013065054e+01
1.019505245761475365e+01
1.003287637125256815e+01
1.010045358759641054e+01
1.019398547321040027e+01
1.036464209723511232e+01
1.003481828603782411e+01
1.012929954636367214e+01
1.000175980918647411e+01
9.823489871691601039e+00
9.959490495803754229e+00
9.987109880686455554e+00
1.015256851584456044e+01
1.008492721678032922e+01
1.000914136255200937e+01
1.017829078461656067e+01
1.017392263737744962e+01
1.000345406908410517e+01
1.023140189534894517e+01
1.011802640607213988e+01
1.010612737515098125e+01
9.970814004922170071e+00
1.015557292320331229e+01
9.956876326743035577e+00
1.008517970736876102e+01
1.005064592553509328e+01
1.017575787150885702e+01
1.000405586526925283e+01
9.741731547016547310e+00
1.012469082101239870e+01
1.020211763339172784e+01
9.834369271336473872e+00
1.013231626804455843e+01
1.008656291613259626e+01
9.994713466908692112e+00
1.002897254703333374e+01
9.919182749734368088e+00
1.016408989921573003e+01
1.015788706496175564e+01
1.016317841436482894e+01
1.016080947536383761e+01
1.002568417908158693e+01
1.001231418062617706e+01
1.003511376156816404e+01
1.012661803900297386e+01
9.969151957239194672e+00
1.009722419811183691e+01
1.033253763872660258e+01
1.032541736324741777e+01
1.001986042165667889e+01
1.006014441290045092e+01
9.992380355236429423e+00
9.703677744664910065e+00
1.016430061276105867e+01
9.926301885906996247e+00
9.989168193913934957e+00
1.025698080592541039e+01
1.006752515309433527e+01
9.772817816833693882e+00
1.010402123803968522e+01
1.005408813457021999e+01
9.990242944743426889e+00
9.896320931095047513e+00
9.916572971906745693e+00
1.001286755772553860e+01
1.008538909627804259e+01
9.963344315607280066e+00
1.008785304649411074e+01
1.000834450414943788e+01
9.717262903872462942e+00
1.007006048350206839e+01
1.012745757726850648e+01
9.839702168885452238e+00
9.803367568240680896e+00
1.021858969143549345e+01
9.764455728946023427e+00
9.980043367458206305e+00
9.825684812703238791e+00
9.875882153252945272e+00
9.861591639983172897e+00
9.931347750673097607e+00
1.018904705489684304e+01
1.003722875167331097e+01
9.891274633966789409e+00
9.909301597660967076e+00
1.008199175311320772e+01
9.944000136593482253e+00
9.845614751688570365e+00
9.883910810081113496e+00
9.974623719986407622e+00
9.908420598893165732e+00
9.950277578230684483e+00
9.853311917462129088e+00
1.068945788618624171e+01
1.080299137035010837e+01
1.100620127793986569e+01
1.143979082113519041e+01
1.136822253650729309e+01
1.107636514205519873e+01
1.095245910607699535e+01
1.137235582034549708e+01
1.037051485482680668e+01
1.050233062065050937e+01
1.164780031498204593e+01
1.235782752861504719e+01
1.246466752693087976e+01
1.252221625143618589e+01
1.385085822933680255e+01
1.179394461601008892e+01
1.124743601667758774e+01
1.087120326831878003e+01
1.055537004308154359e+01
1.060237580186247364e+01
1.041520374289753370e+01
1.008003252830407348e+01
1.046131844281285694e+01
1.014062001026231563e+01
1.026651981654007528e+01
1.009564979168049526e+01
1.029195307644318014e+01
1.137190904053077389e+01
1.314699592603303202e+01
1.449984287945261308e+01
1.451057816035490688e+01
1.331966506530428340e+01
1.268883110406736492e+01
1.259250904281829975e+01
1.192789008029254383e+01
1.150629097762325159e+01
1.128317630261320659e+01
1.118152099353553197e+01
1.120478770181225769e+01
1.120261212046178656e+01
1.123682457059819839e+01
1.166497436327306048e+01
1.148076039655857983e+01
1.161502080199903197e+01
1.102769073590974713e+01
1.108269614799880287e+01
1.126763654983402141e+01
1.165974882049925476e+01
1.173991816364792662e+01
1.115347464404095312e+01
1.049509290257096517e+01
1.056712494631790022e+01
1.115926405326148618e+01
1.123204568218878840e+01
1.124305508932111763e+01
1.091262533953902292e+01
1.057516098338983568e+01
1.098755950079520360e+01
1.200295561469418182e+01
1.217028357211514766e+01
1.167400610065228328e+01
1.116826278927942440e+01
1.045009356656187016e+01
1.031758404935119344e+01
1.044217646751264184e+01
1.047006613390865226e+01
1.104888086038907780e+01
1.118602359323856277e+01
1.120523933590487431e+01
1.073118259147631193e+01
1.080732647183236672e+01
1.188371195106910250e+01
1.232382138818989858e+01
1.226805808402103537e+01
1.127313068977180954e+01
1.056674507838703470e+01
1.028282008045407991e+01
1.042460569826792849e+01
1.033303571829006806e+01
1.018323612292689084e+01
1.028294905757475064e+01
1.074364394737109585e+01
1.069071386879615027e+01
1.056756676089719171e+01
1.050200241641194232e+01
1.098748123178688552e+01
1.130657057182691005e+01
1.152581242839648290e+01
1.132587735844435706e+01
1.077822459574020719e+01
1.030006328944839389e+01
1.024314988969221751e+01
1.035240967624271846e+01
1.019148180640888590e+01
1.019569359293985933e+01
1.024491628652523012e+01
1.033842818069359559e+01
1.015844442433522588e+01
1.072352515841377851e+01
1.039931890026888794e+01
1.046765299297762475e+01
1.026220161186790314e+01
1.069644938306890047e+01
1.066358254683848550e+01
1.063101431344081504e+01
1.040101209198157406e+01
9.913388422241490971e+00
1.030027965409038693e+01
1.008110810527874968e+01
9.767793327276411475e+00
1.014945371927281847e+01
1.030306306676249051e+01
1.009643389119012014e+01
1.028178205159473890e+01
1.007478768768958588e+01
9.912696605874341316e+00
1.019107795029951369e+01
1.003440981390541609e+01
1.039440889817530334e+01
1.030832646972412547e+01
1.042933412610322286e+01
1.065853308920719655e+01
1.108197242954457273e+01
1.094630086761202392e+01
1.060777355119780552e+01
1.062593518047346386e+01
1.046878130522995676e+01
1.028320412076721269e+01
1.010804638406950495e+01
1.037368624620004454e+01
1.067384162190825414e+01
1.066328052314625197e+01
1.053099898403168311e+01
1.039275203365782652e+01
1.023074265322054899e+01
1.029166671153199175e+01
1.050348214985453410e+01
1.046039066209107560e+01
1.029944242026925139e+01
1.042858300877706768e+01
1.006005925410752155e+01
1.026450049140589016e+01
1.053759136015902342e+01
1.032014334027554092e+01
1.050572193482864058e+01
1.032205371623905776e+01
1.008251915360914630e+01
1.023335161967337292e+01
1.005215508865761542e+01
1.007083097237750202e+01
1.015694259980810799e+01
1.015891227551340670e+01
9.965339882982474862e+00
1.008043129374946822e+01
9.737269800970191014e+00
1.007445415861072391e+01
1.013894948338836066e+01
1.153877083012331539e+01
1.007106104964913307e+01
1.006774164765099222e+01
9.815734377507004282e+00
1.020491699944495601e+01
1.013995519339788842e+01
1.037346043910249804e+01
1.013023198561660010e+01
1.024028745360121384e+01
1.009881603440292785e+01
1.024030474241550159e+01
1.021178397725480202e+01
1.047622438542108192e+01
1.091856005223363013e+01
1.049806419820468584e+01
1.047329037345944158e+01
1.054136045910462194e+01
1.007802504940493549e+01
1.029848220806377412e+01
1.020735450382503195e+01
1.017901092386222572e+01
1.043062188669858514e+01
1.069836621978926594e+01
1.064460260037294681e+01
1.048119493525047297e+01
1.081092962793768031e+01
1.069752720205013929e+01
1.093888715639620024e+01
1.089718210775003548e+01
1.096753225334091120e+01
1.137978554342087278e+01
1.128375901808925974e+01
1.112592102514328474e+01
1.103459395271895360e+01
1.112439436273799309e+01
1.106935369816614134e+01
1.123861116655362125e+01
1.115000607107188202e+01
1.091606094586084552e+01
1.088713646396061918e+01
1.073534024219102712e+01
1.086843763087693659e+01
1.101808656692267796e+01
1.094499637121223401e+01
1.093109577620663764e+01
1.063581084244486519e+01
1.064176996804750353e+01
1.046328383965171582e+01
1.037521395282670866e+01
1.044424656900405424e+01
1.021355528741520224e+01
1.032068683219948113e+01
1.063168133165832430e+01
1.082821716214705710e+01
1.085719321350434718e+01
1.104724186400142116e+01
1.091197457281288585e+01
1.105923455291870816e+01
1.149317347823311941e+01
1.172788105905326361e+01
1.314537110075883852e+01
1.512923228633874473e+01
1.640480016686757736e+01
1.760160571493047144e+01
1.769828282706490441e+01
1.646302649479259372e+01
1.511617250552970759e+01
1.346914761768337421e+01
1.281016780371244757e+01
1.312902511761553725e+01
1.255658820399070841e+01
1.206164048579811876e+01
1.181213830470963622e+01
1.165752104749464912e+01
1.160227224112903066e+01
1.158439983848271559e+01
1.179929436361927308e+01
1.202129819117876508e+01
1.300943247451685636e+01
1.588943036051589175e+01
1.760266244592188301e+01
1.786876155391147236e+01
1.648577072673875321e+01
1.430199334661289612e+01
1.406143850298028042e+01
1.413264037708142240e+01
1.355931376619056117e+01
1.249531868510670130e+01
1.172060176627063122e+01
1.200092697952087306e+01
1.226929823509052930e+01
1.223481915601374048e+01
1.189999021458274520e+01
1.237540862268003217e+01
1.273776972556352405e+01
1.267924267763665647e+01
1.246667196494481722e+01
1.169940211400609975e+01
1.196939017270820393e+01
1.383398209952272140e+01
1.566934857266781833e+01
1.626838664612977681e+01
1.524674740955626362e+01
1.244837194318827400e+01
1.154534896977373926e+01
1.142747187856894087e+01
1.251329635811063490e+01
1.350246672224364985e+01
1.326225631173880615e+01
1.245176895385329985e+01
1.153644184780653603e+01
1.221319758090224816e+01
1.508373918862289287e+01
1.620534510604630540e+01
1.649281660222167289e+01
1.415846506025225615e+01
1.187517751075193928e+01
1.123992311889494644e+01
1.130332738103632551e+01
1.141943183342210943e+01
1.153662013617993587e+01
1.263671803981368491e+01
1.310854003084597785e+01
1.287450876329756966e+01
1.234868690044524620e+01
1.163611884447195344e+01
1.336697492280614519e+01
1.514358136813023314e+01
1.556934728943845947e+01
1.448970599167937578e+01
1.205839796386727691e+01
1.123068401246846726e+01
1.122374160163381873e+01
1.103742009137893376e+01
1.100292641234575441e+01
1.089083383671761673e+01
1.109233961460791917e+01
1.129068026822816506e+01
1.186453413987444172e+01
1.236188781721965668e+01
1.212680798295037476e+01
1.182955264340578339e+01
1.149779891611497717e+01
1.284584106331059772e+01
1.359265958987263900e+01
1.327187101206792263e+01
1.234095113776129260e+01
1.087595487424887253e+01
1.059413224168956447e+01
1.068855387251350209e+01
1.077686672153510017e+01
1.072323255957965493e+01
1.063076590396785726e+01
1.080598643340597498e+01
1.070716123784802498e+01
1.060133098724303125e+01
1.068864498093507365e+01
1.106986172379861522e+01
1.139242303566519254e+01
1.129111438141036672e+01
1.123971835126395646e+01
1.156421683678374279e+01
1.205512023083516482e+01
1.215143155583192325e+01
1.190157586276550639e+01
1.102713908001036991e+01
1.055870222804808733e+01
1.059058318189251047e+01
1.078789048808310369e+01
1.065750637630316433e+01
1.078795886813261795e+01
1.076005538420722907e+01
1.077408604153153782e+01
1.092840316507879983e+01
1.327635322343406976e+01
1.129483084286151140e+01
1.143629227627254608e+01
1.149681997379042286e+01
1.181596851997726105e+01
1.228354651497866712e+01
1.230585284207596430e+01
1.220462137759192878e+01
1.212694459640239586e+01
1.239245091656927933e+01
1.260282461194483972e+01
1.429562623007189792e+01
1.343628362481558902e+01
1.286039758742619377e+01
1.088470436528274909e+01
1.109406202412326081e+01
1.104809832622331101e+01
1.115761686361108929e+01
1.104776126309139883e+01
1.061633435775936718e+01
1.081624727567409572e+01
1.066838470061802191e+01
1.064395420677775839e+01
1.081177263657566456e+01
1.370262060223394407e+01
1.381879089170022645e+01
1.096172547493838856e+01
1.120253437151987974e+01
1.101910766872103764e+01
1.114276317029183261e+01
1.147537087837825887e+01
1.219060191321800346e+01
1.225525475540420217e+01
1.256963286466703522e+01
1.254271332111285453e+01
1.409195868726303047e+01
1.681468345571838441e+01
1.991510567449567759e+01
2.379871105261012687e+01
2.518855582380174951e+01
2.452405408079783555e+01
2.429869851072136555e+01
2.320641078910324495e+01
2.144319791048148716e+01
1.900057131195517712e+01
1.744181603310230244e+01
1.645440963839079984e+01
1.580930769869410035e+01
1.553268855684274996e+01
1.573654693096555057e+01
1.570313660858125893e+01
1.682753930832261702e+01
1.869271843255870635e+01
1.872904622795395113e+01
1.847054094253277867e+01
1.700547958938992821e+01
1.632157779044188217e+01
1.568317170835909913e+01
1.548530466348555912e+01
1.531876974735547492e+01
1.445592279179180117e+01
1.447366001388171597e+01
1.383058769415363187e+01
1.410507214950911248e+01
1.397720976638744617e+01
1.343876308293011235e+01
1.326706051191747981e+01
1.272097820756370723e+01
1.289427694963947957e+01
1.317112681541192565e+01
1.315599610335327796e+01
1.314994925472618092e+01
1.201932321963995776e+01
1.180643662058248999e+01
1.180668547627856846e+01
1.151153845111502250e+01
1.152218921559876641e+01
1.161547766610638455e+01
1.157187797859193346e+01
1.152145847718336036e+01
1.189574791113716579e+01
1.151816469133425080e+01
1.201362051215994242e+01
1.207077195983038642e+01
1.221465671377349693e+01
1.210289268480914870e+01
1.211569884644641881e+01
1.217119298441658337e+01
1.257589988594354757e+01
1.275393960044541863e+01
1.226729477740074081e+01
1.192494014758808341e+01
1.181613479816909518e+01
1.291814466198745137e+01
1.615454249079382265e+01
1.823834266520136538e+01
2.083531836354849531e+01
2.124318863768560561e+01
1.950128267250483916e+01
1.736163157669096080e+01
1.476412227472083316e+01
1.458602317815778093e+01
1.443349013078952758e+01
1.397145543368556631e+01
1.312566953463573860e+01
1.258557744367782938e+01
1.291392720703944086e+01
1.288925840106977994e+01
1.289441344003051171e+01
1.275575073411080496e+01
1.231035826966313707e+01
1.244853389045323411e+01
1.306433049499190169e+01
1.730964411377791379e+01
2.087606628238820861e+01
2.105079325174437699e+01
1.950571036888173992e+01
1.506413711592719729e+01
1.511555927073784922e+01
1.574895713148943877e+01
1.573857250651198036e+01
1.443422945152571302e+01
1.293358976564431018e+01
1.256894877649925490e+01
1.264425296718882130e+01
1.350608318633677385e+01
1.368321286784157031e+01
1.375187253638484286e+01
1.400613587604307142e+01
1.430431588480925775e+01
1.456007426473449229e+01
1.433272651490621996e+01
1.342306057902596983e+01
1.313300527414674512e+01
1.336437959324159763e+01
1.589404142659580188e+01
1.905809724125884586e+01
1.924363229776848172e+01
1.853698034962101815e+01
1.444236131043390081e+01
1.282744062779437577e+01
1.250485942354213798e+01
1.327354054038151254e+01
1.527294953987798998e+01
1.561614828333859784e+01
1.581603950552768367e+01
1.428054854383684713e+01
1.344784743184700382e+01
1.354478093603888844e+01
1.693629123925990498e+01
2.036478346091691094e+01
2.099549006101828752e+01
1.954365446336412404e+01
1.500381098574556482e+01
1.347170270223114130e+01
1.308719188529163979e+01
1.305942370176991929e+01
1.281016669576409051e+01
1.304559471418133754e+01
1.390349019309242884e+01
1.502717781462479074e+01
1.538141389006104731e+01
1.536528495393939409e+01
1.386329584638244405e+01
1.403237713198840630e+01
1.456016302622926695e+01
2.098130360113312776e+01
2.124411757087576547e+01
1.976295833253419687e+01
1.732734431558426635e+01
1.657247354338213086e+01
1.637407191636929227e+01
1.522285832223399638e+01
1.518498834553220078e+01
1.686406564052730062e+01
1.767872547500505931e+01
1.686987692247391735e+01
1.553054439243331508e+01
1.473683535189634064e+01
1.548219001805568951e+01
1.659755386986414294e+01
1.630861474989675486e+01
1.526775079167039095e+01
1.559678923263341233e+01
1.760308276049615017e+01
1.843875214954221775e+01
1.800281400838567691e+01
1.590250583651503469e+01
1.426737272958111724e+01
1.362516354565753751e+01
1.356092260067648247e+01
1.291720178431771515e+01
1.339282034046252612e+01
1.355510213403102782e+01
1.357590536845360774e+01
1.628477003355568442e+01
2.125264419972259233e+01
2.295827740360237712e+01
2.254904105331381103e+01
2.003572189069815224e+01
1.848281087553940338e+01
1.826303631335504818e+01
1.771220770891308405e+01
1.507932375996820973e+01
1.462366113821504321e+01
1.621375635029622941e+01
1.673477263870007903e+01
1.636353113106971691e+01
1.507970324535887663e+01
1.330412926256803097e+01
1.311551111746425669e+01
1.333413336577085495e+01
1.325130248329775284e+01
1.349960670871551649e+01
1.489808292861673955e+01
1.525340522861808878e+01
1.343555754947395897e+01
1.400508127828282312e+01
1.329531628597778870e+01
1.149113414343099748e+01
1.351937563165781953e+01
1.725677314229020709e+01
2.027228674169447231e+01
2.067520486476917796e+01
1.966697969173850780e+01
1.560999284369156648e+01
1.387330717448917561e+01
1.379269114670284679e+01
1.455206177338147278e+01
1.632530598858902238e+01
1.964487445666325982e+01
1.640939474523894503e+01
1.501419227355689401e+01
1.363731982688750399e+01
1.335120101322339714e+01
1.474968069074063770e+01
1.960549669754657742e+01
2.107276904011432705e+01
2.136986984956015334e+01
1.825232531048011708e+01
1.452179337927714720e+01
1.369913981098854450e+01
1.360850205093463750e+01
1.310061161043058675e+01
1.300590047216751088e+01
1.298000311897569858e+01
1.428135099926440610e+01
1.535559478272739042e+01
1.566229111651324502e+01
1.543615595452346767e+01
1.465809761530260147e+01
1.391176545721391022e+01
1.648471714617880224e+01
1.860116023207247338e+01
1.926008480448043869e+01
1.884904195702598173e+01
1.521797599047538441e+01
1.422482444592396966e+01
1.300216837256867919e+01
1.328361424156400084e+01
1.292107253703869851e+01
1.257306370724245426e+01
1.265380515080125789e+01
1.260779848394700053e+01
1.278560937992228119e+01
1.294077779748782575e+01
1.407641515371178187e+01
1.433263039645415660e+01
1.429400927011919009e+01
1.315136142361959060e+01
1.323427388339646527e+01
1.501526084022636987e+01
1.568961520140283028e+01
1.585669474885559183e+01
1.477039349899204979e+01
1.299624291011252275e+01
1.257787012748446820e+01
1.238125055231638605e+01
1.272283546447408753e+01
1.292263530176493092e+01
1.285130765454265855e+01
1.280031289646570514e+01
1.252924298504411027e+01
1.286523127078947049e+01
1.299190253811715401e+01
1.264827276993348981e+01
1.258943463909299254e+01
1.300646824490160824e+01
1.319458736490582140e+01
1.330719017234575574e+01
1.281635099361495200e+01
1.290592426294155004e+01
1.370315604728070369e+01
1.403972309324691459e+01
1.430548372226401455e+01
1.308452152950612124e+01
1.233035722249977439e+01
1.257574075264401792e+01
1.235458943411645727e+01
1.233917110391747052e+01
1.264188896262607464e+01
1.270243245832004320e+01
1.246557754878520896e+01
1.265647588166420334e+01
1.224506061220307984e+01
1.276188172297603174e+01
1.309793460418983990e+01
1.304067873507474395e+01
1.291762356580243498e+01
1.317673827369927508e+01
1.373725684686724335e+01
1.366024732306011025e+01
1.377281075294459534e+01
1.352367290042636938e+01
1.374873124361403498e+01
1.385315468275979534e+01
1.437169585247435499e+01
1.406480770830233773e+01
1.345114144104022813e+01
1.100115501336066792e+01
1.341831724486124600e+01
1.323040600580369031e+01
1.357555239466212704e+01
1.371750450611407324e+01
1.369241920712660132e+01
1.326141014794528949e+01
1.328342879159098722e+01
1.342671898602175595e+01
1.337564364610864764e+01
1.329091817845599621e+01
1.317325179415565906e+01
1.324662456004294242e+01
1.336355038736094869e+01
1.354542409413038051e+01
1.334367142584376076e+01
1.364883647252738363e+01
1.413278183857438464e+01
1.389224583745473929e+01
1.369600368815321545e+01
1.325713693760016554e+01
1.408558034651475310e+01
1.359268969309306740e+01
1.357234813699923670e+01
1.297889242982750169e+01
1.298998428444558684e+01
1.297942766988011698e+01
1.293417380501998615e+01
1.314189879127207305e+01
1.291464051804725166e+01
1.303762622644178215e+01
1.282867363428667673e+01
1.318947341714526011e+01
1.302673283391165882e+01
1.359298611934901224e+01
1.376874405468765517e+01
1.402504981516765703e+01
1.410818908952627559e+01
1.419109198959543328e+01
1.392222077484014520e+01
1.408326554053619439e+01
1.391565561217555214e+01
1.363227052881524415e+01
1.303939770201983528e+01
1.332183170677823014e+01
1.343568028294352423e+01
1.321870343735703734e+01
1.313504125792990784e+01
1.346417670843387704e+01
1.339617854586941981e+01
1.184824669538627617e+01
1.364949918114282035e+01
1.354638900544500402e+01
1.188936188185936160e+01
1.322657807388513795e+01
1.336820287655742767e+01
1.360510914154405349e+01
1.345639120385671106e+01
1.338205186744536235e+01
1.362557567552927651e+01
1.388599333929144208e+01
1.522707765634476473e+01
1.704393407626038126e+01
2.014651975738632217e+01
2.149048059454870341e+01
2.109849648451708504e+01
2.157289531805120930e+01
2.266539287463468000e+01
2.267659477046226257e+01
2.161746107425652497e+01
1.856500717699996628e+01
1.879147429495241184e+01
2.265539563389165068e+01
2.406724362311420506e+01
2.598799050058054760e+01
1.979741999332730984e+01
1.609547598409132263e+01
1.568396942816612416e+01
1.665679828601511048e+01
1.730304308045971950e+01
1.725893137164694480e+01
1.603183089459253807e+01
1.481213182793560357e+01
1.508778915908863461e+01
1.485508838145548438e+01
1.460335201766432434e+01
1.444609233538794157e+01
1.403422463245030194e+01
1.413444868097631080e+01
1.417968602261390210e+01
1.431522575611820258e+01
1.430671774022436615e+01
1.515896057692209453e+01
1.521417641798694120e+01
1.701213784468748358e+01
2.562066895659334165e+01
3.134380287439315182e+01
3.158828885560641453e+01
2.807792315762321778e+01
2.153938905872669096e+01
2.127702757322369109e+01
2.135705229569833463e+01
2.071215109597862636e+01
1.681524273013737769e+01
1.537038051457637344e+01
1.613823620139467252e+01
1.760365606746865907e+01
1.726434244114113525e+01
1.684347356258720652e+01
1.536574575080867078e+01
1.484010947654791579e+01
1.438594464348829938e+01
1.486004848012074930e+01
1.523677799948090161e+01
1.685179598284375402e+01
1.914969745984257443e+01
1.942764958028137201e+01
1.877509219340311475e+01
1.626074530296673970e+01
1.479194063255647862e+01
1.531329113922756058e+01
1.616101490303292820e+01
3.702060747392017959e+01
2.577674738158030721e+01
2.977951868279048497e+01
2.953308672132585500e+01
2.533382844178747817e+01
1.738216270765752114e+01
1.527199389061980028e+01
1.453358928744475698e+01
1.467644198736970829e+01
1.714344789392390211e+01
1.996206491522795190e+01
2.051633778098325323e+01
1.954768422324447741e+01
1.729171075887265374e+01
1.608365262328882395e+01
1.671714866349039141e+01
1.796406968610769184e+01
2.573715762986232392e+01
2.903316260653179981e+01
2.960363957757826725e+01
2.521511419535102050e+01
1.726876125835364562e+01
1.497875645674631073e+01
1.429359863798506325e+01
1.437775666106430883e+01
1.425315866777958540e+01
1.456727554119592405e+01
1.493340455893377339e+01
1.707753208334819561e+01
1.918989244623664803e+01
1.949738513071233470e+01
1.863678889847978581e+01
1.601970842158652886e+01
1.498550891077497482e+01
1.481275339009943259e+01
2.412447595265851774e+01
2.530079487135019178e+01
2.389830436716437134e+01
1.888450454157105440e+01
1.510633948879948285e+01
1.458332993749358941e+01
1.463764405337876973e+01
1.420124380920533547e+01
1.426163600517508989e+01
1.387449060218837538e+01
1.385275748176708355e+01
1.400146915354843280e+01
1.407756635281702629e+01
1.446876639724424507e+01
1.659841317841741315e+01
1.749524043963018372e+01
1.771649360595698397e+01
1.666829724032941584e+01
1.469713105175170931e+01
1.624872826847893492e+01
1.925212834708862175e+01
2.074725492828714124e+01
2.048667411787706172e+01
1.769827635516734077e+01
1.466055491875335548e+01
1.401155719066104410e+01
1.384008922177471668e+01
1.402815304443828026e+01
1.429431111193413351e+01
1.384238234269882284e+01
1.403059102457501695e+01
1.415975357527135969e+01
1.385835399921286637e+01
1.404532597856855958e+01
1.394056870328959441e+01
1.370260348287976093e+01
1.254126034703230808e+01
1.498601328919837528e+01
1.382536247178720146e+01
1.549525769865134883e+01
1.457414871780227550e+01
1.440952865157188079e+01
1.676241292260364091e+01
1.764143513514205708e+01
1.747841519943667876e+01
1.594334151345208106e+01
1.424802169174111555e+01
1.398844697824664429e+01
1.382556512002520144e+01
1.415066860883740318e+01
1.391944252957696726e+01
1.407723462305661144e+01
1.420654962475102678e+01
1.403115243916934674e+01
1.413190992116553524e+01
1.461202949206722757e+01
1.492220208832158690e+01
1.473116595492687431e+01
1.456827478662530773e+01
1.453685073484894730e+01
1.457773900887427487e+01
1.441060679793862853e+01
1.475712996620269379e+01
1.559689408172146585e+01
1.643817669218294952e+01
1.618391405281816731e+01
1.599508453083219983e+01
1.721218593886288772e+01
1.679252673676127117e+01
1.640049711522077658e+01
1.552431601930321037e+01
1.544226113906910491e+01
1.574594387439655208e+01
1.619718118146786523e+01
1.672187883834396516e+01
1.727806209363319923e+01
1.844816822309993753e+01
1.986947275886052111e+01
2.149343400495107659e+01
2.250263272396697189e+01
2.438067312721065250e+01
2.559592742245184027e+01
2.656321419047796439e+01
2.732478666439038761e+01
2.778075773959246320e+01
2.821823572703380378e+01
2.754585479119210234e+01
2.168187964625028741e+01
2.505419639643207219e+01
2.340732756330165643e+01
2.164674168483784911e+01
2.029414202935461020e+01
1.967829874752646191e+01
2.084900501002598361e+01
2.374509622484367455e+01
2.552507762788335199e+01
2.707188844839096831e+01
2.770701054750887593e+01
2.804191518540532613e+01
2.853641787768432891e+01
2.791349041617182891e+01
2.802868581345210330e+01
2.756341139767287984e+01
2.434846825591958464e+01
2.366268488435212447e+01
2.498934912870758041e+01
2.475240772959772073e+01
2.295143460112571177e+01
2.321074824189446417e+01
2.204546155509505212e+01
2.087953802535987791e+01
2.062992920096254323e+01
1.992803792765971593e+01
1.874951897771356357e+01
1.912583763875411336e+01
1.852395828691082258e+01
1.823238721085627034e+01
1.819482312776650090e+01
1.797226253680945263e+01
1.794719850935710781e+01
1.705677351915322149e+01
1.722694525582460301e+01
1.725044043429361196e+01
1.738377757667758772e+01
1.680923458344085475e+01
1.716903992063257078e+01
1.658031477593075209e+01
1.648508569082736841e+01
1.673435692502719263e+01
1.626672239998832126e+01
1.346541247184563517e+01
1.612768220835776134e+01
1.665968356568797404e+01
1.622311649732044003e+01
1.659772553728504008e+01
1.670952906835748664e+01
1.654925933785607839e+01
1.640009447104212015e+01
1.671264739920400899e+01
1.714447599941107114e+01
1.545666482597514069e+01
1.527520586501651323e+01
1.707781719143358856e+01
1.753791711298457301e+01
1.752875529749679373e+01
1.753851769422408324e+01
1.771755756314650654e+01
1.905788534909805776e+01
2.313644135441046856e+01
2.941510226101594938e+01
3.195692792290075701e+01
3.219897579749282102e+01
3.342680953086620832e+01
3.448224358769779485e+01
3.435032682702160400e+01
3.052616413789969485e+01
2.442000236794110535e+01
2.771881507729193928e+01
2.895681467834738143e+01
3.590228236191769895e+01
3.137738843795385790e+01
2.370518240979594893e+01
1.905277527670794058e+01
1.950586863937322946e+01
2.305092160668813861e+01
2.019861861798656477e+01
2.404079125330305544e+01
2.001893232759000796e+01
1.876791831827478418e+01
1.881795853526915607e+01
1.882579393098394149e+01
1.819991671735831318e+01
1.898703473682873266e+01
1.977489600153881710e+01
1.952651689025992354e+01
1.991270810671169755e+01
1.992324812165119496e+01
1.926853436988768209e+01
1.615658898784480257e+01
2.042017160489731609e+01
2.285837312101710239e+01
3.416725744929364339e+01
4.665904923255283165e+01
4.859511136460874781e+01
3.415501735542047612e+01
2.937974588944237908e+01
3.331340667892578011e+01
3.432976400796064098e+01
3.260896088480698296e+01
2.586986701868132954e+01
2.080397067074038020e+01
2.064774871936876011e+01
2.189187283368507053e+01
2.453449583298501580e+01
2.008248414595953690e+01
2.300762207818062777e+01
2.081415131249337591e+01
1.998030679759879646e+01
2.016414765126211961e+01
1.661569679113239673e+01
2.385123460979197674e+01
2.852717406364046937e+01
2.933902597650607547e+01
2.886873355803777486e+01
2.363802513452307608e+01
2.025174545880033605e+01
1.932044264125531541e+01
1.972796931108329233e+01
1.668951589902593469e+01
2.621086482674603602e+01
3.812701510307284281e+01
4.282306928133012036e+01
3.183731370833293894e+01
2.481077024057483982e+01
2.096922785829291058e+01
2.060613397943818370e+01
2.056869884934102544e+01
2.229920634657871048e+01
2.826527054208986556e+01
2.598189507134109988e+01
3.136094363191843115e+01
2.735984743625737181e+01
2.256024444843551890e+01
1.724017748412779127e+01
2.097249577669145282e+01
3.108728665989195861e+01
4.248846257883953825e+01
4.519406796192779296e+01
4.308219972894136163e+01
2.458979488878929232e+01
2.188881946926396083e+01
2.157234208354013916e+01
1.677702480014810860e+01
2.050900496342130808e+01
2.053895014855682888e+01
2.044785319504604360e+01
2.294899886832316227e+01
2.813254821191009114e+01
2.504894288449774820e+01
2.965864453829073710e+01
2.494866064523373694e+01
1.659649687194724166e+01
2.127417328033887500e+01
3.063592210377555602e+01
3.933760714088205646e+01
4.129987140434796800e+01
3.013191038410611000e+01
2.471302611798873627e+01
1.604090406680785463e+01
2.020658963878922521e+01
2.063410799358482706e+01
2.053803183331389448e+01
2.045300192751671986e+01
1.707111492725849544e+01
2.069054154683317037e+01
1.710060375097217999e+01
2.258155926373989786e+01
2.509042601120168925e+01
2.666973292198582968e+01
2.620160704592791134e+01
1.948049725161355994e+01
2.070669912185127615e+01
1.832485939329029634e+01
3.198659697718345640e+01
3.769073595155364131e+01
