3.709208012986968583e+01
7.489069684053223597e+00
1.247515760696213327e+01
5.765653577617509029e+01
3.991015796200479304e+00
2.986187098679588559e+01
5.585202274029047942e+01
3.877037512809590680e+01
3.068778561723528142e+01
2.446865695559147724e+01
4.982783476726368121e+01
3.833581957107642069e+01
3.902256185355938811e+01
6.462384792212804996e+01
2.480160148190104152e+01
6.192318399711655275e+01
3.762453667434522231e+01
4.952410911296000506e+01
1.726274305805588938e+01
6.986471198297286378e+01
1.793709616924951789e+01
5.007307072363458644e+01
4.653632487033490150e+01
4.593183653630327967e+01
2.916374449057896001e+01
2.738767367971929545e+01
6.746727913358299134e+01
1.937492725518642089e+01
2.208759000574028875e+01
3.197463740709484270e+01
3.175462356483068760e+01
3.368223942821506967e+01
4.343200026368245403e+01
3.292438236342300684e+01
2.682019585498752079e+01
3.597250143961897351e+01
4.045719063412025918e+01
2.555601194596847492e+01
3.234177317057125123e+01
5.296196071847631259e+01
4.355623332913371826e+01
1.474480379213073000e+01
4.299154415892306247e+01
3.787317893155567106e+01
6.617845245041893065e+01
3.599580248211588440e+01
4.881798736225918844e+01
5.942479870921889784e+01
4.817076456544786822e+01
3.384845604175539080e+01
1.366753747509596195e+01
6.183277816301974639e+01
3.529883182679518505e-01
5.437881990723931835e+01
3.472696394276779586e+01
4.305704483951218720e+01
3.212180167800310926e+01
5.603176020833800663e+01
3.179668271678652758e+01
2.644588744729504270e+01
4.499375672586147346e+01
7.632790995935343048e+00
4.258329618189262078e+01
5.992585312291456745e+01
4.151652838511613908e+01
6.121564650801313689e+01
2.969092997338270479e+01
5.442791383498276048e+01
3.936444763593064522e+01
5.018912633942624524e+01
5.705937731090740073e+01
8.841312720349483456e+00
5.594755998474078496e+01
3.495952742703777005e+01
5.285785902777683987e+01
3.852940905044985698e+01
2.436965069341792400e+01
3.500096777576013807e+01
4.967584519757378558e+01
2.277244836280945961e+01
6.453070166608080171e+01
3.143978522564303546e+01
6.641347690541833515e+01
3.768965101632367265e+01
1.848313289828447736e+01
5.077383823601263657e+01
5.527231776015798914e+01
4.040843591297148407e+01
5.978500528791796143e+01
5.049942674540636034e+01
4.942415487304886312e+01
5.615048595059600700e+01
6.453885702064586383e+01
4.299360654717678898e+01
5.201293877926344322e+01
3.794893259523171025e+01
5.455475648495129093e+01
4.496360047582319908e+01
2.793461288074135140e+01
3.425049341401263803e+01
4.529751079351957799e+01
5.322170578590515078e+01
6.196943671513171381e+01
2.291054110809310984e+01
6.405255328162093065e+01
3.017566931195361590e+01
4.145064019483773876e+01
5.267894422910618601e+01
2.949659218000681093e+01
4.594522532823254579e+01
3.218420312620150270e+01
5.106748696397421128e+01
6.505561734144966124e+01
7.250866952159067580e+01
9.141209134728597974e+01
3.329548139422490749e+01
4.236419500674486471e+01
3.849249278686740183e+01
3.152262282435782836e+01
3.509182430665259744e+01
3.830676416795897410e+01
5.426732926953598479e+01
5.852473982452450940e+01
4.327717390598046165e+01
1.806373985357542011e+01
4.119002627081486878e+01
4.519100152239955293e+01
3.083049279383266139e+01
5.996467617068805822e+01
6.234034201739618908e+01
2.835087343758882383e+01
3.600118072602757024e+01
4.618826853758705653e+01
2.978354760516256761e+01
6.525221186733271850e+01
2.159357986933132167e+01
3.482912547195898156e+01
2.147283338852612289e+01
4.998312138503096236e+01
5.321231571586135090e+01
2.907976598216096065e+01
3.262001746996318019e+01
5.060823860603805713e+01
4.335682526357120992e+01
3.428207431646578129e+01
4.733719801520826564e+01
6.578241906167410491e+01
4.803995790622759188e+01
3.838702816148830976e+01
3.794721425499668044e+01
4.411610017824022378e+01
4.162324084628094312e+01
3.276357129739894702e+01
3.870874424978529049e+01
4.931993706084391960e+01
5.392254941172119231e+01
3.866799947527916004e+01
4.685916134921210841e+01
3.473937533088567164e+01
3.798935076006175393e+01
4.388286096822371718e+01
5.078258357238915721e+01
3.051827331489984729e+01
4.741195852454880111e+01
7.378193025027242413e+01
4.191229894508690990e+01
4.354319282269764102e+01
3.587430223991810863e+01
6.311915836894485210e+01
3.457074310501729286e+01
4.448473774752012133e+01
4.581195127483333351e+01
5.596788976991170017e+01
3.629371583603688123e+01
4.784857587583505989e+01
6.036702480731563725e+01
6.960046372144161353e+01
4.168547535839294937e+01
5.385042935393597219e+01
3.456254439141607548e+01
4.530526696671851994e+01
7.116249802476760067e+01
5.103047941294343559e+01
5.374473081680852005e+01
5.899068612141229551e+01
4.834189549780940354e+01
4.893649257959118160e+01
5.090262644822990268e+01
4.017214851209217130e+01
7.253368796811921015e+01
4.360567823848378310e+01
4.259477997942466487e+01
7.001330100794018563e+01
5.547441050966196485e+01
5.878738036157985647e+01
4.919992668492220389e+01
4.179297407626748395e+01
4.762017624528164106e+01
4.053801182517145207e+01
3.669844571362976637e+01
4.639577157793989670e+01
3.850002054050619904e+01
3.422522381437635630e+01
4.876273800611144793e+01
3.847954076589511629e+01
3.485137321627323104e+01
4.317243734139073297e+01
4.672858596991045488e+01
4.290608586103057576e+01
5.189735797350610369e+01
2.334835963913658219e+01
5.615384494836258256e+01
6.586833058393683871e+01
5.054248848932244442e+01
5.099520012411840497e+01
6.336929382044542791e+01
4.817799326880986399e+01
5.716459228307760299e+01
5.352298029313381278e+01
4.433277411647188160e+01
5.561442212481905045e+01
4.916476372463875322e+01
4.427186717359808910e+01
4.848608715607955588e+01
4.235264250102062533e+01
5.200076210963960222e+01
7.266432701966743934e+01
5.469417559584372412e+01
4.408650155120437830e+01
5.780846289369340241e+01
3.342690269737935438e+01
3.373609794723785882e+01
4.235678542763512411e+01
4.906620795659383560e+01
4.546817055466686242e+01
4.448935964313137248e+01
4.141685795188372765e+01
4.258661921187745492e+01
3.051696631028892881e+01
4.897007331832067223e+01
6.322598293694904470e+01
1.943612289872231358e+01
2.496207014065525343e+01
4.823443472485767103e+01
3.013118248311909397e+01
2.910235313427856951e+01
2.588553653694330237e+01
7.405156430168585757e+01
3.373135507462080085e+01
2.583084544541941341e+01
4.016770971296980974e+01
5.699634570933972810e+01
5.340283302679106470e+01
6.130846462359603777e+01
3.252861278680190082e+01
6.016924065446674064e+01
6.044613952431026860e+01
1.870193805878888327e+01
4.775623340916060044e+01
5.897164682604876873e+01
5.503740064528053466e+01
3.567020583447443727e+01
6.369337454195791537e+01
5.517427214412570891e+01
3.330636791302521260e+01
3.809826790317912071e+01
5.026596430887942546e+01
2.362923876234760812e+01
4.276167582176927340e+01
4.679933647932702456e+01
5.585899620935043686e+01
5.086305541024363919e+01
3.470611518659020334e+01
4.364496890050272526e+01
4.723358980061402690e+01
3.821043964125993853e+01
6.246811557184984309e+01
5.070740249716823200e+01
6.731328454373442582e+01
4.283080362406737862e+01
4.449302554589813496e+01
4.408285162424829906e+01
3.787866151299409267e+01
5.349440282907800537e+01
5.654625928310632332e+01
4.055154096654669615e+01
2.793463475556445985e+01
5.097083860127698074e+01
3.329592847513739429e+01
5.711395932376321127e+01
7.372484734221910685e+01
6.778004795700306317e+01
4.849146058166031281e+01
4.538788066085236750e+01
4.951383448992049807e+01
4.357784429447630004e+01
7.675999148338566158e+01
4.266419806183677110e+01
2.928794458488438934e+01
7.366077856914860433e+01
5.598021882218246503e+01
5.018265275905169176e+01
5.582267720355407192e+01
8.932223479395175048e+01
3.075129500920191816e+01
8.053697687590040744e+01
3.359877984262209338e+01
4.990852477529455911e+01
3.896820308925551046e+01
5.573971629657366833e+01
5.226109286961431621e+01
5.675790759345789382e+01
4.947851017064084544e+01
3.214110337229163861e+01
4.055677019766503832e+01
4.843146044692596774e+01
5.482419188789550191e+01
4.733932519413904316e+01
5.761658558048924306e+01
5.183820604155661727e+01
4.679386794602061883e+01
3.747482658581930082e+01
2.998947391301172516e+01
2.433325052390039644e+01
6.213648033321477726e+01
5.849562349263694472e+01
5.520367479324904991e+01
4.008548857572203872e+01
3.726678474536043240e+01
2.588659646476951082e+01
5.929819257297530299e+01
6.067943859683168029e+01
2.811453907788354911e+01
5.874215806076039570e+01
2.751477115176482258e+01
4.306420184488519709e+01
5.556350217638073019e+01
5.588228555677707732e+01
3.656161229117414280e+01
4.811713056921473708e+01
4.848146815349669225e+01
5.134731888422048485e+01
5.026139095272112911e+01
5.895982481887303805e+01
4.455383152002985270e+01
5.330669383258232585e+01
5.009903650028745403e+01
2.927315336283641756e+01
4.385484589084681062e+01
5.929807713701803351e+01
5.864331435059044395e+01
6.785836600447356659e+01
6.703873214981160800e+01
7.137029967269432973e+01
6.702193056879794142e+01
6.017148834782131672e+01
6.073727843460461884e+01
7.609285328450192765e+01
5.396069793453603580e+01
3.614841174217061592e+01
5.676512485552484577e+01
5.639832108736316485e+01
1.817824304160710724e+01
7.049326594172829630e+01
5.358592125317431254e+01
5.548531138478431046e+01
4.235578410078905165e+01
3.006253428505075576e+01
5.381037455253878932e+01
5.505796642618727788e+01
4.769662802193614226e+01
4.686666923609857349e+01
4.377963105192838356e+01
5.741487999382165697e+01
6.428469337062639966e+01
5.526759478978941331e+01
5.340583358080938581e+01
6.736059126024748878e+01
5.719613953104095572e+01
6.408854239910859008e+01
5.242375257105364028e+01
5.564478596467820637e+01
7.064575002303162421e+01
8.051700525625743410e+01
4.372503582460291938e+01
2.752138716273610441e+01
5.118067137425830992e+01
5.372980098180495645e+01
4.884882073588429563e+01
5.545427839396958092e+01
5.262435671735379117e+01
3.938208918634776978e+01
5.072717790266121796e+01
5.872901597641526905e+01
4.966758178012755565e+01
6.511608975119324327e+01
5.304533343222546904e+01
5.955877202091599543e+01
5.157014389805591037e+01
2.294146874305685913e+01
8.098557958326416895e+01
5.747752631719882288e+01
2.908202018167422409e+01
5.131938600024844988e+01
7.251868457592988193e+01
4.189392086700997453e+01
4.035008547913884058e+01
4.635879309423590655e+01
7.108469214670604686e+01
7.762907222593345580e+01
5.396944861152130812e+01
4.412347258236764702e+01
5.480671350497475913e+01
2.463243999242099136e+01
6.404783525048716797e+01
2.841655438357846819e+01
7.072567765712987864e+01
5.947117064199763803e+01
4.997509546115770007e+01
6.116947849871441889e+01
6.740295578916710895e+01
4.313699629012923964e+01
4.391533119815291997e+01
5.653533186099510743e+01
4.635837144944020594e+01
4.664923114409057092e+01
3.484295916792237335e+01
3.206094691624471693e+01
4.857398755751098918e+01
6.473461885603128962e+01
4.832136916840149610e+01
5.578763506750541268e+01
5.000035461846807294e+01
2.581173242907448895e+01
6.182005437125902603e+01
5.536095911217145726e+01
4.216949414806548191e+01
4.115780300765830191e+01
4.654386074738510359e+01
8.685651918058279364e+01
6.304403296703755899e+01
6.198628898592360059e+01
6.088773075699740644e+01
7.259140622452669334e+01
4.941989606248926492e+01
4.217881430889736549e+01
4.741204595154759005e+01
6.011401628193708291e+01
6.711450773828420324e+01
5.225522006677179832e+01
5.936137374998791927e+01
6.524403044643543126e+01
5.098472863356874285e+01
4.984287081935748631e+01
3.806433623597881422e+01
7.538901546035623369e+01
6.870729548029713385e+01
5.546322873547470778e+01
8.452109035910780221e+01
6.029107829339886138e+01
6.228788956677285427e+01
8.012251049504291700e+01
5.294249888126218195e+01
6.807514726568986418e+01
6.555492194122750504e+01
2.192962196297376565e+01
5.456217682385841528e+01
6.123683046599474977e+01
6.000361663794661382e+01
3.289518429426351531e+01
4.720402187398509142e+01
7.703765233489902187e+01
4.418732706691630341e+01
6.971964938193747230e+01
7.439356939956658721e+01
5.672211480442182108e+01
5.604269566695401750e+01
3.562595397322796487e+01
5.856895890374284619e+01
4.791544883512073483e+01
7.782874343228857583e+01
6.228901130098714134e+01
6.810589594474868136e+01
7.489913430981710007e+01
5.150381861593773891e+01
5.209087826911942898e+01
6.513654612391195542e+01
4.646673315622065559e+01
4.960969966101336581e+01
7.721506932983729143e+01
4.605045532182661105e+01
5.353161735702161650e+01
5.114835805039171390e+01
7.656665984782047474e+01
5.681143842762185869e+01
5.822689338543861481e+01
5.036709193420507802e+01
6.523521740081231712e+01
4.104843326089849143e+01
7.122071172114333137e+01
6.861982088313843064e+01
5.098207806110431761e+01
5.910381617643270147e+01
6.649977810965589242e+01
6.055909285721237012e+01
5.276746890213388497e+01
3.597182052619115211e+01
4.449118601287464259e+01
6.692460358602939152e+01
5.698959322304385466e+01
6.279928695182043441e+01
4.149690206577687235e+01
4.606874437074514361e+01
5.850678985311719771e+01
6.736970090028009395e+01
6.186924879808071864e+01
4.931983053352586666e+01
7.460572628527287975e+01
5.543194575203105501e+01
4.935422390097527767e+01
4.525673458675044714e+01
4.837080368304791733e+01
6.052725055512630803e+01
3.819849736702084186e+01
4.012359963438746746e+01
6.301817901922996867e+01
5.975407707660190226e+01
4.844659652402571481e+01
5.497032421736004437e+01
4.714660418655687124e+01
6.633484610084734356e+01
4.811269770914394428e+01
5.870946590056497172e+01
5.458022501453736197e+01
6.453591057450388746e+01
3.240940890715361888e+01
3.683384454325541668e+01
7.515960813486761083e+01
4.985436710145096839e+01
3.516415696199825192e+01
7.073433223790088675e+01
3.955047738776750776e+01
5.999311766353866204e+01
7.624212322608508430e+01
3.118282479261837636e+01
5.413727435016154743e+01
2.922459365449897462e+01
5.796092226716781681e+01
5.986348413422812342e+01
6.158055005951728589e+01
7.300357279065667626e+01
8.131864442098544998e+01
5.280759372609769997e+01
4.780837092147476852e+01
5.482314641362345498e+01
4.743692986408282763e+01
6.199794378277444906e+01
8.225555517364561808e+01
7.371038594794461574e+01
5.701698676665298393e+01
5.946698958226257048e+01
6.265940819796855976e+01
6.775798056408405046e+01
6.451021666345133099e+01
5.316880963003594474e+01
2.757092072692293172e+01
8.685059758833642718e+01
4.049680881164575652e+01
4.147916314948677297e+01
5.873165944015346440e+01
5.437418297378734877e+01
7.354979057174962520e+01
6.253591382200110615e+01
8.176741904552808649e+01
4.421157651270683431e+01
3.941997157162754917e+01
3.667575363238844943e+01
7.143356778741595292e+01
7.203431678871402255e+01
6.308351351650672711e+01
6.410683108325022772e+01
5.930910379284575384e+01
5.441765100090358942e+01
5.097179111657852957e+01
6.025389110650255731e+01
5.054387682293552331e+01
5.631995806621922895e+01
4.853851281968408671e+01
4.029995192870302390e+01
7.791978196566807924e+01
3.669795453467801138e+01
5.050012521047184322e+01
7.650923547375199973e+01
5.663134439262150011e+01
6.125167715972529692e+01
6.304013197967031346e+01
6.025876091638046006e+01
5.104621962012220848e+01
6.081823741218173751e+01
5.523370904220764999e+01
4.362162835697641583e+01
4.582590494093616940e+01
4.648489115898113511e+01
6.182998056059942371e+01
6.929430132860959191e+01
6.010897454578586974e+01
4.612122354447614470e+01
3.982721114822907538e+01
3.738752502960470991e+01
4.437922495393824818e+01
4.501482992104115510e+01
6.061451410253035732e+01
6.436296509002372090e+01
7.616508137630272302e+01
3.901946579022348516e+01
5.861997392964293141e+01
5.420907574074362145e+01
6.010989476049276448e+01
5.139390566330358467e+01
6.051506508958267005e+01
5.514272745239755835e+01
5.909087279741621757e+01
4.360584434674429843e+01
4.470150401468529111e+01
5.638755962897206331e+01
3.906374836466466860e+01
5.165495969770154261e+01
7.913819919384968671e+01
1.033389022520732254e+02
1.311288419155190468e+02
7.175303594126080498e+01
8.222496329735506038e+01
6.359709545088477967e+01
5.529440959285929580e+01
6.192327447185173384e+01
7.043407447426463364e+01
5.101848721327578318e+01
6.236593739944928672e+01
3.852066903552208998e+01
4.420336045460003049e+01
7.535529805249741742e+01
5.508847330360725181e+01
7.302381068542406695e+01
4.804956516907760289e+01
7.467941701892556239e+01
3.670755995398118188e+01
7.905707391821349006e+01
8.256255622933387883e+01
5.192178128496255596e+01
7.841849218047535430e+01
1.003767717658438841e+02
3.167979509384159442e+01
5.711960558465265336e+01
3.056825986453726074e+01
3.843937677551049603e+01
5.342163523595699814e+01
4.782262615753116819e+01
6.211758184077239520e+01
5.131652664800634511e+01
4.038828229688408555e+01
5.434188005397221133e+01
6.410894320557794401e+01
6.778796208880942231e+01
6.296846436931524948e+01
5.054868866752710233e+01
3.309175094011062157e+01
5.751931872544213320e+01
5.760570135100854117e+01
3.716286607064198222e+01
8.381879494353188420e+01
3.162731138319776747e+01
4.621404035740307847e+01
5.015540466586946877e+01
6.329254120468804956e+01
6.868662713769623451e+01
7.162993225088852967e+01
6.137884213827275914e+01
5.394906321605312627e+01
3.338498020468910710e+01
8.477500855416622016e+01
4.737527612445688874e+01
6.088646446946925295e+01
6.241955528758320071e+01
2.359942560573508175e+01
8.037300095063652350e+01
6.807054582300969514e+01
5.977822066871922857e+01
8.214501069216390761e+01
3.479986968903049416e+01
6.364361932253422083e+01
6.690657775918961647e+01
6.445651864500342754e+01
8.901521761047047221e+01
7.678487674648306438e+01
7.148182704477083860e+01
8.648765941737141816e+01
5.547993810359890432e+01
6.756872823331168831e+01
4.752847285481399098e+01
4.165968787469753210e+01
5.741998524764850487e+01
4.563304697691772560e+01
3.492723843876457579e+01
6.146252614522602187e+01
7.194327892551683590e+01
6.394861487673943401e+01
3.880833036444272466e+01
6.251251932194644212e+01
6.780288439422136548e+01
5.255128595781872036e+01
5.954575332821698197e+01
6.587581994259045359e+01
6.310134477378970530e+01
6.840119766555315550e+01
7.046635679872370872e+01
4.930356058436466782e+01
4.395584271118441677e+01
6.984535868388822166e+01
4.131291785356805235e+01
5.975012149755814761e+01
6.284450672834250184e+01
8.068927411560005680e+01
1.244474436354314832e+02
9.094348937572554803e+01
9.707496714405017713e+01
7.243213240711493484e+01
5.740076497113819443e+01
5.103344306696723010e+01
8.816734288245370976e+01
8.780069160865026845e+01
5.168262941758873552e+01
6.864437066475265681e+01
4.979021828310515474e+01
5.933684371459335694e+01
8.383520974485911381e+01
4.440336320810910564e+01
7.712872799196846074e+01
7.311466250295181624e+01
5.526593290005414616e+01
5.779747759538027907e+01
7.526745452976290096e+01
6.677399520362895657e+01
5.931482856569776629e+01
4.560279444600815424e+01
5.377192061480390350e+01
5.352656295456444013e+01
5.719732169346733031e+01
8.858510333194678310e+01
7.312016215345344960e+01
7.331755321077707777e+01
6.535511694574205421e+01
3.826874348674222404e+01
6.546274253426111045e+01
6.554875246517180187e+01
5.554919853021778664e+01
6.648817246700180306e+01
4.596246585026860032e+01
3.385490768730473121e+01
6.156429913279903587e+01
5.431908892079049167e+01
6.506100513160750154e+01
7.369393431101472913e+01
4.812829150360786912e+01
5.775253169504669160e+01
7.822658799291895093e+01
5.338336382157925897e+01
7.235382301042784547e+01
5.962917421802536921e+01
5.466715211644473982e+01
7.279564205427749357e+01
5.033851954140853024e+01
7.649097612448440486e+01
4.306710772157889267e+01
6.928380044865083676e+01
6.318738763272072845e+01
7.037977883764283149e+01
5.113734726771370021e+01
5.635945676293292195e+01
8.511303890783705128e+01
4.160046260873723867e+01
6.756830512746404338e+01
5.426308449828049874e+01
6.853430508059865645e+01
5.168940320119926213e+01
7.239899426407123428e+01
4.725509971938912912e+01
5.404437601242959488e+01
5.617840430029765741e+01
6.160799068084370589e+01
6.582591282587640080e+01
5.469125758519354719e+01
6.903869443877923118e+01
6.282838688384888570e+01
5.797115801397301738e+01
6.547492704918184359e+01
8.112385091544091154e+01
8.056125874473445947e+01
5.840180666129393927e+01
5.875832265012684275e+01
6.805828383491667921e+01
4.822263094114557447e+01
7.304912899722049247e+01
7.314374252684301325e+01
5.831900688243396047e+01
4.906666575251365714e+01
5.002201822111378959e+01
6.851927603040925874e+01
4.982883564516556874e+01
6.386297686717865218e+01
4.918632202928093733e+01
5.482129649564596718e+01
6.209736231461488387e+01
6.406501036621421008e+01
6.021078882679863398e+01
6.090785250320557509e+01
7.000683358202451245e+01
4.921262582737118407e+01
1.973822888199772407e+01
6.156036920593012240e+01
4.206667559715391747e+01
7.934328974143019764e+01
6.606002374500117469e+01
6.608619558844800679e+01
7.642583600113378850e+01
6.102919059196516116e+01
7.336229154461101132e+01
4.362650744438618489e+01
6.562655153641739503e+01
5.415019819312088600e+01
4.623898309356678027e+01
5.017676731595775408e+01
6.382175324779401393e+01
6.306008079690938928e+01
6.188422793078375861e+01
7.783710834599447992e+01
5.537847083595120523e+01
6.465295627614976581e+01
5.968133213654130032e+01
8.501426294319341537e+01
5.457195297801139589e+01
6.013134035398414312e+01
4.952540664919634850e+01
4.221605762661975803e+01
5.439138904986177891e+01
5.606310866749689126e+01
7.470101717966556976e+01
7.294645087730107491e+01
5.875268485166505172e+01
7.575212232989250083e+01
7.378672972887854087e+01
5.695641590643395347e+01
8.001074344190041643e+01
6.351023573370932240e+01
7.926489868230025593e+01
5.713934826483939133e+01
6.056591358093922395e+01
3.903530621741897022e+01
6.123275385300699014e+01
6.933224440727005344e+01
7.903730544609707920e+01
6.397802673487990432e+01
5.686773307753406215e+01
7.809550418986802356e+01
7.489709761496654039e+01
4.464271432372037651e+01
6.330275843834342453e+01
7.542857221811183877e+01
6.246952937899816760e+01
7.179799565910091985e+01
5.894461874373153876e+01
7.242079807739555974e+01
7.312446963768135788e+01
7.392479648848380691e+01
6.761635419482277598e+01
6.130234312760891413e+01
6.467772891735850749e+01
6.650753049531903116e+01
7.039772742547481243e+01
5.887660439839435611e+01
5.856173037588813202e+01
7.312520895955555034e+01
8.354349462803857307e+01
5.703519269553161308e+01
6.227033300718176179e+01
5.588646427329211264e+01
4.194090537779921135e+01
7.125670093871083566e+01
4.633315749357611679e+01
5.718967630595391682e+01
6.956559772043117107e+01
6.748048091550926131e+01
4.530143965678431783e+01
6.867477216278379615e+01
5.504477182281347325e+01
5.274765452635550389e+01
5.014930160255821789e+01
5.872186351238809721e+01
6.407714132280418085e+01
7.039370902469512714e+01
7.300321758363035940e+01
8.857698769618768608e+01
6.987258316793801782e+01
4.064614634543939786e+01
6.275741454200785086e+01
7.311116576207626849e+01
4.245131025966578875e+01
5.710854290025853430e+01
8.670986328883439853e+01
5.672535863640542431e+01
7.207674856148832987e+01
5.318955814454902509e+01
5.645539547986425077e+01
5.770494763042503195e+01
5.853950113309765158e+01
9.031380766253164438e+01
6.312832140153423666e+01
4.610801777702595672e+01
5.952433685577441480e+01
7.628059296942255685e+01
5.457505772011739253e+01
6.100731100839159637e+01
6.042897855504380544e+01
6.099144779046341824e+01
6.190970393738474087e+01
6.118125202399171769e+01
5.780744077192593977e+01
5.637964509746668540e+01
7.849145289622542521e+01
8.637071887145269500e+01
9.144657667346685059e+01
7.901189663853081413e+01
6.434406333636705710e+01
6.390857739072936283e+01
2.391374531534716752e+01
8.093814524022110390e+01
4.738484333183445329e+01
7.712428780774148152e+01
9.671634665865263969e+01
2.820632309229540979e+01
7.382895895130272379e+01
6.255509741593652251e+01
6.872131278465150217e+01
9.620038431840320925e+01
8.764657442203422022e+01
6.438988799006740749e+01
7.753047417774584460e+01
8.530565746994902554e+01
3.683923945901025832e+01
9.306772006998090774e+01
3.994919826941695362e+01
7.388555805394663878e+01
5.782059297803508713e+01
6.574342018369436857e+01
7.367409493170949020e+01
6.211712255423242368e+01
8.946820607569276262e+01
8.216046149132253618e+01
4.814943569185081174e+01
6.795413212678963077e+01
7.172225534903347466e+01
5.460247758405798635e+01
6.767418608181802142e+01
7.373822592677220200e+01
5.429519833138896701e+01
5.219217919176979592e+01
6.850704467344570503e+01
6.770635418112667026e+01
7.239915047011355398e+01
5.728489989775860636e+01
5.617517933704269240e+01
5.026685510846428429e+01
6.787683461042871613e+01
6.652300930861821371e+01
6.355528019362261460e+01
7.196266195324444936e+01
5.800621828915465983e+01
4.452556597704116825e+01
5.845597187425626373e+01
7.657192987463001543e+01
5.463752340539629415e+01
5.201929841186306192e+01
5.208948659488217459e+01
5.988581386513390470e+01
5.843242194990911287e+01
7.126882259432922240e+01
5.019705845810450739e+01
4.533497039818600882e+01
7.787725952853267586e+01
5.609762765074609092e+01
7.045216965179686497e+01
7.512294441661599365e+01
6.789432244280862960e+01
6.662501464718617683e+01
6.412466252864652461e+01
6.023603694396381059e+01
5.019719078297740822e+01
4.292453697141355207e+01
5.558506415279074275e+01
6.951646015713726001e+01
8.504583687060004138e+01
6.259358783943014259e+01
7.595038571894721713e+01
5.833291103801715849e+01
7.666082661157915368e+01
6.047119413295229151e+01
4.567495584631176797e+01
5.611673343446511097e+01
6.546907463239793401e+01
6.405950677155372830e+01
4.059670674273015578e+01
6.336671162632261201e+01
8.498019671199863012e+01
7.866513663224372976e+01
9.271915473811721142e+01
6.287200472855329281e+01
7.548506088229727595e+01
6.725510081462915934e+01
4.812697206563660046e+01
8.845317790105256961e+01
5.870241276224271587e+01
6.243099962926413582e+01
5.894538603801280630e+01
6.912419074283356224e+01
6.422102564196245567e+01
9.870955881928834685e+01
4.815610361734685796e+01
6.072447710429293011e+01
5.736359024241741622e+01
8.031444966933813134e+01
6.884641732067267128e+01
6.507095744296181294e+01
5.703701871910666910e+01
4.947345031052573461e+01
7.901169045929499646e+01
6.935994927958985556e+01
5.141306933235522081e+01
7.656108368791264240e+01
7.474646469935129289e+01
6.307046298252618755e+01
8.846026468738226356e+01
6.477625337397186911e+01
6.259224732672819869e+01
7.596557721540919772e+01
5.914374025655644118e+01
7.604176051942297931e+01
7.234513307667150173e+01
7.093351755134172265e+01
5.259034194690389796e+01
8.744172372512416302e+01
6.805591050427356947e+01
5.550288406671968744e+01
8.109248951065565336e+01
8.200483196485460269e+01
6.661637811034900380e+01
4.838611476110477128e+01
7.047910216410167550e+01
9.131802404034469589e+01
8.716255186677388167e+01
8.485970710987581356e+01
6.801445728047085026e+01
5.373447001420769453e+01
6.204944409980949160e+01
8.536585125335598434e+01
7.266574882998398266e+01
6.080844541348685084e+01
7.094906876484611757e+01
3.992272510696317767e+01
5.814832470193374547e+01
7.150821883077040297e+01
6.591762329156271960e+01
6.741627853974489426e+01
6.847030828512990297e+01
5.761593751235864147e+01
6.261761357930971172e+01
6.464984712707530434e+01
7.436993976048420052e+01
7.473921663930144632e+01
7.403315514549997545e+01
5.478892433079662538e+01
6.933840723462641620e+01
5.026428261027096767e+01
6.903974028955768460e+01
7.436639578570954257e+01
6.658289812706483701e+01
7.606976605031998417e+01
6.647487441217087678e+01
5.172288497016046449e+01
7.903033174530538929e+01
7.606794247710469392e+01
8.353060733961169149e+01
5.913406579128790952e+01
6.552383117416148650e+01
6.451158299911425331e+01
8.348046484731348471e+01
6.762301157229843795e+01
8.220665413233248842e+01
1.115248411566379758e+02
5.895552432789473585e+01
6.657817875024137777e+01
7.751873938861309909e+01
3.907258357950050254e+01
7.057716362060881465e+01
6.396927153937715360e+01
6.316255563015477037e+01
7.294579455179012939e+01
8.580135643031830739e+01
8.208263449625799524e+01
5.990177352378675124e+01
7.085522180273439119e+01
5.607060923705139999e+01
6.878771552453358140e+01
5.283221812027354503e+01
4.943876308912047080e+01
9.390925339982699427e+01
9.050353515039194008e+01
6.814978131446416398e+01
5.888212015630718099e+01
7.493798684795360998e+01
7.068886293080103655e+01
8.376324074612490733e+01
5.293274585331297999e+01
6.337295265424666724e+01
6.479792613779974886e+01
5.424540893339347036e+01
6.083728615259686023e+01
7.671208613064762005e+01
6.846502048962885567e+01
8.066183802191399366e+01
5.022748559705198090e+01
7.012995598579979628e+01
6.938183268426811878e+01
6.130346849905832585e+01
7.803930355797498919e+01
5.455438941661102348e+01
5.851427563500438112e+01
7.032186342101759635e+01
9.030230839074499727e+01
7.873632064683215503e+01
1.003233747896735650e+02
5.821086896479387462e+01
5.563485125467359182e+01
7.494562288776987202e+01
7.725425497401541008e+01
8.476561996326476844e+01
8.523721028574280467e+01
5.270783750097172060e+01
7.740904610632114213e+01
8.348456522122999957e+01
7.128803586711958928e+01
5.509409702791200658e+01
7.803197442101836145e+01
7.789011147612836794e+01
7.798216386536014966e+01
6.904309701606047156e+01
6.782553282418048468e+01
9.194694582952595852e+01
7.760712136601419786e+01
6.786457926546361819e+01
6.507707350014304382e+01
5.594739611995411366e+01
7.582525763199468827e+01
9.673468676242075048e+01
9.286335751175717235e+01
5.546481249291830551e+01
4.150179364719610930e+01
8.850594626279195154e+01
1.163803693740717904e+02
4.454006272100674124e+01
7.605884551092802326e+01
8.078535854126681670e+01
7.977553280261584234e+01
5.445536068639286498e+01
6.092804380437303990e+01
8.809275019531092710e+01
9.366895852773464526e+01
5.463693413026634715e+01
5.977544536345462944e+01
5.476571557679622515e+01
4.011974957487324644e+01
6.785003218374326650e+01
6.042458126489025716e+01
8.423855573769425575e+01
8.728082232488256409e+01
4.589157821419975392e+01
8.480515564521591898e+01
6.896980554277128306e+01
5.665894247225817537e+01
9.319712672292394018e+01
6.585993814414035796e+01
6.524491254958736874e+01
1.114295726530190365e+02
8.016716826352050873e+01
7.750642224393108393e+01
7.287698279450052041e+01
6.463832595100438994e+01
5.452238185361089506e+01
4.398156595452407913e+01
8.459741821830129993e+01
5.809043226921875203e+01
7.287738620998186434e+01
5.855923628393145464e+01
6.566352763792794178e+01
7.612330048690331807e+01
5.745570848979912881e+01
7.223469560370349996e+01
7.620973939634660610e+01
5.843417664474443285e+01
2.130894686103473745e+01
4.709482451752179344e+01
8.200490341024186591e+01
6.465262227801891015e+01
8.207746647589890188e+01
5.068522096911367925e+01
4.867746268588658154e+01
6.435404836665860273e+01
9.586855943493712573e+01
7.268057092004657704e+01
7.942546015826599159e+01
6.645504558257755434e+01
9.024381213189276707e+01
8.996672140436258758e+01
6.634878274892918171e+01
7.711937527278460891e+01
5.778423076431998595e+01
8.626043334682466934e+01
6.961907312191017638e+01
5.066432195350120082e+01
8.033994816845397224e+01
5.981328742242998686e+01
6.157417170332014678e+01
7.146985752840049599e+01
6.104789732643128986e+01
7.101144454946575024e+01
7.364162927054827890e+01
5.950079113836696365e+01
5.556695905404010460e+01
9.633361718268059803e+01
8.027711129164946158e+01
7.693022069883301128e+01
5.989361478313765019e+01
5.417423221588381210e+01
7.190237343771285339e+01
5.933796305505881463e+01
7.825644867381136294e+01
7.878370641958662191e+01
5.593863972620558656e+01
5.682486129838466127e+01
8.265214547078555540e+01
7.608838475299447168e+01
6.312157399388085111e+01
7.241373366534645584e+01
8.867964340774460652e+01
6.908945555113280079e+01
8.182802691158710218e+01
8.180340688260682214e+01
6.957789677935289774e+01
7.803291020375498022e+01
9.971890431434364643e+01
7.123279961769686963e+01
7.216193591844265143e+01
7.232415696409520933e+01
7.062940078175790859e+01
8.114713765027939019e+01
7.419472417284224264e+01
7.042152027731259523e+01
6.461661590718270531e+01
8.666475008807607594e+01
6.411387299267759943e+01
9.249779479654489478e+01
5.044924014781979338e+01
5.567901089196512032e+01
6.065126967857842288e+01
8.859461658832057651e+01
7.449956419627443438e+01
7.169512775395986637e+01
7.763949430332610291e+01
5.289966114639756256e+01
8.202995596921648769e+01
6.908117103573616191e+01
5.594697685799886955e+01
7.661035018119891049e+01
5.925985974023516434e+01
7.029442419563200417e+01
7.227554968018159798e+01
7.195439038858053493e+01
7.720071265958432605e+01
8.165028786765711288e+01
5.642567893683336422e+01
9.233239493346113136e+01
7.617041602427626401e+01
9.592436148525612793e+01
6.740823142864654471e+01
7.988176270146534819e+01
7.494566316495563285e+01
6.134395479073780422e+01
8.743171602355097605e+01
1.065905920919567222e+02
4.672354132905194035e+01
4.959230270216986014e+01
4.383968832497198065e+01
6.462347823922833356e+01
5.760601745359468850e+01
1.061735420371717282e+02
9.885709108253290367e+01
1.039830355269936319e+02
7.636071015792209948e+01
8.918415120662243112e+01
6.922718122452623390e+01
5.409699117761068266e+01
1.002981878041631347e+02
8.285858554914346996e+01
8.730623392557687623e+01
8.260261940539419356e+01
9.089729602753136817e+01
7.236563281156041683e+01
9.761916528513397395e+01
8.872896961592611831e+01
5.501855045566160385e+01
7.591330893426489013e+01
7.159259352774435570e+01
1.005157350027994880e+02
1.012662039186303389e+02
6.632889067031294417e+01
4.327162972081736569e+01
7.022358516440598919e+01
8.863125230052587256e+01
7.835951928728479743e+01
8.311194394704287447e+01
1.003238246568743790e+02
5.909108865254911080e+01
8.052561200385873974e+01
9.137462778562773735e+01
6.507462365447442210e+01
6.042387291430223684e+01
8.157005001901764274e+01
7.373904830867238047e+01
5.436821430371845310e+01
9.352289722534597161e+01
4.286274409305041644e+01
7.720584457891331454e+01
7.330345135943858281e+01
8.308121718393614685e+01
7.084465392946360396e+01
7.172940923529689883e+01
7.395330993333993774e+01
7.303726738193202550e+01
9.330200935822574593e+01
6.943909306309562623e+01
5.216138285642187356e+01
6.263583615920601488e+01
7.378169971528855342e+01
9.108401769285701732e+01
9.287252644879094987e+01
7.287084146159881470e+01
9.020225658689705028e+01
8.680448798320307446e+01
6.602774253747935518e+01
9.335851183416787080e+01
1.001634613218711962e+02
7.346100445041942351e+01
6.566317047000771367e+01
6.988207859982350101e+01
7.271474997493548642e+01
9.627862290554983815e+01
8.077254730717133668e+01
8.701897673213473183e+01
9.603479686141294280e+01
5.542949592222478117e+01
6.219018037511393970e+01
7.785160229904083451e+01
8.079813873134061453e+01
9.430918904354986410e+01
7.042843475229720696e+01
7.130956969529702860e+01
8.020392110954028908e+01
8.107884451339155873e+01
7.476858763878551883e+01
8.073509704513598706e+01
4.538835377177581876e+01
8.842972271719793298e+01
8.950288234849134028e+01
7.432719182805000457e+01
8.600377818927650253e+01
6.828787149886811392e+01
8.628737394455292531e+01
9.138343779361635200e+01
5.673534235038120244e+01
7.313006807100627782e+01
6.042736735175729024e+01
1.062568010262136511e+02
8.035781496945011781e+01
8.210811351446521655e+01
6.146844767528983766e+01
8.044476161706019468e+01
4.041648377040822027e+01
7.775375370073827241e+01
4.352117130789628874e+01
5.426311374074913374e+01
5.436501866177582798e+01
7.511185196806363251e+01
8.080643350183655116e+01
5.236271768277180172e+01
7.764054687366186158e+01
6.040500844882209464e+01
7.361091317784804744e+01
8.146583758527089003e+01
5.159288599192191782e+01
1.144370213644206160e+02
1.036954500920290627e+02
8.260157271835107906e+01
6.353117671950177225e+01
8.948826613675940678e+01
8.404463904270153307e+01
8.900403439197035027e+01
6.403891361190795806e+01
9.500080838434446662e+01
9.460286489646378527e+01
4.235785085088496515e+01
4.850163382896043629e+01
8.822162432193380255e+01
6.935780034217167156e+01
9.318727711953208370e+01
7.738850333006448068e+01
5.392789896994153054e+01
1.066049478652740845e+02
7.926229581239347510e+01
1.114415242610094054e+02
5.940016245418987495e+01
1.052575309737281657e+02
7.407060345545843916e+01
1.003122560194870800e+02
1.010535572213165665e+02
1.069960098165233404e+02
5.002412554771954234e+01
7.002414157319812205e+01
6.936936005480127676e+01
7.057251898235136878e+01
8.214601893912310970e+01
7.670553223597211456e+01
5.858558123672450080e+01
8.498914114764328076e+01
8.797007534739667278e+01
1.030771703577520526e+02
8.427269627018094411e+01
5.669770408007165940e+01
9.827147459963588005e+01
8.555421344114984095e+01
9.982840024162162251e+01
5.252138821071326191e+01
9.105815384617743291e+01
5.674482375091615438e+01
3.542627795785598721e+01
5.384036989433136711e+01
1.042245383699884655e+02
9.021125050836204196e+01
8.976065837687414728e+01
6.676271463808733131e+01
8.307458175431239056e+01
7.360546561097821439e+01
9.933858640230356229e+01
5.601225442434126478e+01
8.536265436446400656e+01
9.958828211371184125e+01
7.795297250172747283e+01
5.084014861252662598e+01
9.761003464745907365e+01
7.252712190404834303e+01
7.255989238218937487e+01
9.837682873901192693e+01
6.968704292538463108e+01
5.703901629052416666e+01
7.420142368200104954e+01
7.365229806871361973e+01
5.661196900539924570e+01
7.527849960805863816e+01
1.001413494694757560e+02
6.613904064534362703e+01
5.710033712277099482e+01
7.313135269802229743e+01
9.540708740822030620e+01
7.060300728746625509e+01
8.818430084333597563e+01
9.101035990194229441e+01
6.952337272416910707e+01
1.047218328415167719e+02
8.381292783997123763e+01
8.272483492781412906e+01
6.944265933252567891e+01
7.020015629610789176e+01
8.614951533450251020e+01
8.700469966575717251e+01
6.875250431622180258e+01
7.523275519926806965e+01
8.032104921292646793e+01
7.521412148449728363e+01
9.503332485602224722e+01
8.698421859838128967e+01
8.447785671566890642e+01
8.628705100333729661e+01
9.369433848774046680e+01
5.668230140536417849e+01
5.598679461532109514e+01
7.162711942551013067e+01
9.388766361899891422e+01
7.086240379587206917e+01
7.235951238101313265e+01
7.819155920975356366e+01
1.065940078571919400e+02
8.877847910568596035e+01
1.148011679081410534e+02
6.871944128390558149e+01
6.416487232132247698e+01
9.018248669519248040e+01
3.719262380624205377e+01
1.043331521822957768e+02
4.318289603531749776e+01
1.021735717780697570e+02
6.147558969094036030e+01
4.532517337876389973e+01
5.458389194803023514e+01
6.697101813113927449e+01
8.608300046196987410e+01
5.601963343905705273e+01
8.430589964957968618e+01
7.843586001381869721e+01
8.476095880162205276e+01
7.011506788313722893e+01
9.408698137793516025e+01
9.767461671430284298e+01
5.655044581837273654e+01
7.243759978445658021e+01
9.246394462740639142e+01
8.862082277995625645e+01
8.987091126156893495e+01
7.027559480966380079e+01
9.490036664578192926e+01
9.456814436763274045e+01
8.684899745958655615e+01
8.803576315247055106e+01
7.300470368841139646e+01
8.548621969081141003e+01
9.957121374976600237e+01
6.443968321974044500e+01
7.696242168817785512e+01
9.189874394427113202e+01
9.222004340732750904e+01
9.620078610250919837e+01
7.920166202563228808e+01
8.101898763472624410e+01
7.874139763913092338e+01
8.867445538985009534e+01
1.168448689768105737e+02
6.799433196099526810e+01
4.516753901182641329e+01
6.782833920590289267e+01
6.165138498084301233e+01
6.833670737763593195e+01
9.223838304939722832e+01
9.560637844286999609e+01
6.449080736685114346e+01
8.584811318618179143e+01
4.783339937205217751e+01
8.078220225282792910e+01
9.345131733832941734e+01
7.796270724627754589e+01
6.983372341335029887e+01
9.354323504351478391e+01
1.131212342172871956e+02
7.787447979239571794e+01
9.702307340137294034e+01
8.985928585387716794e+01
9.569850861745581483e+01
7.236498459980946052e+01
1.289714496094578635e+02
8.665699667937398942e+01
9.894400692407715781e+01
8.799685214982910963e+01
9.751214598016370871e+01
7.881755071809914170e+01
9.278549222836015531e+01
9.685189938281247635e+01
9.372226836694279939e+01
7.351324661185209663e+01
7.668205357670495914e+01
9.199579967285635007e+01
7.945278942335536954e+01
6.282026693248685945e+01
6.312085964840972707e+01
6.120952064446159113e+01
7.688681802432351731e+01
7.982119189420313887e+01
5.155313226487043465e+01
6.967150172215156090e+01
1.221282446384662990e+02
9.382854879012320737e+01
7.893720114170386637e+01
4.978490338324311182e+01
1.286840189638645313e+02
8.761162413680462180e+01
1.043461776108727719e+02
6.858186398003684303e+01
8.247518654504783342e+01
7.124972979165998765e+01
6.948418922966499167e+01
1.201920040647997467e+02
9.015580956923743372e+01
1.014045940096183784e+02
7.338578922649675462e+01
9.446956702835626629e+01
6.149898700868990886e+01
1.005558098113336456e+02
1.014149693713975324e+02
6.838441590835633122e+01
6.548039877319526170e+01
6.815536132099308020e+01
5.555354084614825183e+01
8.516168504872885592e+01
9.509226980109241367e+01
9.520772124188137298e+01
5.151871748396783346e+01
7.008057338862374763e+01
7.523406296456742837e+01
7.834581438802125319e+01
4.965784848349075276e+01
9.197902236708949886e+01
8.845468449974408998e+01
7.228968365924356476e+01
1.027654010047534143e+02
8.553672710282050673e+01
7.583452283070843691e+01
6.609278159420512111e+01
8.849991683292070377e+01
1.041748166806620901e+02
8.256772889375761793e+01
5.523520267422786389e+01
6.625556046941643729e+01
5.669933718182636539e+01
8.886173708033909691e+01
5.818653470415321749e+01
7.962109974194018491e+01
1.101164826579485947e+02
9.725884692809839294e+01
1.249249576870117266e+02
9.933054599503097393e+01
7.810348182357671476e+01
8.916729835443179297e+01
8.489547301073075403e+01
7.532061600546745694e+01
5.276221151222639349e+01
8.832422537100340776e+01
-2.790277278193076782e+01
8.984780025600610998e+01
9.545204623206973338e+01
1.040634538744665178e+02
7.600997157860227560e+01
8.333430827184825773e+01
1.041254570914072133e+02
7.946940736997089516e+01
7.077838131604994487e+01
1.000792181397891341e+02
6.639667265335769741e+01
8.403372218941508720e+01
8.686763638801164689e+01
7.437844700695539757e+01
7.762449941096986095e+01
7.971525992808096817e+01
7.990616100265344812e+01
6.696494042843565353e+01
9.807340373229328634e+01
6.635897014366153712e+01
8.146830370674932453e+01
1.073545520032346019e+02
1.362844041757080618e+02
8.511469596251812675e+01
9.955658213539257417e+01
1.159562188182329550e+02
6.931581451957350737e+01
3.432480338972096945e+01
1.105228733340151308e+02
6.506150606526317404e+01
7.944070517485212690e+01
7.967100290631717030e+01
8.450677253749876172e+01
6.380589475330885563e+01
6.041246184226671545e+01
6.259461560524032819e+01
1.153429314773863581e+02
8.414776483589999145e+01
1.324836074044960981e+02
1.522805686713639659e+02
1.287193011520091090e+02
1.044426102688862414e+02
9.097916840776163383e+01
7.818684640391951746e+01
7.533845594555066327e+01
7.809413831000743755e+01
1.317199851562513118e+02
2.179240026614390899e+02
5.197350249106249294e+02
5.646515027244939802e+02
5.816016380561252390e+02
3.740069583193118206e+02
1.457627079960967933e+02
1.000464018998723930e+02
1.215828487505249456e+02
7.620658423836688655e+01
6.916349908213700814e+01
4.984685387188064709e+01
8.495341655424189753e+01
9.507593476758160023e+01
6.281341018065818105e+01
1.791388576291727190e+02
1.859328703158242320e+02
2.482596486948369829e+02
1.678920945185949449e+02
2.051391136978372742e+02
6.974545188458824896e+01
1.634828418740624159e+02
1.046013112101033187e+02
8.157757223435456240e+01
7.654836807466953985e+01
6.458510789400496321e+01
8.435410536192976849e+01
9.194176368457000592e+01
9.610124581647170317e+01
1.249010222489484505e+02
8.189664605684846777e+01
6.062264210404504894e+01
8.905962864024337478e+01
7.276835777890175905e+01
7.786969152090401280e+01
1.106783173885323919e+02
9.199349877698517730e+01
7.555730147981701350e+01
5.601286787952368940e+01
3.559208912126046442e+01
4.859492035057989767e+01
8.360675121117405695e+01
8.068062698800814303e+01
9.520502725938241895e+01
6.050109874013686806e+01
9.274058796506510305e+01
7.210259387861114533e+01
6.197583513173271541e+01
8.012034827976137308e+01
7.112921422189674558e+01
6.461712265681671852e+01
9.541000932710579718e+01
6.914388784460514614e+01
1.094982173524329312e+02
7.963983720965794078e+01
5.311860864207261557e+01
6.405978711652447544e+01
5.866500732248375982e+01
7.247856485050752440e+01
1.034065576927266790e+02
5.886093181430138799e+01
8.813812484405140424e+01
8.323532075386903273e+01
6.894543748402530525e+01
1.037185652550634671e+02
1.068499687533611677e+02
8.558043474288867003e+01
8.830013447290495776e+01
1.096814282976106796e+02
9.009927227007088391e+01
9.717460576665382632e+01
7.291696528067440397e+01
7.067393301347124179e+01
9.949359556062269405e+01
7.973489254617415156e+01
7.770287079494782745e+01
9.018543127958359662e+01
8.300157613847521532e+01
6.394007182797000866e+01
9.688777020154972774e+01
9.055616490959762643e+01
7.851541364719300020e+01
8.147714797509812001e+01
8.777228852387575841e+01
7.648557394778553942e+01
7.714097000416025196e+01
1.102936459780758440e+02
8.709228986237137349e+01
9.779570052134909020e+01
1.098297311552581021e+02
8.179008353450412017e+01
7.058733125315481516e+01
9.742890782220229084e+01
1.218222317667661798e+02
8.202793209182621581e+01
8.525656817588728131e+01
8.885355562497180415e+01
1.170427737239371879e+02
9.425352577690318867e+01
5.512832002932831443e+01
8.710762687905581458e+01
1.683820676455501086e+02
1.705440238800688633e+02
1.341368418872801271e+02
2.021577648740309598e+02
1.337391495949835303e+02
8.525861467887925471e+01
6.884081691997850783e+01
9.881290469664300247e+01
1.183182172944726318e+02
1.302705409308767628e+02
1.481702474616544976e+02
1.102526205297764932e+02
1.365643958950292074e+02
1.268561069479943342e+02
1.622015332370245062e+02
9.571134419104494384e+01
1.362539333763312470e+02
9.104484645486218142e+01
8.502677635113334986e+01
5.459530889092328465e+01
6.508543301281730464e+01
1.131943227484916576e+02
7.296573148437524026e+01
6.658322957803109432e+01
8.343105442763510382e+01
3.841706810052198051e+01
8.451983374699625529e+01
8.686420448879215428e+01
7.402878022603353259e+01
4.645340755349423745e+01
5.535107337405944605e+01
4.941208367383154609e+01
5.518799186283286673e+01
5.298307810904712767e+01
6.852682068081644218e+01
4.811250050174676574e+01
1.315330328610814661e+02
6.345375808954753438e+01
8.697519876100811587e+01
1.355433095940088322e+02
1.289530937502356949e+02
6.993826268680439284e+01
7.722041658029617395e+01
6.407130293774115160e+01
1.359218818817335546e+02
2.269258623314993883e+01
8.798324142870117726e+01
8.242883035996085539e+01
7.941596929803134230e+01
5.816922344836186909e+01
9.914520541530340836e+01
1.020506250596042150e+02
1.100059344045677534e+02
1.109902373092231755e+02
1.046883086323186376e+02
1.219401755935590188e+02
2.210490812745082323e+01
7.659333681710137398e+01
6.609396406559179127e+01
8.080664193054354882e+01
3.998084723019240982e+01
9.112512340456258642e+01
6.923726466451401507e+01
8.463820312381261601e+01
1.281215352432591601e+02
9.673375876252951855e+01
7.168517639628973370e+01
6.172586687722307630e+01
9.648210362113479732e+01
5.180552055629997454e+01
8.732539114112843492e+01
9.494942613928022013e+01
8.134513628556004505e+01
7.353112283555192619e+01
8.997946098776898793e+01
9.091927259502071479e+01
1.092013364630535079e+02
6.527538352125327492e+01
7.139044525188536738e+01
9.574314002692486270e+01
8.465331807582754209e+01
7.687258562250954697e+01
8.064514540352237759e+01
8.726427465182585763e+01
1.047974566242427557e+02
1.125212821010992172e+02
1.148202554896559207e+02
1.422388523441570101e+02
2.411034939817230338e+01
7.779892637027462854e+01
9.070435038220873025e+01
6.172599227139968292e+01
5.367036309251697901e+01
8.025991501195572653e+01
1.383736809064477313e+02
1.359005048278997094e+02
7.662169746685138705e+01
8.237296098028613756e+01
4.144991916696254464e+01
6.232973264037196515e+01
7.957754776398188312e+01
8.509380882293690718e+01
9.201612663473841280e+01
7.477439757304512113e+01
9.073622854542340121e+01
1.012730016964354292e+02
8.936495153070644903e+01
4.266788738341025322e+01
9.892289098363814048e+01
1.321447769132724375e+02
4.694658222847557028e+01
6.345086539518157309e+01
1.147502400381289789e+02
7.739800972881195662e+01
8.302585118923333596e+01
1.389712358957842184e+02
1.207039638996246111e+02
5.666210366927696640e+01
1.441837818469880688e+02
-1.408102107541224557e+00
9.165861101189273086e+01
5.575020266807069902e+01
1.174991065932932059e+02
9.806366569123761678e+01
1.150752675066138551e+02
1.197108256259884769e+02
7.299392577815180516e+01
1.177141162360441484e+02
9.459564879016897976e+01
1.190986909158555420e+02
7.206508539169138317e+01
3.969895105745545294e+01
8.387950313124164836e+01
1.208026513225197078e+02
1.047042072231318457e+02
8.317500224614191495e+01
8.877116378442180178e+01
7.244814142595326700e+01
6.015746482697178976e+01
1.032267474575209576e+02
4.464886762850366608e+01
8.025856048080119365e+01
5.836838092296864744e+01
7.334061024608421064e+01
7.518819172745115509e+01
1.016570409703202671e+02
9.903533396894980001e+01
9.122292194205611793e+01
1.260785224181893405e+01
9.037770514682979694e+01
9.259994859714106497e+01
8.902284279117054666e+01
7.133445538270940744e+01
1.171573093710501183e+02
8.184790622681994421e+01
1.099553983411929750e+02
6.635289531975281818e+01
1.502383441103965822e+02
1.173209236838103351e+02
1.242111160889337498e+02
5.935694821934724530e+01
6.028245634376530404e+01
9.262665142328049228e+01
9.670455026245642216e+01
9.368106667365503881e+01
1.040462655742240656e+02
8.196746155158149350e+01
1.156540731223982021e+02
8.679151785907797034e+01
9.111682231652279995e+01
7.425170992936710945e+01
6.407144328705658154e+01
1.302185360356670287e+02
1.244784480845250556e+02
1.386866382337872494e+02
1.499386001406651303e+02
1.532268729887248924e+02
9.340458751469466847e+01
8.576200122952222671e+01
7.623946546625211340e+01
8.038256914784601292e+01
2.242215384901013806e+02
8.346804146441810701e+01
1.076432492667071585e+02
6.367459414283306529e+01
6.547799841220891892e+01
9.913418185088198697e+01
6.178076362955147260e+01
7.501730995289985060e+01
7.348096576064942553e+01
5.414571088684467526e+01
7.429074982030719809e+01
1.201786748996631786e+02
6.066864623871597217e+01
5.215837764972037860e+01
1.066774021633793126e+02
6.749662885225382070e+01
1.192933363203678567e+02
3.823135452252262212e+01
2.141130735798041087e+02
4.898829831132808721e+01
