2.751864635423187266e+01
2.716744977922211035e+01
2.675127727455015858e+01
2.603109116007991375e+01
2.601217649525511177e+01
2.544394061724279155e+01
2.555110519170911232e+01
2.514787613932557875e+01
2.509955883542289357e+01
1.907838766456590207e+01
2.462614499132854107e+01
2.054805358301690532e+01
2.394605476130172050e+01
2.417235895980422811e+01
2.347912129051760388e+01
2.367422964154177123e+01
2.368987169219407818e+01
2.304042500637486413e+01
2.310668654724382165e+01
2.305747187095915152e+01
2.302735122699105119e+01
2.290543676459764200e+01
2.201232099151191690e+01
2.249552937933892949e+01
2.265614808932091151e+01
2.203793379491867910e+01
2.190587442493438886e+01
2.171910514761722055e+01
2.116982709288859255e+01
2.163736027392731387e+01
2.140743342683139971e+01
2.185140001611073401e+01
2.060738845162045507e+01
2.045572397127307340e+01
2.043285132043076402e+01
2.045763356468180660e+01
2.013424088923998667e+01
2.029533181352168114e+01
2.045063510452972011e+01
2.025696735600097043e+01
2.027535993620670141e+01
2.011713564746850835e+01
1.977915453752104469e+01
2.007659905790145061e+01
1.692509225845030940e+01
1.719394531415314731e+01
1.997878820332523730e+01
1.724370334500671476e+01
1.892812339452947867e+01
1.937727347143538736e+01
1.940376932669552801e+01
1.883675878490889488e+01
1.929764098799494576e+01
1.886103174511409719e+01
1.903753884407392505e+01
1.861822551671476944e+01
1.866021086830996367e+01
1.888435795545742124e+01
1.903460177765959571e+01
1.888352431071665904e+01
1.874820173344359375e+01
1.869848344274030083e+01
1.870854763849138891e+01
1.892062505699920294e+01
1.852858799579549398e+01
1.854886248098262769e+01
1.810978255030502027e+01
1.781546502144087185e+01
1.778935795875918302e+01
1.794226272426604041e+01
1.756252456781638216e+01
1.758625060865585610e+01
1.815211818396394960e+01
1.777736581504483482e+01
1.777964542748861732e+01
1.794885722118915794e+01
1.767327358107609214e+01
1.728210964814190120e+01
1.727542168483620699e+01
1.664795840108681091e+01
1.662873014015364603e+01
1.677534786894385022e+01
1.675010909053098018e+01
1.687214692754033507e+01
1.722259331052887887e+01
1.741227886763411448e+01
1.354868402207496736e+01
1.719248362020620036e+01
1.463316345178183653e+01
1.711740239926087881e+01
1.748374388588377570e+01
1.779812440268224805e+01
1.750276124648590681e+01
1.763192540313596268e+01
1.744420753895180098e+01
1.751737513082604991e+01
1.728058366840346238e+01
1.761437246203604801e+01
1.753010019162223188e+01
1.791460840919330266e+01
1.778026481897303412e+01
1.796765944864375797e+01
1.750723771309553811e+01
1.758330842758621060e+01
1.760741734559740124e+01
1.784430214523450076e+01
1.776802027954538588e+01
1.833128902820011419e+01
1.773642229484018173e+01
1.775664318031158118e+01
1.824102048965342249e+01
1.774125480563711221e+01
1.785540376400276230e+01
1.820486709689397387e+01
1.795038482830572590e+01
1.812158156309211776e+01
1.775686241645951924e+01
1.771053407067669383e+01
1.761159119334985945e+01
1.727875011764092505e+01
1.765115197491966370e+01
1.751888361484925483e+01
1.785085601251541476e+01
1.774067579244276871e+01
1.820617279667910893e+01
1.403075173677045662e+01
1.844617078775586805e+01
1.804585348996781491e+01
1.586931759815556831e+01
1.815731532570572782e+01
1.805855817848372169e+01
1.781372560224071577e+01
1.781927865642042264e+01
1.777460963439135710e+01
1.822184640040845949e+01
1.805929575503744289e+01
1.841091301077493014e+01
1.828792858796380116e+01
1.845890640142888728e+01
1.835480339353994239e+01
1.834227334048898328e+01
1.819627959663964489e+01
1.768377647301314681e+01
1.786908028823042827e+01
1.785154272550385812e+01
1.797809630176586637e+01
1.770669757072020545e+01
1.793820638998624162e+01
1.781311307926340248e+01
1.782229705350820481e+01
1.820725301963452480e+01
1.806974368475506054e+01
1.831759514081205609e+01
1.842779237378384138e+01
1.828813049144122971e+01
1.816012434638100714e+01
1.828822831620135503e+01
1.845456233171596594e+01
1.868890710028528090e+01
1.881466215529776420e+01
1.852221593073085160e+01
1.857037385170811916e+01
1.865188274976329907e+01
1.853889174855675748e+01
1.884028911244259064e+01
1.600914602993217528e+01
1.603858763134521581e+01
1.867686123611121118e+01
1.597416612062670893e+01
1.875009852766375218e+01
1.885244053293686051e+01
1.887979972115820360e+01
1.856937043166857393e+01
1.855441288330858640e+01
1.896449136709841810e+01
1.846105207735129738e+01
1.876911900024850866e+01
1.879357038678237757e+01
1.852342037065692182e+01
1.845301283249652258e+01
1.855638402476893134e+01
1.862979651807354742e+01
1.850253690886711766e+01
1.864397181805341930e+01
1.855653537733477876e+01
1.854614498161345182e+01
1.844437756163782538e+01
1.873160825079182601e+01
1.873339570057785508e+01
1.871125285852910380e+01
1.922345141817412184e+01
1.880052409494206600e+01
1.916108876001225880e+01
1.864811456299128167e+01
1.875130666736491492e+01
1.867134816744783166e+01
1.889849907028300535e+01
1.914848904011159547e+01
1.884762088422252546e+01
1.893989344877002523e+01
1.858740177482689404e+01
1.900588835952617117e+01
1.888521942458486436e+01
1.899554866755827831e+01
1.924105104016960865e+01
1.893493823711504476e+01
1.924636795654616961e+01
1.909783322565191455e+01
1.460383341181797157e+01
1.883870877235406027e+01
1.903455165996332710e+01
1.626459048678113817e+01
1.853800476700904198e+01
1.858412550707079802e+01
1.899814198530847165e+01
1.877864667801310716e+01
1.840974786137645580e+01
1.897583178926645431e+01
1.892464318920645994e+01
1.868283433686803718e+01
1.856224205332447141e+01
1.865140657700664661e+01
1.890139209401613840e+01
1.887600961133045629e+01
1.871849447180191817e+01
1.900894396829382416e+01
1.858734323196991056e+01
1.899647182954564073e+01
1.864201194528262207e+01
1.882083188352179448e+01
1.890733408603260912e+01
1.856707733688596562e+01
1.890185380116070490e+01
1.881023428286920307e+01
1.868673932973860730e+01
1.866095817411202162e+01
1.839192903611090557e+01
1.848429042191104443e+01
1.851446957569032392e+01
1.831524242393149038e+01
1.861022231451298836e+01
1.919205769812742801e+01
1.857935602285168386e+01
1.877216217658638797e+01
1.918227780977271379e+01
1.889195598707435053e+01
1.901490400710887840e+01
1.917818570739080997e+01
1.876298615796333991e+01
1.835478459512474103e+01
1.818109456972778659e+01
1.842035539547517331e+01
1.444821382581958424e+01
1.863582029259744033e+01
1.832193193627001193e+01
1.606783002445829922e+01
1.841796673720508082e+01
1.798848010311393963e+01
1.860633903609128126e+01
1.821801205545009239e+01
1.854364063627513559e+01
1.840118780742196947e+01
1.848456543763085236e+01
1.815165545427311145e+01
1.827479478997245721e+01
1.835378218283487328e+01
1.770647121748583785e+01
1.827416836656589183e+01
1.810985333600853053e+01
1.791075739194137029e+01
1.822134080241344378e+01
1.798896892691102067e+01
1.808079544632849789e+01
1.825178794321942277e+01
1.792819043293947345e+01
1.816776988747304600e+01
1.784431865717674270e+01
1.804287224554716573e+01
1.809460239053131048e+01
1.767548253005332626e+01
1.754336521369317836e+01
1.784470473709573213e+01
1.730092011018564691e+01
1.733779533146692842e+01
1.745181925604390116e+01
1.713994859780897428e+01
1.747793363855218018e+01
1.736236434863700495e+01
1.704940759752213708e+01
1.722811781893904381e+01
1.734509605161806078e+01
1.729778796283703457e+01
1.714065866759621670e+01
1.729400642071689731e+01
1.730167074381220615e+01
1.710142366899149735e+01
1.694312507284974600e+01
1.678953002508515269e+01
1.453720768413918840e+01
1.457032312058470147e+01
1.643657623513410471e+01
1.468362529976849018e+01
1.701576454609795874e+01
1.645167921025694469e+01
1.694106568904678056e+01
1.688662124220635619e+01
1.653748105607581209e+01
1.657032264831555679e+01
1.643474809160733585e+01
1.651973897599275176e+01
1.648793299531612888e+01
1.641422096802070740e+01
1.662159890062511636e+01
1.646551999548259815e+01
1.673287162054989352e+01
1.615352027010422020e+01
1.622074787533979290e+01
1.626325375857052080e+01
1.607579185766835650e+01
1.601653571955752398e+01
1.617741212528140693e+01
1.605114509591650318e+01
1.602306803726627749e+01
1.589039925344397908e+01
1.606064140223422143e+01
1.636460437238905286e+01
1.568704622308768748e+01
1.600662778898665195e+01
1.604295652391768812e+01
1.625703221282813971e+01
1.634611278372487675e+01
1.605687932287116126e+01
1.606940924753529032e+01
1.607124781196046115e+01
1.552854045891759327e+01
1.556682821745070910e+01
1.567515188256008862e+01
1.581562200488559000e+01
1.570899513509671763e+01
1.553613877281781619e+01
1.557553182960478999e+01
1.558987935221940013e+01
1.555059665926752999e+01
1.525739489422822182e+01
2.446246502698408420e+01
2.861885716263826396e+01
2.901733870217889688e+01
2.807419641904984076e+01
2.248099532560515357e+01
1.586346541294253676e+01
1.477340569405247805e+01
1.494942103642665110e+01
1.487508348883562626e+01
1.460192672824714677e+01
1.471825691922787094e+01
1.470794717384695538e+01
1.474365988846751563e+01
1.451348218073155039e+01
1.471343738114367028e+01
1.482540903156074030e+01
1.435296951675428900e+01
1.455255019322126309e+01
1.447194070254151477e+01
1.477211914705972262e+01
1.482388420329659340e+01
1.465394973052611505e+01
1.462778236302135682e+01
1.489767119074462087e+01
1.444207821583598772e+01
1.427811974139436835e+01
1.406461694269201246e+01
1.423704243938014535e+01
1.417047724916950102e+01
1.407976250888693670e+01
1.444760603289191536e+01
1.417579915413765868e+01
1.404334176926216315e+01
1.405030525406537656e+01
1.415852443951094841e+01
1.405079743600478537e+01
1.430142565054486603e+01
1.409469861450665462e+01
1.423425756276233400e+01
1.414873419781515729e+01
1.419829538250422019e+01
1.384619716637138964e+01
1.406987781962732065e+01
1.389678121058037696e+01
1.355029209111078536e+01
1.383563808942826689e+01
1.384724286541856308e+01
1.398979813850746012e+01
1.388588638312998924e+01
1.066292038277324217e+01
1.362689026154460237e+01
1.352622498163109199e+01
1.155666197594648992e+01
1.343348554182121823e+01
1.353238685392473428e+01
1.383604623213295604e+01
1.387664669575177534e+01
1.452973548975362483e+01
1.561169293853174800e+01
1.474472979827000074e+01
1.497118320134014269e+01
1.450906429143092957e+01
1.397364270806542486e+01
1.338545645311470444e+01
1.344940439841151658e+01
1.312791653953224902e+01
1.303234453043186569e+01
1.322277115620765109e+01
1.323443281582919617e+01
1.332170623510920571e+01
1.311745830820870040e+01
1.341925204588140019e+01
1.345158378449412950e+01
1.341426360660812556e+01
1.357667030288886068e+01
1.336256897674077848e+01
1.339652345868917749e+01
1.351344762599422999e+01
1.335059014184161086e+01
1.322875616067564586e+01
1.328768388884108909e+01
1.309354025011612421e+01
1.296708797542684444e+01
1.308404976107473239e+01
1.299221851202263522e+01
1.279355922965930148e+01
1.293284166280943204e+01
1.271850499953927383e+01
1.265496362667429864e+01
1.240484581652982676e+01
1.266158926418966324e+01
1.270132655424035839e+01
1.256216671983773558e+01
1.247451567801580019e+01
1.267588622177953539e+01
1.263266508020735657e+01
1.259768599333221140e+01
1.268622495140595774e+01
1.292299628876911299e+01
1.324954062785090336e+01
1.275470927812803623e+01
1.290183250622615319e+01
1.270940723359046132e+01
1.240730809838349558e+01
9.623164570127546114e+00
1.243119259634581120e+01
1.241721397928420245e+01
1.231924342942187245e+01
1.091598233295342801e+01
1.227935148884285788e+01
1.224270711868472361e+01
1.227899907104507804e+01
1.258742710713623225e+01
1.226063293890190309e+01
1.219851898496824738e+01
1.214919315771219033e+01
1.223701376979897759e+01
1.214769257229928456e+01
1.200704826940906145e+01
1.208648492530283036e+01
1.193266975585767575e+01
1.195142471794121519e+01
1.530060253411875770e+01
1.223737983678297425e+01
1.229578437103790911e+01
1.195803912473087927e+01
1.207165757113433280e+01
1.192545018347445307e+01
1.208270713145371289e+01
1.205663849012094246e+01
1.199044786931152906e+01
1.222726051535328118e+01
1.235861903636920012e+01
1.209016126126182833e+01
1.182407474296437933e+01
1.200227206783823775e+01
1.189737258630173322e+01
1.186682984951875675e+01
1.186421019358603246e+01
1.161377026788193767e+01
1.188791580548650906e+01
1.190889870435901443e+01
1.166193238224594708e+01
1.170565183997693381e+01
1.157431594904630501e+01
1.168898858799612128e+01
1.177147279988878203e+01
1.181886209017761580e+01
1.181194623241649033e+01
1.181749341773875628e+01
1.152346560010726506e+01
1.115696977523990263e+01
1.141594701174193283e+01
1.153596352993129237e+01
1.140975863913640076e+01
1.147074075722183473e+01
1.138897273060898208e+01
1.165299566183676028e+01
1.139877145117308821e+01
1.153093258492280881e+01
1.106738158272407446e+01
1.137996477777907423e+01
1.150155512998015439e+01
9.797664321614870886e+00
9.965554667948428147e+00
1.143661111204114533e+01
1.143701189497253878e+01
1.139452265716244916e+01
9.921291842108601600e+00
1.128717302058441163e+01
1.128878646139934894e+01
1.116147457179119762e+01
1.140984234272295161e+01
1.136112377235540727e+01
1.142056223019388383e+01
1.128825932474061844e+01
1.141020109373502223e+01
1.129865401860329222e+01
1.140169611775576008e+01
1.135299955714209297e+01
1.129486191858318378e+01
1.124187096939170694e+01
1.112223710308446556e+01
1.118539901273741144e+01
1.097770497781188759e+01
1.110020410467068963e+01
1.098618843212591933e+01
1.106714436943320301e+01
1.129315263800707392e+01
1.117676208170066054e+01
1.122856733277693486e+01
1.113622136307513699e+01
1.145773024988497113e+01
1.144305979634645354e+01
1.139356594518401522e+01
1.155865067660790579e+01
1.179524648209581272e+01
1.157701536744218451e+01
1.132015355327561146e+01
1.129313848652654606e+01
1.144449601235250036e+01
1.156803424111982181e+01
1.120622614957775909e+01
1.104916251817411066e+01
1.119071461518047172e+01
1.124892803718298140e+01
1.154397791337667201e+01
1.254260259346379236e+01
1.353951793123724201e+01
1.358446657270646263e+01
1.348957844718336752e+01
1.384628149411255649e+01
1.435839647392906215e+01
1.300919780548569271e+01
1.228053313922829126e+01
1.244261349764057378e+01
1.235243713683001232e+01
1.169070111644109211e+01
1.125662115610962566e+01
1.120588136093606479e+01
1.109339915022101231e+01
1.132844324636595701e+01
1.118380327012629216e+01
1.126124863303576262e+01
1.100697594424853598e+01
1.143194672517396704e+01
1.144449426987423735e+01
1.141614980969782600e+01
9.791653807214355965e+00
9.889450499254092364e+00
1.126573175624123735e+01
1.127614549677368316e+01
1.118208486964242887e+01
9.658285767801936927e+00
1.097788920842098292e+01
1.118895242692158121e+01
1.121132246762065066e+01
1.120689185507914409e+01
1.127537279688032790e+01
1.132177532979974011e+01
1.101813021120569402e+01
1.112844099844356016e+01
1.098808847936230215e+01
1.119364320956867154e+01
1.106977529220262646e+01
1.112891406696854979e+01
1.109341968352892316e+01
1.122412425756347965e+01
1.114606175169668312e+01
1.134682552405435452e+01
1.099778478829365014e+01
1.101087368182622228e+01
1.110652710252421826e+01
1.102136737023462842e+01
1.099890815791298060e+01
1.091565961368900162e+01
1.078035790662044136e+01
1.084430779253500177e+01
1.082278567644250700e+01
1.066552712953887649e+01
1.072587728307932409e+01
1.081680368827950289e+01
1.104325442417828818e+01
1.095866698627240865e+01
1.079457532382888907e+01
1.076730116760931821e+01
1.091792766450445029e+01
1.090021134697128424e+01
1.101185538618216597e+01
1.093469719062295020e+01
1.075339935227059129e+01
1.050132342388230633e+01
1.049924253399086815e+01
1.054032750831994214e+01
1.065036324033190596e+01
1.049999861148918612e+01
1.051456493650348634e+01
1.052214928018567797e+01
1.062310950452591030e+01
1.073621211071459491e+01
1.040609840958346055e+01
1.056189765591985719e+01
1.046637402354200930e+01
1.064128896665203072e+01
1.040153478167764334e+01
1.071987933501515400e+01
1.053793803468112955e+01
1.075877996411962201e+01
1.025728902025861622e+01
1.030670737215338661e+01
1.022144120224187169e+01
1.041508360314787396e+01
1.029525313855868696e+01
1.025689225835792584e+01
1.009000884227715567e+01
1.014899150006578665e+01
1.023355640384029996e+01
1.003078905547554633e+01
1.022331916681775432e+01
1.011489575746920444e+01
8.682247132293118952e+00
8.855086278604201055e+00
1.014743836400497656e+01
1.035777371274910941e+01
1.020566642734091900e+01
9.032181280533448486e+00
1.026321644074515760e+01
1.014254807344415532e+01
1.022679745480138358e+01
1.002807212173948059e+01
1.030880749983691125e+01
1.024508280374140057e+01
1.024413323249801167e+01
1.013001286583800820e+01
1.010576203373076254e+01
1.005999831240626108e+01
1.015967042399335618e+01
1.018755265017816924e+01
1.006021426109947292e+01
1.002250277655675958e+01
1.013008090843486464e+01
1.003267016658461230e+01
9.951781294079674822e+00
9.922369901824144023e+00
9.896439168735730263e+00
1.035103770287399705e+01
9.861484815000590487e+00
1.010831891727475629e+01
1.008180913091423037e+01
1.010708868638984903e+01
1.014728722951569218e+01
9.945428087586948962e+00
9.905438298662163632e+00
1.005259112761500084e+01
1.007931698581567659e+01
9.841052751714933322e+00
1.005161595718466394e+01
9.854015539685518021e+00
9.999647411451375589e+00
1.008143251112520389e+01
9.778584047404089930e+00
9.937673666773454428e+00
9.782811548902401455e+00
9.995834525011909832e+00
9.819484786652056485e+00
9.981385025169648983e+00
1.007020924353591873e+01
9.995976870465565156e+00
1.000210308549768712e+01
1.010905639005751411e+01
9.924969477150440866e+00
1.002936827453718394e+01
9.856687688347921750e+00
9.823995696162493019e+00
1.001536722257603884e+01
9.956437303049922249e+00
9.927041732566442178e+00
9.990770648932441489e+00
9.921836935472766683e+00
9.934400299653942668e+00
1.003204040181161716e+01
9.887065541268469815e+00
9.877498593575831265e+00
9.882973560586611583e+00
9.783306241706783979e+00
9.890827531972776754e+00
9.877084923380166970e+00
9.749197423479635916e+00
9.986504709943533342e+00
9.769449091288965548e+00
9.885472557080170475e+00
9.987701136787036305e+00
9.941734462936013372e+00
9.919336260974363384e+00
9.832481573769339178e+00
9.879973506912630654e+00
1.006715987238609777e+01
1.005767855990109716e+01
1.001889705990925883e+01
1.019738935926386247e+01
1.007353854258329129e+01
8.532231869877104913e+00
8.798067295212474548e+00
1.003223738784629937e+01
9.880700127003963829e+00
1.004323480997671503e+01
1.002468829785834892e+01
8.636971399217200585e+00
9.937726902840818610e+00
9.836173912186765733e+00
9.799854068902638105e+00
9.867727393289159821e+00
9.804838664703433793e+00
9.871688704930710045e+00
1.007181478632927529e+01
9.983377954274390120e+00
1.018905956465050977e+01
1.036194013640981737e+01
1.055094038050570937e+01
1.104156787463606015e+01
1.092760782810086972e+01
1.353994338320238811e+01
1.478838474843549555e+01
1.297722160528348923e+01
1.208473391582567302e+01
1.047583698784452189e+01
1.029746672159774512e+01
1.058049259781868479e+01
1.072949570911629635e+01
1.094366624003107447e+01
1.084761642203566545e+01
1.088733897157723263e+01
1.082796464068368536e+01
1.057338813326905935e+01
1.017540098940553150e+01
1.002248527167060210e+01
1.007755939776492582e+01
9.916553653469510010e+00
9.893630087869684786e+00
9.730222464123036374e+00
9.789585347542473670e+00
9.672267072737758653e+00
1.005217875909630720e+01
1.038428281620721627e+01
1.043257489508585678e+01
1.041141098906136087e+01
1.049792286733095814e+01
1.040091332351492248e+01
1.012739193200411059e+01
9.934720437994277731e+00
9.985650524409011908e+00
1.009260107304002752e+01
9.920543654930419564e+00
9.618595110322306851e+00
9.904668980253026334e+00
9.780276151506681614e+00
9.904659487850318911e+00
1.010738439942694811e+01
1.021464827076876070e+01
1.013044471872463781e+01
1.006096725806434833e+01
9.831666910253906266e+00
1.012583999478040298e+01
1.039733914940491388e+01
1.026689495339187452e+01
1.014589350901925791e+01
1.033738812922174155e+01
8.618604369091130479e+00
8.567411166146014168e+00
1.060448455238132404e+01
1.249156175176569050e+01
1.334734848596360912e+01
1.361324257229386170e+01
1.360845843777121011e+01
1.361364984219540908e+01
1.090261067654536120e+01
1.046457167954647716e+01
1.036006361121297559e+01
1.025937728596208309e+01
1.008704652924567924e+01
9.689446746272253108e+00
9.521286022102454893e+00
9.283216295614117541e+00
9.294106094164058973e+00
9.540398851747141862e+00
9.609551183619872816e+00
9.461518985920045921e+00
9.674887272682063610e+00
9.623547024242645520e+00
9.731103152945163259e+00
9.834763324576075050e+00
9.962474784816476969e+00
9.957088740201466948e+00
9.786997905586231283e+00
9.730865020018743650e+00
9.582992147653095927e+00
9.258431404508341345e+00
9.035359482584439661e+00
9.360555302181399639e+00
9.086706083157320535e+00
9.390088644235948578e+00
9.417178836002563003e+00
9.386598756337720673e+00
9.471589482468788290e+00
9.434729191894637879e+00
9.491360859099533087e+00
9.401456224659897387e+00
9.696872823982168654e+00
9.515637962522468740e+00
9.650564688927133261e+00
9.605811075777889840e+00
9.751008422683748122e+00
1.010418749303490848e+01
1.053138086796762529e+01
1.061857528870557132e+01
1.046219455976908463e+01
1.074367238718745909e+01
1.040315858380412450e+01
9.447591221354755930e+00
9.221145598259930409e+00
9.194548767206235595e+00
9.270196367080524524e+00
8.912560977401236428e+00
8.896969112773115640e+00
8.727723359764338440e+00
8.940841919132751059e+00
8.981695079380669355e+00
8.851584823472206764e+00
8.845088854846361315e+00
8.865066593408354123e+00
8.842680813935322348e+00
8.696570827696369577e+00
8.757460540892624934e+00
8.887658733932553901e+00
8.799714064475065101e+00
8.860487689529229272e+00
8.673754239102365204e+00
8.764908529887033950e+00
8.882865251384030714e+00
9.403661605117235922e+00
8.959326635435983732e+00
8.932268687726981682e+00
7.698300344344783497e+00
8.792100814159747202e+00
7.622355690975190612e+00
8.716802231761729303e+00
8.860671289759272540e+00
8.755144687691553074e+00
8.774638204307994016e+00
8.890132777150858701e+00
8.741562342057244805e+00
8.727877098343164164e+00
8.077443362777692926e+00
9.391719434257977284e+00
1.040844841350128291e+01
1.159250375578394276e+01
1.178950853703049972e+01
9.775257307667168050e+00
8.886496590557539932e+00
8.877339063060922797e+00
8.935006095180666463e+00
8.675212234282877688e+00
8.785076262675513448e+00
8.731452839996979520e+00
8.916515681202429988e+00
8.914271610241900845e+00
8.702534845125580176e+00
8.817251499986157981e+00
8.733577918166536946e+00
8.652627525011942211e+00
8.905381070611335659e+00
8.691045857797902841e+00
8.733425546203612555e+00
8.573473064696289114e+00
8.669102905060078967e+00
9.030646268452798608e+00
9.156888288860198344e+00
9.198373134988093724e+00
9.326843364645293732e+00
9.042765279157782388e+00
8.988121389885298740e+00
8.662196436662904730e+00
8.655962119036022528e+00
8.877323659699305480e+00
8.888471398497705067e+00
8.797629318112276664e+00
8.732785463810571969e+00
8.804125688167129482e+00
8.735626365865799769e+00
9.297940245659431113e+00
9.361922465205882560e+00
9.212388414230121114e+00
9.188157467120916522e+00
9.217492771593049028e+00
8.778751736714385245e+00
8.509259613389325239e+00
8.576417818678697458e+00
8.451510362393033660e+00
8.493124029466303071e+00
8.696043896051511624e+00
8.557462317144661768e+00
8.482530909481328152e+00
8.565264612308068237e+00
8.628819834029103575e+00
8.551407747911754953e+00
8.787819591134011787e+00
9.014129127658897289e+00
8.923799433430751549e+00
8.977005181568557646e+00
8.702846433559223271e+00
9.016834715849698867e+00
8.700084728241865406e+00
8.580497533068681904e+00
8.408943318847571291e+00
8.350737114369477965e+00
8.211635786467054388e+00
8.193623393731559901e+00
8.173138614331490359e+00
8.221005051045800371e+00
8.280754848149364022e+00
8.333938342308142566e+00
8.375713577663077558e+00
8.458061376716770496e+00
8.506757894741568293e+00
8.618143973293937776e+00
8.462905033402471133e+00
8.434920517921110417e+00
8.548602900330305232e+00
8.289312997457681575e+00
8.328854502056186604e+00
8.416172015003718698e+00
8.280620370492378868e+00
8.363365213671382747e+00
8.335744620381703385e+00
8.261371134726507748e+00
8.242303256188600713e+00
8.440491841473058088e+00
8.456526961797553810e+00
8.315599897491424031e+00
8.354113795606535220e+00
8.365875105480709450e+00
8.275441563970321823e+00
8.323401298060780107e+00
8.384135413012904436e+00
8.262433315753634488e+00
8.329883155000388228e+00
8.332237868787334634e+00
8.397171212352938952e+00
8.256271881966442905e+00
8.271331545984979883e+00
8.240727225916721466e+00
8.102873608355391610e+00
8.119532473325351773e+00
8.268514765825873525e+00
8.189034526719321860e+00
8.105528767469710516e+00
1.007884217980636876e+01
9.961220664423690252e+00
1.006763066460894507e+01
8.235563469257881408e+00
8.200564167340491650e+00
8.201471039228630744e+00
8.374675900194766598e+00
8.258083039323912189e+00
8.371819976760543014e+00
8.273600738575865421e+00
8.249759203077111636e+00
8.207613906432227324e+00
8.205254846690431592e+00
8.228510678153423186e+00
8.268818307686622404e+00
8.163933545776151490e+00
8.174675975904342806e+00
8.201054963960929811e+00
8.116134673052497917e+00
7.991966363260512907e+00
8.083734912994247068e+00
8.071853850965089450e+00
8.159090915093818452e+00
8.280414813278669683e+00
8.053693921205876904e+00
8.264553630665750106e+00
8.146412486204893000e+00
8.146015351054654019e+00
8.271715459852416075e+00
8.156138370798755588e+00
8.027676904914988754e+00
8.071221882210187104e+00
8.115821844306100985e+00
8.067688337076917904e+00
8.134859145022433680e+00
8.117288961639690825e+00
7.982655621709385585e+00
8.166735606091274136e+00
8.100348730541348630e+00
8.142372548341175076e+00
7.998459103121653868e+00
8.127160879583598785e+00
8.140330543628250481e+00
8.056521381223182843e+00
8.159357850483754504e+00
8.196923111364126768e+00
8.154774663736899853e+00
8.193647345956161843e+00
8.029192458707081315e+00
8.063911845116921384e+00
8.041127900948650264e+00
8.031824119397349193e+00
8.261812115052162397e+00
8.162709311814563051e+00
8.069378315861593265e+00
8.041339574362838860e+00
7.899152835930496330e+00
8.071280378491033858e+00
8.053546476472247306e+00
7.889127305225189346e+00
8.021442261786994266e+00
8.084759126349599256e+00
8.014681908664492482e+00
8.059810665820130282e+00
8.152290272819142203e+00
8.069206373399820720e+00
8.139564207869781853e+00
8.200150184184430202e+00
8.134247525762587472e+00
8.020580285767545448e+00
8.429374661128793633e+00
8.424855668160841304e+00
8.060749211292769445e+00
6.960939082193092986e+00
8.054670780917128070e+00
8.092203659964569695e+00
8.193054717843661905e+00
8.242165476343249253e+00
8.530899647952873366e+00
7.933421520614396982e+00
9.481600893695606658e+00
9.808510169087487185e+00
1.013039935184310636e+01
1.014287280839537075e+01
9.629537614278000035e+00
9.357342911551077336e+00
9.280638067186522733e+00
8.895943763011052496e+00
8.600881634006023901e+00
8.361659292147848532e+00
8.444765500787358548e+00
8.316775912032701612e+00
8.341546795489428234e+00
8.146345620255921460e+00
8.116678743780658678e+00
8.114434339455012690e+00
8.183607390962375661e+00
8.039913390262576343e+00
8.112731743422440189e+00
8.022687284801364171e+00
8.246489581735783503e+00
8.885127242110897328e+00
9.954122395808141732e+00
1.038949654944237544e+01
1.074738148031349638e+01
1.165600876904614758e+01
1.220361883239925938e+01
1.185541273753281466e+01
1.105313435836685976e+01
1.081625340365760835e+01
1.046736855211226924e+01
8.732855850361993078e+00
9.588623144560433076e+00
9.395074803327229773e+00
9.058348867386142089e+00
8.961541303805555359e+00
9.051008064324763680e+00
9.088852694960070977e+00
9.242948355930556303e+00
9.517503402404825508e+00
9.689522401545046293e+00
9.629104831278787913e+00
9.734643115418712966e+00
9.524106516026007441e+00
9.171574085749012895e+00
9.034599733553598355e+00
9.336100102795644062e+00
9.564243296239189007e+00
9.423620354749207451e+00
9.159954764542630912e+00
9.295906472730665726e+00
8.938491945751001921e+00
8.759667193702446397e+00
8.775669319076044417e+00
9.374966621339904549e+00
9.217703861797872378e+00
9.190528362487265568e+00
9.224661181021632572e+00
9.161648360954385950e+00
8.988385712451460563e+00
8.802818463900436541e+00
9.498786437319326481e+00
9.817634686235781061e+00
9.759253710021582151e+00
9.766911518014397942e+00
9.704784914690298692e+00
9.235644781745968146e+00
8.699137953948662627e+00
8.631325131542961770e+00
8.558589510457558447e+00
8.581738067265984427e+00
8.728875686546157198e+00
9.296160153232753132e+00
9.388054856069015131e+00
9.479911762985256729e+00
9.666079266787155788e+00
9.321886137207053835e+00
9.220698238284995796e+00
9.646293199137311092e+00
1.015285859801012514e+01
1.016657245968132983e+01
1.009273572368535099e+01
1.011616923963779868e+01
9.719224881721601150e+00
8.973501494715222293e+00
8.947390581399911724e+00
8.800593853477199247e+00
8.826951857492709053e+00
8.822562546727635180e+00
8.613132876774800550e+00
8.670113987023803759e+00
8.911400073710311176e+00
9.103312684685915812e+00
9.122258711265107678e+00
8.946777286087588266e+00
8.950190598634344852e+00
8.890727707022797688e+00
8.922923367270637840e+00
9.161671164212890517e+00
9.353040255267607961e+00
9.387662397491128630e+00
9.405725320080364327e+00
9.476987220364488707e+00
8.922166107625486120e+00
8.743228734447503925e+00
8.750775230096635937e+00
8.855109427849512826e+00
8.574524363606476740e+00
8.499230204768771557e+00
8.559886180831819402e+00
8.655791393035054071e+00
8.598881633966520610e+00
8.668961065454338311e+00
8.581643350445961715e+00
8.733031672555734204e+00
8.663827594317531577e+00
8.769979735359809681e+00
8.705518139480643569e+00
8.752830828362119675e+00
8.793973942589930815e+00
8.651304113244728811e+00
8.791577491023593538e+00
8.842276167836502054e+00
8.747214293040077138e+00
8.879952168405710111e+00
8.787026754585959054e+00
8.562305325314127913e+00
8.663842247098262561e+00
8.619194225001317378e+00
8.538082700188438068e+00
8.446545549364500971e+00
8.404009988599922210e+00
8.569377328400275218e+00
8.555374675215041691e+00
8.472204781105938665e+00
8.291829672851385169e+00
8.360776396915387210e+00
8.351272809225372740e+00
8.306518559134682178e+00
8.451788681735317610e+00
8.650096621229362626e+00
8.601907106545588988e+00
8.515921180099484289e+00
8.594290580118677525e+00
8.661578031784630483e+00
8.750997983537102343e+00
8.812249962700926531e+00
8.839785815790412116e+00
8.940584723797131872e+00
8.976121556101885446e+00
8.707376893177244170e+00
8.622723450682679314e+00
8.414980181052044372e+00
8.507033255535080940e+00
8.568151139434505126e+00
8.410405378587693548e+00
8.625814259358932645e+00
8.659085455077571325e+00
8.634346340585778989e+00
8.649616026640188693e+00
8.624929211536839446e+00
8.604884796287269211e+00
8.722935583975445439e+00
8.706236062785777108e+00
8.530697669323838994e+00
8.627426091604581515e+00
8.634855015735810824e+00
8.676366524950472225e+00
8.480963704993421004e+00
8.494698741473269976e+00
8.548922429485548591e+00
8.660085921582593826e+00
8.744621647051738833e+00
8.387972737319104866e+00
8.554014780637380966e+00
8.515482283629014049e+00
8.544772430171539312e+00
8.559165720306541658e+00
8.277803973518098601e+00
8.403736361313276504e+00
8.375809431622233348e+00
8.451985970114179736e+00
8.397516090449753889e+00
1.016767155311142901e+01
8.442643295804225900e+00
8.395717038920034625e+00
8.498919057311269398e+00
8.351849565176664214e+00
8.436230078755562189e+00
8.414573277821091324e+00
8.325262066040785669e+00
8.454453563873268962e+00
8.327069783346905396e+00
8.377773547848480717e+00
8.420142008079029239e+00
8.523840495730837574e+00
8.394572134718742973e+00
8.356567392827699337e+00
8.293762463102893889e+00
8.314322391788151023e+00
8.388679585232290847e+00
8.529892697992103479e+00
8.569795542157800483e+00
8.540836287240228586e+00
8.472931318009056412e+00
8.535670678464699179e+00
8.463982980725337057e+00
8.542742954556800328e+00
8.573717595422801097e+00
8.525511634557581431e+00
8.867886082368150014e+00
8.794358606525602085e+00
8.685813055422507034e+00
8.754704177696781997e+00
8.704137905600767056e+00
8.605511789013814195e+00
1.062344240883397717e+01
8.596539016974006131e+00
8.539088061277102071e+00
8.704401766457950274e+00
8.683519952834242162e+00
8.761813957623926896e+00
1.086874137555259701e+01
8.917307427946322917e+00
9.004090339661152242e+00
9.042206172195763614e+00
9.353067935363759133e+00
9.648320886825169751e+00
9.732151295276615599e+00
9.997477095583379381e+00
1.038405737981608823e+01
1.040801017484087865e+01
1.033460032897981762e+01
1.023485643444003657e+01
1.004231230788201579e+01
9.909673530439718547e+00
9.976520623995433823e+00
1.019477243096866914e+01
1.037338271370111542e+01
1.029977851405648437e+01
1.028544910390664491e+01
9.960792346841550682e+00
9.846773397852260246e+00
9.993927412747856565e+00
1.011872440134335882e+01
9.950631023063277070e+00
9.934319475472623395e+00
9.934758912919049223e+00
1.012840971577286275e+01
1.002605555049661312e+01
1.007197097022624810e+01
9.989537460499899879e+00
9.743028018693703274e+00
9.409827824320016632e+00
9.112211485466595207e+00
8.923723047112819273e+00
8.760272656582701600e+00
8.816022780803089987e+00
8.667433882481441643e+00
8.728675247329665154e+00
8.703989435345032888e+00
8.755925785058547461e+00
8.877262730567776927e+00
8.835153472655695950e+00
8.897526867871752287e+00
9.080346083735021168e+00
9.115781074724308652e+00
9.197328164574933851e+00
9.328063642915312315e+00
9.626136703060410582e+00
9.891281686288948549e+00
1.023049636312059185e+01
1.129723649155546106e+01
1.292465657967840009e+01
1.384213254091565837e+01
1.424586660132468019e+01
1.571745293352424255e+01
1.700010745913271393e+01
1.542051084555148499e+01
1.344728348560074416e+01
1.324397313554707800e+01
1.256924351004181517e+01
1.126598302019148434e+01
1.090794093407809839e+01
1.085480089898996958e+01
1.061790603239096420e+01
1.045993166321784784e+01
9.763566789775190102e+00
9.687402151632330316e+00
9.705061476071819015e+00
9.643127276718459484e+00
9.704111258475249358e+00
9.780444278328701557e+00
9.711107434225299428e+00
9.621652520578923173e+00
9.715013734158830516e+00
1.082505703924761953e+01
1.448506115904178237e+01
1.580825182293431119e+01
1.595616514337184810e+01
1.561201940759379347e+01
1.514024907337956982e+01
1.329207588510425353e+01
1.159793520470842587e+01
1.134050584278108076e+01
1.144762320820211343e+01
1.137235143984066177e+01
1.145721598654459861e+01
1.017658871629983253e+01
9.792505917103738966e+00
1.019025184016921592e+01
1.021638839455438585e+01
9.878451051652298531e+00
9.841649194844380943e+00
9.914903415116222973e+00
1.052635744783207272e+01
1.070910320527427473e+01
1.085123814925590047e+01
1.089102167293209611e+01
1.052491565699609843e+01
1.019964727858318554e+01
9.593727388215935292e+00
9.541649344166950542e+00
1.131454168965912643e+01
1.337866575058620455e+01
1.349561720222212280e+01
1.370842780574149700e+01
1.333874606507343685e+01
1.272896330581858493e+01
9.762140287956698970e+00
8.679958794869396144e+00
8.841885896775425024e+00
1.002886318272030763e+01
1.039832976511689999e+01
1.051265877021775275e+01
1.049905444617118455e+01
1.056607163221476853e+01
9.852962365740408401e+00
8.907770579930689436e+00
9.737881819095591140e+00
1.271492692232671118e+01
1.309668951098816159e+01
1.321127570669519002e+01
1.314742398816893854e+01
1.303468026651819045e+01
1.102198592028819313e+01
8.858646581309361778e+00
8.844057210895190480e+00
8.847401233097453854e+00
8.777353724447092276e+00
8.845466932921192793e+00
9.298198454460669282e+00
1.017904702242055492e+01
1.015100328943778685e+01
1.019098879275928127e+01
1.024166839031337872e+01
1.025016454386566522e+01
9.178354237050598385e+00
9.540630402299257184e+00
1.165837942814935602e+01
1.193361709569902018e+01
1.197236347725914740e+01
1.195357086882392217e+01
1.149720573736684237e+01
9.671323234490404985e+00
8.475956328090965997e+00
8.352426835597448473e+00
8.322020096237649156e+00
8.357281689323954765e+00
1.223672301051990452e+01
1.437767464564459807e+01
1.065948977040850565e+01
9.724189800969377018e+00
8.559901392520499641e+00
9.355334391983264553e+00
9.610397884079949549e+00
9.580203338603721974e+00
9.388809810540054812e+00
9.386222217344753815e+00
8.841304017987377861e+00
9.746105726731167707e+00
1.037562288425430879e+01
1.035948174378857800e+01
1.043323122319286433e+01
1.035334902386928846e+01
9.857779486887071840e+00
8.443972579563446601e+00
8.279317163416765268e+00
8.181970908059614800e+00
8.195845846826291137e+00
8.624528169453824944e+00
1.218729053079896474e+01
1.193761047193292590e+01
8.543303960817560494e+00
8.044744344359930466e+00
8.111391971236168175e+00
8.198275395148250766e+00
8.047977554264496902e+00
8.206401576766960915e+00
8.682405445507283659e+00
8.676918630001932087e+00
8.713466832415997843e+00
8.709165345562020377e+00
8.697029567549950713e+00
8.795783659566094315e+00
9.227898510738324234e+00
9.553269113766505782e+00
1.068371915908192094e+01
1.388067552892188772e+01
1.015605590362711119e+01
8.371324782073610749e+00
7.827985607109479993e+00
7.900361645327548032e+00
7.952308041212079459e+00
8.021813604592898272e+00
7.978784733145070085e+00
7.951183812299075448e+00
7.972938518780310346e+00
8.112936405823258923e+00
8.024035839788631108e+00
8.194022086273978545e+00
8.292517803139672239e+00
8.237261831425190195e+00
8.494084508975326742e+00
8.439078960187989864e+00
8.578290271260900823e+00
8.741344559816354831e+00
8.918315065297026223e+00
9.389107131620461288e+00
9.293606443539895068e+00
9.131431430519443282e+00
9.285685897954278900e+00
9.421856835101579009e+00
9.202810610398390878e+00
9.378759057896449036e+00
9.737172511404615705e+00
9.536254423510273526e+00
9.241375106580466792e+00
9.115724613263326503e+00
8.988499156835636938e+00
8.355562959106636711e+00
8.466612270597002166e+00
8.688122948749207097e+00
8.693194900476179043e+00
8.596374341897572435e+00
1.019064908572463324e+01
8.094143643547537792e+00
7.939958919622567279e+00
7.848606585579929629e+00
7.741047296465821681e+00
7.807870835430327894e+00
7.784335430107039322e+00
7.806707423882227381e+00
7.692103937068011987e+00
7.734667748720337244e+00
9.454052353445849377e+00
7.732819323930142374e+00
9.721685859298212051e+00
8.050255082909592019e+00
8.043600970523776539e+00
8.012261987934197194e+00
8.369199428368633065e+00
9.989763438616915181e+00
1.058080199688829914e+01
1.070641106325512126e+01
1.058269903953721069e+01
1.087218463568422422e+01
1.049151179934383649e+01
8.885260802231474742e+00
8.497920104362417959e+00
8.478709057929702197e+00
8.571996871240484595e+00
8.019295423946163126e+00
7.909980710027685546e+00
7.850758804747080433e+00
7.936086592298417841e+00
7.777929416164096388e+00
7.800935396363692931e+00
7.587216655687147870e+00
7.495114033057090452e+00
7.584417363743682472e+00
7.590068281587448951e+00
7.531646110598820165e+00
7.556122931927172992e+00
7.935824966193226082e+00
8.188987038064869495e+00
8.099605103993113175e+00
8.048232877242071481e+00
8.157489402894032793e+00
8.023691972166233199e+00
7.552476075235602160e+00
7.702795580967230826e+00
8.636902703785608537e+00
8.538089698885778844e+00
9.500261972105437991e+00
1.173865448927389110e+01
1.504017650955831975e+01
1.780277499283390341e+01
2.161642339264908586e+01
2.493540613324402955e+01
2.847325354226778771e+01
2.710159671690579586e+01
2.654491215461369080e+01
2.514760869042525471e+01
2.240980668773582352e+01
1.932198520887476789e+01
1.647958707806656875e+01
1.361669689926075222e+01
1.222496440681804941e+01
1.133101251781008934e+01
1.076025694269038091e+01
1.040491118918951940e+01
1.069417587440794648e+01
1.164830374592071038e+01
1.218858058649684750e+01
1.315601399677176708e+01
1.417748850735637944e+01
1.449248485874968040e+01
1.466004157039886024e+01
1.422743963380860066e+01
1.382787984283062244e+01
1.223401899137347293e+01
1.181267551863097154e+01
1.139819298862151342e+01
1.085696605830944250e+01
1.081143916628396795e+01
1.061909228836206864e+01
9.955296010768462267e+00
9.818846529522458511e+00
9.850683067063139120e+00
9.402220614913657570e+00
9.186708567345744925e+00
9.557075341543329827e+00
9.200636408884088624e+00
8.961571877991239887e+00
8.917029274156016427e+00
8.610867430368907449e+00
8.300524490582025905e+00
8.785805969258230874e+00
8.764829271925517418e+00
8.541168133024306997e+00
8.543488891031362442e+00
8.608400499579952125e+00
8.030573002459748366e+00
7.723976025883769303e+00
7.744110958195812522e+00
7.636052012028703651e+00
7.451760831150577857e+00
7.308197045960514338e+00
7.164563859985666916e+00
7.397145423307642353e+00
7.322463800207811957e+00
7.285682661212749878e+00
7.420552611621873851e+00
7.563806776560846323e+00
7.472594702070471939e+00
7.512922249046293466e+00
7.449827612302375002e+00
7.506197626846332405e+00
7.370682581054511573e+00
7.294542200863823211e+00
7.238571400254917521e+00
7.415528309990391698e+00
7.410720153338433036e+00
7.382198177612240286e+00
7.385193463758277233e+00
8.737316663403047912e+00
7.321304640872746461e+00
7.177851603803889979e+00
7.015002294319962139e+00
7.296515752368841312e+00
9.053396088089344929e+00
1.024192069564851160e+01
1.350225423760774390e+01
1.445818878532379692e+01
1.314135920541293956e+01
1.371466550234993775e+01
1.262744527058520561e+01
1.148371255984025296e+01
1.095484294543804005e+01
9.674527423443867846e+00
8.583599320574247571e+00
8.292734252592756761e+00
8.310790185263469354e+00
8.145770558149799001e+00
7.935285284643804893e+00
7.426583462531380242e+00
7.166810696706010120e+00
7.145262334037612462e+00
7.235034305084803385e+00
7.244351791294649345e+00
7.310451110433020538e+00
7.486707587779135586e+00
7.601176435843332690e+00
7.903391638706518840e+00
7.634656042288032296e+00
8.126586129326256014e+00
1.191553479682062822e+01
1.303671348415173625e+01
1.281662148333337115e+01
1.258187327415001633e+01
1.286228915139334994e+01
1.077720660934940078e+01
9.573939864450283110e+00
1.033611992496940246e+01
1.268392438542351286e+01
1.316388471861123222e+01
9.927623246203211238e+00
9.533701717968620315e+00
7.862924874810368614e+00
7.330743420330420257e+00
7.707185674199755532e+00
1.110738208316663922e+01
1.198018144749314651e+01
1.190537051410276881e+01
1.187981762470631786e+01
1.178876085770625437e+01
9.665079353793156969e+00
7.211053580040916344e+00
7.023810019442445096e+00
6.965768460889247393e+00
6.914066876860855970e+00
6.763011745198410196e+00
6.757206665971869697e+00
7.034717896262055348e+00
8.235617526023808921e+00
8.473328435884914356e+00
8.489619061064212602e+00
8.550714507613276893e+00
8.466385458970409061e+00
8.003236446362627987e+00
7.350307362912357867e+00
8.127345733842433972e+00
1.141010314760415056e+01
1.212922162820956551e+01
1.207117467604326677e+01
1.202714589638769382e+01
1.220629451802698462e+01
1.149551305324503048e+01
9.488605193587407172e+00
9.382454166815440644e+00
1.086726629403976219e+01
9.247510857649617222e+00
8.834336190392322763e+00
8.771519026130956576e+00
9.551263648934703809e+00
1.010267396383516036e+01
1.230885430767832212e+01
1.267105557339140276e+01
9.523316796040393939e+00
9.352459117942377276e+00
8.414749010427652109e+00
8.379243263962722565e+00
9.061037916823625693e+00
9.081191712936847793e+00
9.052283604663204031e+00
8.407083045037111901e+00
8.262755934255441304e+00
9.389551734561809582e+00
9.881645688813145867e+00
9.950252802566327048e+00
9.954660033585549073e+00
1.004252898763660085e+01
9.141149298461206385e+00
7.326480533577632848e+00
7.128226903769402156e+00
6.995607775869909339e+00
7.069287595490090226e+00
6.947617934126945727e+00
7.021959245584587173e+00
6.982522270758505734e+00
7.136652681146158805e+00
7.249873855914899856e+00
9.057605110653776492e+00
1.314047189107470714e+01
1.355527804678334114e+01
1.369619145105168911e+01
1.361797228819782291e+01
1.386108620022774041e+01
1.204574914190152235e+01
1.025461778723397366e+01
1.011195855767327245e+01
9.961512478284797467e+00
9.581798478555315413e+00
7.859861006882153056e+00
7.984860874921173135e+00
8.802465205072470766e+00
8.884812418907520382e+00
8.903671954369544395e+00
8.714029264417344933e+00
8.398594643510131519e+00
7.108148155279626401e+00
6.642570164703577085e+00
6.745473180265932456e+00
6.710626344848416025e+00
6.825724072501736295e+00
6.948582930498720778e+00
7.947749872006525607e+00
8.470166047386749497e+00
8.404738386470768319e+00
8.432088755353605691e+00
8.310903696396465534e+00
7.927280238347539587e+00
6.918044857223535793e+00
6.716910424763685938e+00
6.715326908606251699e+00
6.759231479902282125e+00
9.741026984432016533e+00
1.213208159443491674e+01
1.217868696021254848e+01
1.211909060584758002e+01
1.211386862566580547e+01
1.147184187761118146e+01
7.741067665151399879e+00
7.115790483896735630e+00
6.914315327530640154e+00
7.393779033436656434e+00
8.428552582715180819e+00
9.346382841637844052e+00
9.311968973393822679e+00
9.420471572317971720e+00
8.905158610998254787e+00
8.443015641971918228e+00
6.961260139632604371e+00
6.748824022534360090e+00
7.029104648830296398e+00
1.023595360608470450e+01
1.226700349884200492e+01
1.233529641787421482e+01
1.234545697906075645e+01
1.247983068767496739e+01
1.152152013125189001e+01
7.620182964055694619e+00
8.632477490973311518e+00
6.955734245634780599e+00
6.915186808259328188e+00
6.847589570615473242e+00
6.889606182955229308e+00
8.206193553806915730e+00
8.609577814638596394e+00
6.995369605217250708e+00
8.209673260636352055e+00
8.481853767474216710e+00
8.513183998564354482e+00
8.530240687130882904e+00
8.663065281240871940e+00
8.004386485407783525e+00
7.156462615680880823e+00
8.296545764684958968e+00
1.079272539928047081e+01
1.111282985496427322e+01
1.104864829062458220e+01
1.102249152496819740e+01
1.098890868827702505e+01
8.577484046580700294e+00
7.341197970330507694e+00
7.082701379458114843e+00
6.931145096601332156e+00
6.916991854670607509e+00
6.860140613991770664e+00
6.812036895859035823e+00
6.734375523910683725e+00
6.795652029197614574e+00
6.639130289804279883e+00
6.736758657930788097e+00
6.840651270404885409e+00
7.624561640656416728e+00
7.747440216098866905e+00
7.690642413701491265e+00
7.693436415081910340e+00
7.741719494033803883e+00
7.183406795375645970e+00
7.262817470332599612e+00
8.626915867563370810e+00
8.813580632021960071e+00
8.809481979397238760e+00
8.797179640356310060e+00
8.565715008751812576e+00
7.269946231521986491e+00
6.606634994249785287e+00
6.675205667872363691e+00
6.698847741370611786e+00
6.942018808274706743e+00
7.448300108678015619e+00
7.818440087913180570e+00
7.558312325644767959e+00
7.062613856749728747e+00
6.983245673611266469e+00
6.883044202085821794e+00
6.764879880188323646e+00
6.847679935298914167e+00
6.767232181498615162e+00
6.649655892904484666e+00
6.995848005338737075e+00
7.081062118716661580e+00
7.112769313878085420e+00
7.137280800034011108e+00
7.201550817200617516e+00
7.144721445049229125e+00
7.344531330133998281e+00
7.597545101878627527e+00
7.721763251899386837e+00
7.772929176905134518e+00
7.939619839247961330e+00
7.591956836863325897e+00
7.026826849234043770e+00
6.975345412313934901e+00
6.964660294545622854e+00
6.857769417873155859e+00
6.881953551081198661e+00
6.776037268353070964e+00
6.895984735630494633e+00
6.858920818513595030e+00
6.738864522522788114e+00
6.918750289941042908e+00
8.406619225497752979e+00
7.160693305044229184e+00
6.946723415521622869e+00
7.097737902301312296e+00
8.727631031543253926e+00
9.300010715625479207e+00
7.430868375241842294e+00
7.483128247140446554e+00
7.623807178183048983e+00
7.602670012873340433e+00
7.726466553552250538e+00
7.646379450638599806e+00
7.843535884704292194e+00
7.896801800277527761e+00
7.864669330962718696e+00
8.038989802980969657e+00
8.051312146739693532e+00
8.116820356193491293e+00
8.286333155773320414e+00
8.021816694974084783e+00
7.780113937797609402e+00
7.643776348001217968e+00
7.609116600326080615e+00
7.798622040651883580e+00
8.041788686850642520e+00
7.919646511830821467e+00
8.016182040292655131e+00
8.120956646758129338e+00
7.962769266005992996e+00
7.818100004621167720e+00
7.702144265903800857e+00
7.570138775327424518e+00
7.549269316979986932e+00
7.400569313971608665e+00
7.506323588762550791e+00
7.728598461050494528e+00
7.843569924510545910e+00
8.007265368491703228e+00
7.887693467052510954e+00
7.647296694383754811e+00
7.587232033808922083e+00
7.469290263993123347e+00
7.593891741855816058e+00
7.705847022645368583e+00
7.788577875700726239e+00
7.763941260345498918e+00
7.812819433961379900e+00
7.661702297611848955e+00
7.715230312754953523e+00
7.664653806634755817e+00
7.685124078519186774e+00
7.552786487828127449e+00
7.280901229134063790e+00
7.059931323949009574e+00
6.839972262974501227e+00
6.939275054129410591e+00
6.976495357475932302e+00
6.862101522691721023e+00
6.848473098218886612e+00
6.920379484435509987e+00
6.967469342283507672e+00
6.921828791215601129e+00
7.040146344849459226e+00
6.971622224921931732e+00
7.098354530169060261e+00
6.943921541539394227e+00
6.971571147324159945e+00
6.944346605651972482e+00
7.177627057301861235e+00
7.199447269708867836e+00
7.156163734019739486e+00
7.182547852924236587e+00
6.964155301066421444e+00
6.944991625229310017e+00
6.722710486419791742e+00
6.662020745905807395e+00
6.660922294464826976e+00
6.713568602583865896e+00
7.024323156722086736e+00
7.110803746276561199e+00
7.323884186664004758e+00
7.578854589447418633e+00
8.896685265123695174e+00
9.425626515568994890e+00
1.125936824858262852e+01
1.194324991690782412e+01
1.180815885303832147e+01
1.177977844840566490e+01
1.255817673013252112e+01
1.388538499387918534e+01
1.292044765551445096e+01
1.279701182295353945e+01
1.248604554278803747e+01
1.206868222272649582e+01
1.024297418568758111e+01
1.161775720162398962e+01
1.376029182438164966e+01
1.363221563251410906e+01
1.377603297430024831e+01
1.300968058239064540e+01
1.203500919279640158e+01
8.027045793464697709e+00
7.454131926549022680e+00
8.424723496487308338e+00
8.901231638983986727e+00
8.891728371903388606e+00
8.925064327824824062e+00
9.080581767309251262e+00
8.562799903193422324e+00
7.291665762897722836e+00
7.317173382824062600e+00
7.151960817309248597e+00
7.204778121407409586e+00
6.864264955731606221e+00
6.615165510136574945e+00
6.524584713370533251e+00
6.812493885151285511e+00
6.587953089695485431e+00
6.613428803773484077e+00
6.697895716926190346e+00
6.629690462120437999e+00
6.779340859675176745e+00
6.795668983098710036e+00
6.844466577413688135e+00
9.313785906333205133e+00
1.191126369997818202e+01
1.619148258976041888e+01
2.175505130025951317e+01
2.246003895318566279e+01
1.779329534739794738e+01
1.788695568049424267e+01
1.635643090069100225e+01
1.209471674155023635e+01
1.123810723640980491e+01
1.140854405305012520e+01
1.108430783178476098e+01
1.099275257144661033e+01
8.833341168065665272e+00
6.964243648831562439e+00
7.369363873956154443e+00
8.474438466632289391e+00
8.558128907334763724e+00
8.457359626697400046e+00
8.333349473796797469e+00
8.032212828650651559e+00
6.912452268047142745e+00
6.540072086076649249e+00
6.399517323498242760e+00
6.385641209305342514e+00
6.541715395546036760e+00
6.869722751893346135e+00
8.690014458561812205e+00
9.747795838563755311e+00
9.726173529205553336e+00
9.687857968381772267e+00
9.506762640427854905e+00
8.701659341654083946e+00
6.622330427417906229e+00
6.439150664836902571e+00
6.530253163804121463e+00
6.487234945953438192e+00
6.633282553880127885e+00
1.201503122823238456e+01
1.492579060349617848e+01
1.480437824095879229e+01
1.481941357461484365e+01
1.479192582646417442e+01
1.304561587870344397e+01
7.013161666913643622e+00
6.166686499194699245e+00
6.347674597220488657e+00
6.195054698017566253e+00
6.997006484682098737e+00
9.647859844068118917e+00
9.932481657798447827e+00
9.901957218178726094e+00
9.921126979619302233e+00
9.799240564464957615e+00
7.722124478874787812e+00
6.310551805186380925e+00
6.385852042512754956e+00
6.538519751633238286e+00
9.959214538354965285e+00
1.516124640671112722e+01
1.543772523319238488e+01
1.541295811994413256e+01
1.549756711807491705e+01
1.490002889777614570e+01
8.972520098431388647e+00
7.770606965673535704e+00
6.258726156920650929e+00
6.208491353399677060e+00
7.624488282060887911e+00
7.517643647871575574e+00
6.026413929981343287e+00
6.151934047555366547e+00
6.163739481525021269e+00
6.411303838088344698e+00
8.545215853795534500e+00
9.368514964932533218e+00
9.277530931172446316e+00
9.250702513294946527e+00
9.435760741698167919e+00
8.161983059986290812e+00
6.340213418351694941e+00
6.204728458712992278e+00
8.303417870906894649e+00
1.265056140717597266e+01
1.293816258377929174e+01
1.294044527667563571e+01
1.287662089074358640e+01
1.270078410744723918e+01
8.526932112138590369e+00
6.318847259003776529e+00
6.377736391675887795e+00
6.358620671154926463e+00
6.461986380365044802e+00
6.327536230385905291e+00
6.165272134932657799e+00
6.046530664212864892e+00
6.175737965483962810e+00
6.197234149733646724e+00
6.234339329564773102e+00
6.135625120021802381e+00
6.300523476838954196e+00
7.809368465648526936e+00
8.340344774133637173e+00
8.400687395112214517e+00
8.404828428885375402e+00
8.427636064464545385e+00
7.663099505267092049e+00
6.595369892837913639e+00
7.911884785070141923e+00
1.040660183943419703e+01
1.041292905414362480e+01
1.066042941762110452e+01
1.064793707482721530e+01
1.024806713159235372e+01
7.384072628944866601e+00
6.322994926221222833e+00
6.340244092570439527e+00
6.343779026878091365e+00
6.426385989534465715e+00
6.456694582991620024e+00
6.539783340207011797e+00
6.456118559888119890e+00
6.526667235798276678e+00
6.423491310720915060e+00
6.439017678525001287e+00
6.391932213882804525e+00
7.779305314244148839e+00
6.659852411602605216e+00
7.116385481124861911e+00
7.341898684373793671e+00
1.154730834457546074e+01
7.309335220561672841e+00
7.802829497162459660e+00
7.633049384792048642e+00
7.518665651930645843e+00
7.458392840161799597e+00
7.370255314730282059e+00
6.861445584123934793e+00
7.642417710268732733e+00
8.722907539972018398e+00
8.889009106211604561e+00
9.117665833096827654e+00
9.098792973557811692e+00
8.803939877015938720e+00
7.270285415778709570e+00
7.010536524258144553e+00
6.962693669288857912e+00
6.957498422159545726e+00
