4.000435820410024917e+03
4.002582844930821011e+03
4.004730417606115225e+03
4.006877251449845062e+03
4.009024024360982821e+03
4.011171871782930793e+03
4.013323417845009772e+03
4.015469824268803677e+03
4.017618516154060217e+03
4.019765650737509986e+03
4.021914714321729207e+03
4.024064893275921804e+03
4.026213867673341610e+03
4.028363060802827022e+03
4.030340196404232756e+03
4.031592337749155377e+03
4.033745950411126614e+03
4.035894486672184939e+03
4.038045669970657855e+03
4.040198089381561203e+03
4.041443956949015046e+03
4.043421948140974564e+03
4.045573104866899030e+03
4.047725909827977375e+03
4.049875417952114731e+03
4.052029596875994230e+03
4.054184964770137412e+03
4.056337768254466937e+03
4.058492856388929340e+03
4.060645571647734869e+03
4.062794879997971293e+03
4.064948231069246958e+03
4.067103089675875253e+03
4.069259955855362477e+03
4.071414719170228182e+03
4.073568913095431071e+03
4.075725207505684921e+03
4.077880519860786535e+03
4.080035651994177442e+03
4.082192387193134891e+03
4.084350542680568651e+03
4.086506905176478995e+03
4.088663821006375201e+03
4.090823604132802757e+03
4.092980539891934313e+03
4.094962401634885282e+03
4.096213781816495612e+03
4.098368813011764360e+03
4.100525417914240279e+03
4.102684051703442492e+03
4.103940094482717541e+03
4.105925395823412146e+03
4.108083947221206472e+03
4.110244990090800457e+03
4.112403965176405109e+03
4.114565002664985514e+03
4.116723190954567144e+03
4.118884264488194276e+03
4.121044354863299304e+03
4.123204204462598682e+03
4.125366872910804886e+03
4.127526287943534044e+03
4.129685449355826677e+03
4.131846845205189311e+03
4.134008089113629467e+03
4.136171282270752272e+03
4.138335697323343084e+03
4.140498188645799928e+03
4.142661222510791958e+03
4.144825605711298522e+03
4.146986033999116444e+03
4.149149379895689890e+03
4.151311342229293587e+03
4.153300093740271222e+03
4.154552422399614443e+03
4.156714083225640934e+03
4.158882316834586163e+03
4.160140479530627090e+03
4.162134120851150328e+03
4.164296908716434700e+03
4.166462450068057478e+03
4.168628551034238626e+03
4.170793691611735994e+03
4.172959867635921000e+03
4.175125046318832574e+03
4.177288672551952914e+03
4.179452764689895048e+03
4.181621062588853420e+03
4.183787591527106088e+03
4.185956659303757988e+03
4.188123912800645485e+03
4.190290299587511072e+03
4.192458063362686516e+03
4.194626293794137382e+03
4.196793959888307654e+03
4.198959805516817141e+03
4.201126795563895939e+03
4.203296463088183373e+03
4.205465541550295711e+03
4.207459062342571997e+03
4.208714717132561418e+03
4.210884733650206726e+03
4.213054065977161372e+03
4.214301674064058716e+03
4.216313955627634641e+03
4.218482841877706960e+03
4.220652776440732850e+03
4.222823562239255807e+03
4.224993078641527973e+03
4.227163266834140813e+03
4.229335663044906141e+03
4.231506404869968719e+03
4.233677113167672360e+03
4.235848322898425067e+03
4.238020884414358989e+03
4.240190958382241661e+03
4.242363278679385076e+03
4.244535130269689944e+03
4.246708600000942170e+03
4.248881748208214049e+03
4.251051760720796665e+03
4.253226941452639949e+03
4.255399807829933707e+03
4.257574268740970183e+03
4.259574716896336213e+03
4.260838702287897831e+03
4.263010714445857957e+03
4.264265459057992302e+03
4.266268721912873843e+03
4.268441238893095033e+03
4.270616380359159848e+03
4.272790271839744491e+03
4.274965687446071570e+03
4.277140000786283963e+03
4.279315653595002004e+03
4.281491063113337077e+03
4.283668159251754332e+03
4.285845136505316987e+03
4.288019018415241590e+03
4.290197415890846969e+03
4.292370497482882456e+03
4.294546865000999787e+03
4.296722780494023027e+03
4.298898992324840947e+03
4.301077866527698461e+03
4.303253100251597971e+03
4.305430365887826156e+03
4.307434677283032215e+03
4.308699020387915880e+03
4.310876218734837494e+03
4.313055727673816364e+03
4.314314135008983612e+03
4.316318363688706086e+03
4.318497212422444136e+03
4.320676426915432785e+03
4.322853822994004076e+03
4.325034342314793321e+03
4.327212053587717492e+03
4.329392574921370397e+03
4.331570203803072218e+03
4.333749323640135117e+03
4.335928049541655128e+03
4.338109413838671571e+03
4.340288796538684437e+03
4.342468488285056083e+03
4.344648210293593365e+03
4.346827603161152183e+03
4.349007260647932526e+03
4.351188675687380965e+03
4.353369511390391381e+03
4.355377628035449561e+03
4.356644646445871331e+03
4.358826046250705076e+03
4.361006120898455265e+03
4.362266666526400513e+03
4.364271937964017525e+03
4.366454520389207573e+03
4.368635271938820551e+03
4.370817104726583239e+03
4.373003354695645612e+03
4.375186256817752110e+03
4.377371563527750368e+03
4.379554365084760320e+03
4.381735860034257712e+03
4.383918616821641990e+03
4.386098435380887167e+03
4.388282767238752967e+03
4.390465603074490900e+03
4.392650961566897422e+03
4.394832419957268030e+03
4.397016663637623424e+03
4.399199398506725629e+03
4.401209498113275004e+03
4.402477981650239599e+03
4.404663100068150015e+03
4.405925967971533282e+03
4.407937789478230115e+03
4.410121683983528783e+03
4.412306722772489593e+03
4.414492522175839440e+03
4.416677335449785460e+03
4.418859911403808837e+03
4.421045731940464066e+03
4.423232732075292006e+03
4.425417681800938226e+03
4.427605386190639365e+03
4.429793589466186859e+03
4.431978543377952519e+03
4.434164522208264316e+03
4.436349951539025824e+03
4.438537678945565858e+03
4.440724829051649067e+03
4.442911205508513376e+03
4.444921166258513040e+03
4.446185130676034532e+03
4.448371834638927794e+03
4.450554245769970294e+03
4.451829471339663542e+03
4.453844086784428328e+03
4.456029534227947806e+03
4.458216304580010728e+03
4.460405877408625201e+03
4.462593474584095020e+03
4.464780622646950178e+03
4.466974655663453632e+03
4.469160544692600524e+03
4.471350195362417253e+03
4.473534563199282275e+03
4.475723508034168844e+03
4.477913456277213299e+03
4.480101431438897635e+03
4.482289848150188845e+03
4.484479388443894095e+03
4.486668471436889376e+03
4.488680246504435672e+03
4.489937314023341060e+03
4.492125308694799969e+03
4.494314563850281957e+03
4.495595617257086815e+03
4.497614454535808363e+03
4.499800916953982778e+03
4.501989204023899219e+03
4.504179814432145577e+03
4.506368672569492446e+03
4.508564212280291940e+03
4.510747379828742851e+03
4.512937601487301436e+03
4.515127717278884120e+03
4.517326319920220158e+03
4.519517206442714269e+03
4.521707335990145111e+03
4.523898250994846421e+03
4.526089628124975206e+03
4.528280224215210183e+03
4.530471460777143875e+03
4.532488628863076883e+03
4.533741202765820162e+03
4.535933090190867006e+03
4.537216811807938939e+03
4.539237984446055634e+03
4.541429272242115985e+03
4.543621381835742795e+03
4.545813419674423130e+03
4.548005756842459959e+03
4.550198661826701027e+03
4.552391200518823098e+03
4.554576969434113380e+03
4.556767265692597903e+03
4.558961352547999923e+03
4.561153350576864796e+03
4.563352381426143438e+03
4.565543659500631293e+03
4.567735649151572034e+03
4.569932023918626328e+03
4.572125690288300575e+03
4.574138821353893036e+03
4.575403425306629288e+03
4.577595679483317326e+03
4.578876916972583786e+03
4.580896386481431364e+03
4.583089454967889651e+03
4.585284002612370386e+03
4.587477540879649496e+03
4.589672263994937566e+03
4.591866460843912137e+03
4.594059890615209042e+03
4.596255244863356893e+03
4.598449405866094821e+03
4.600643626209463037e+03
4.602838053554831276e+03
4.605032746520712863e+03
4.607226699795980494e+03
4.609422597634455087e+03
4.611616575724769064e+03
4.613811995491013477e+03
4.615831190155911827e+03
4.617096323710471552e+03
4.619292415211883053e+03
4.620572413957639583e+03
4.622592590131005636e+03
4.624788077359403360e+03
4.626982795028110559e+03
4.629177510107543640e+03
4.631374162679619076e+03
4.633569930824319272e+03
4.635766801521469461e+03
4.637961394654637843e+03
4.640156563859016387e+03
4.642353277568021440e+03
4.644549353758563484e+03
4.646745493090729724e+03
4.648941889128694129e+03
4.651138025052741796e+03
4.653336811011772625e+03
4.655359365064921803e+03
4.656622860004165886e+03
4.658816856568539151e+03
4.660098737151383830e+03
4.662121320027050388e+03
4.664317461490253663e+03
4.666515124234398172e+03
4.668711117125305464e+03
4.670907588026138001e+03
4.673105533996691520e+03
4.675302754981041289e+03
4.677499706785205490e+03
4.679696897864274433e+03
4.681894478189756228e+03
4.684092338849300177e+03
4.686289822008800911e+03
4.688487267542757763e+03
4.690685069302450756e+03
4.692882857343145588e+03
4.694901542484655693e+03
4.696165193782350798e+03
4.698363427480036989e+03
4.699647753723651476e+03
4.701673284740010786e+03
4.703871178686514213e+03
4.706068783851907938e+03
4.708267575482836946e+03
4.710466730693406134e+03
4.712664905037589961e+03
4.714863156318055189e+03
4.717061141079404479e+03
4.719260035435390819e+03
4.721459937242885644e+03
4.723656573422588735e+03
4.725855464063768522e+03
4.728054467807379297e+03
4.730253748954382900e+03
4.732452498085386651e+03
4.734650632523787863e+03
4.736669570641417522e+03
4.737931537294890404e+03
4.740130328125737833e+03
4.741422928168760336e+03
4.743446560686740668e+03
4.745645598629529559e+03
4.747844583478424283e+03
4.750043673703475179e+03
4.752243558119559566e+03
4.754442978856356604e+03
4.756643023545610049e+03
4.758842089614464385e+03
4.761041795063860263e+03
4.763241536797168919e+03
4.765441021943554915e+03
4.767640335663539190e+03
4.769840225342326448e+03
4.772040136523718502e+03
4.774058606105225408e+03
4.775318683772584336e+03
4.777518548091740740e+03
4.778815192798230783e+03
4.780839882539375139e+03
4.783039370587253870e+03
4.785236971855892079e+03
4.787440545236246180e+03
4.789640695101934398e+03
4.791840279474533418e+03
4.794039818205902520e+03
4.796240134194092207e+03
4.798441543561750223e+03
4.800640541579103228e+03
4.802842092024785416e+03
4.805042197683579616e+03
4.807243527022354101e+03
4.809443984566215477e+03
4.811644025598928238e+03
4.813662229828279123e+03
4.814918235640524472e+03
4.817117883777822499e+03
4.818420697825239586e+03
4.820446354758854795e+03
4.822647751993476049e+03
4.824848420596643336e+03
4.827051156939692191e+03
4.829250631115383840e+03
4.831451969997401648e+03
4.833654374426635513e+03
4.835855977561602231e+03
4.838056251286113365e+03
4.840256962477727029e+03
4.842457694577692564e+03
4.844659269126533218e+03
4.846859595837298912e+03
4.849061505549300819e+03
4.851262343638382845e+03
4.853279603471070914e+03
4.854531577424957504e+03
4.856728464282054119e+03
4.858035070491901934e+03
4.860065858227998433e+03
4.862270135340228080e+03
4.864471315886888988e+03
4.866674233942857427e+03
4.868873448468552851e+03
4.871075633808547536e+03
4.873277611945273748e+03
4.875480138742071176e+03
4.877680619474584091e+03
4.879881520304260448e+03
4.882085205494639013e+03
4.884285678684725099e+03
4.886488414282630401e+03
4.888689450367902282e+03
4.890891510085863956e+03
4.892906865931292486e+03
4.894154916306692940e+03
4.896358511405711397e+03
4.897675238764821188e+03
4.899701766401039094e+03
4.901903783834840397e+03
4.904103949824661868e+03
4.906305124411988800e+03
4.908507799097946190e+03
4.910708841310724893e+03
4.912910764837246461e+03
4.915112930673845767e+03
4.917315594194526057e+03
4.919517779554381377e+03
4.921720341711458786e+03
4.923922174730524603e+03
4.926123856168672319e+03
4.928326350199581611e+03
4.930341527941597633e+03
4.931587541607086678e+03
4.933789150839179456e+03
4.935104195726366925e+03
4.937135269176113070e+03
4.939337718603886970e+03
4.941540516520915844e+03
4.943742680861499139e+03
4.945945242900751509e+03
4.948147245702291912e+03
4.950350083384905702e+03
4.952551844328407242e+03
4.954754391172672513e+03
4.956956007180695451e+03
4.959159442613172359e+03
4.961361728452041461e+03
4.963564094979199581e+03
4.965766856994030604e+03
4.967969477079027456e+03
4.969984571186915673e+03
4.971229520353434964e+03
4.973431189354059825e+03
4.974749046501155135e+03
4.976779190044362622e+03
4.978982605790255548e+03
4.981184149487566174e+03
4.983386794852628555e+03
4.985589066869632006e+03
4.987791804843267528e+03
4.989992506588339893e+03
4.992195029575029366e+03
4.994398574788886435e+03
4.996602139634370360e+03
4.998804577958062509e+03
5.001007088710854077e+03
5.003209814606455438e+03
5.005412519167083701e+03
5.007427735838516128e+03
5.008675018917338093e+03
5.010877558368398240e+03
5.012193863454138409e+03
5.014221552765875458e+03
5.016425596720003341e+03
5.018628230718639315e+03
5.020831587262614448e+03
5.023032626421178065e+03
5.025236036928443355e+03
5.027438407957541131e+03
5.029641061201247794e+03
5.031844036521855742e+03
5.034045957676526086e+03
5.036249373247941548e+03
5.038450674033284486e+03
5.040654300288785635e+03
5.042856624609279606e+03
5.044872958709428531e+03
5.046126431389336176e+03
5.048329682716500429e+03
5.049637059060477441e+03
5.051667144466539867e+03
5.053870164215403747e+03
5.056072203748151878e+03
5.058275428815988562e+03
5.060478210585271881e+03
5.062681360811136983e+03
5.064882986953712134e+03
5.067085782656411538e+03
5.069288494110017382e+03
5.071490994655145187e+03
5.073693424097932620e+03
5.075896192010564846e+03
5.078098958898770434e+03
5.080301374050543018e+03
5.082503868861625961e+03
5.084520806882572288e+03
5.085779878911090236e+03
5.087983981922165185e+03
5.089288513800763212e+03
5.091314543446801508e+03
5.093516618669489617e+03
5.095720233834444116e+03
5.097921856546497111e+03
5.100125739737171898e+03
5.102326343920017280e+03
5.104529888041055528e+03
5.106731468768522063e+03
5.108934799760789247e+03
5.111136651293154500e+03
5.113340184800477800e+03
5.115543747305006946e+03
5.117745720569341756e+03
5.119947849929550102e+03
5.121964795417954520e+03
5.123227373920568425e+03
5.125429796552333755e+03
5.126731422119909439e+03
5.128758463504784231e+03
5.130959935390458668e+03
5.133163227243563597e+03
5.135365521049796371e+03
5.137568086860424955e+03
5.139770016983272399e+03
5.141972972467122418e+03
5.144174579857770368e+03
5.146377209530728578e+03
5.148579801615798715e+03
5.150781553526692733e+03
5.152985078767900632e+03
5.155186697818455286e+03
5.157389652497909083e+03
5.159593037546459527e+03
5.161610533467555797e+03
5.162870320968949272e+03
5.165071890045175678e+03
5.166375924581599065e+03
5.168400518183512759e+03
5.170602981344672116e+03
5.172804613204632005e+03
5.175006997694666097e+03
5.177209395522857449e+03
5.179410443410418338e+03
5.181613617652667017e+03
5.183816233118145647e+03
5.186018500460902033e+03
5.188220195217064429e+03
5.190422366583971780e+03
5.192625010454763469e+03
5.194826175721516847e+03
5.197028707315670545e+03
5.199043718323580833e+03
5.200302277019494795e+03
5.202504360799022834e+03
5.203811524875360192e+03
5.205836462173619111e+03
5.208038164255611264e+03
5.210239808622170131e+03
5.212441721588908877e+03
5.214643432678393765e+03
5.216845302496206386e+03
5.219047583966632374e+03
5.221249019176803813e+03
5.223450725708977188e+03
5.225652391738793085e+03
5.227853666688038174e+03
5.230055519201483548e+03
5.232257453502716089e+03
5.234458208204954644e+03
5.236660557244284064e+03
5.238674918486625756e+03
5.239932693546768860e+03
5.242134838308433245e+03
5.243443627360705250e+03
5.245467338623626347e+03
5.247668323035168214e+03
5.249869229093462309e+03
5.252071023230147148e+03
5.254271840280670403e+03
5.256473408868947445e+03
5.258674839554334540e+03
5.260876276381239222e+03
5.263077200903179801e+03
5.265278530202709590e+03
5.267478765183660471e+03
5.269680609952235500e+03
5.271881932586212315e+03
5.274082422411807784e+03
5.276283954713407184e+03
5.278297153187779259e+03
5.279554710792949663e+03
5.281755428344658867e+03
5.283064172213851634e+03
5.285088002292823148e+03
5.287287546226471932e+03
5.289489637961591143e+03
5.291689937391688545e+03
5.293891809138941426e+03
5.296092816337968543e+03
5.298293096724287352e+03
5.300493580356614075e+03
5.302694216903762936e+03
5.304895219809484843e+03
5.307095705951954187e+03
5.309296092034644971e+03
5.311497048027396886e+03
5.313697205569594189e+03
5.315710572148683241e+03
5.316967695693673704e+03
5.319168083994774861e+03
5.320475802148111143e+03
5.322499073176775710e+03
5.324699196412270794e+03
5.326899926144023993e+03
5.329099989463689781e+03
5.331299537683577000e+03
5.333499792992404764e+03
5.335700348810557443e+03
5.337900153140515613e+03
5.340101156793878545e+03
5.342301166276055483e+03
5.344500699293244907e+03
5.346700448435140970e+03
5.348900218760491043e+03
5.351100265433370623e+03
5.353300306805696891e+03
5.355313352899678648e+03
5.356571399839684091e+03
5.358771362612708799e+03
5.360077048076569554e+03
5.362099293320778088e+03
5.364298965195151141e+03
5.366498464937913013e+03
5.368698665878869178e+03
5.370897473089542473e+03
5.373097806150098222e+03
5.375296506385322573e+03
5.377496776501412569e+03
5.379695353545315811e+03
5.381894785355350905e+03
5.384094096434235325e+03
5.386293478933178449e+03
5.388492617603063991e+03
5.390691825707479438e+03
5.392890428346737281e+03
5.394903925855441230e+03
5.396164868299923910e+03
5.398364086063466857e+03
5.399665760787563158e+03
5.401687409222044153e+03
5.403886101998210506e+03
5.406084530693383385e+03
5.408282432989951303e+03
5.410481788480922660e+03
5.412680362643588523e+03
5.414879553471098006e+03
5.417078272082580952e+03
5.419277044270503211e+03
5.421475596074732493e+03
5.423673869068395106e+03
5.425872075696343927e+03
5.428071150281233713e+03
5.430269480296713482e+03
5.432467768232393610e+03
5.434480231311168609e+03
5.435744733595121943e+03
5.437943095282636932e+03
5.439242017203871910e+03
5.441261269731832726e+03
5.443459016498869460e+03
5.445657218109294263e+03
5.447854744399289302e+03
5.450053198821934529e+03
5.452251319211060036e+03
5.454448952574937721e+03
5.456647368815662048e+03
5.458845131093012242e+03
5.461042138406321101e+03
5.463240531128579278e+03
5.465437967711895908e+03
5.467635833745403033e+03
5.469833123104044716e+03
5.472030755088073420e+03
5.474043020011283261e+03
5.475307498244425915e+03
5.477504691636066127e+03
5.478803376601345008e+03
5.480820602930529276e+03
5.483017900910688695e+03
5.485215123551666693e+03
5.487412954804910441e+03
5.489609750615799385e+03
5.491807108487332698e+03
5.494004889458493381e+03
5.496202022283203405e+03
5.498398677209510424e+03
5.500595347884875082e+03
5.502792917443473016e+03
5.504989932678181503e+03
5.507186811937724997e+03
5.509382249485510329e+03
5.511579456544660388e+03
5.513775343001402689e+03
5.515783871310500217e+03
5.517045430502845193e+03
5.519242172026993103e+03
5.520545769876900522e+03
5.522563164605970087e+03
5.524759364357294544e+03
5.526954901859404345e+03
5.529151170403941251e+03
5.531346591131363311e+03
5.533544380358956005e+03
5.535741110611682416e+03
5.537937320195156644e+03
5.540133483150073516e+03
5.542329410337447371e+03
5.544525525873747938e+03
5.546721734554158502e+03
5.548917625115257579e+03
5.551112981329199101e+03
5.553309200950605373e+03
5.555317169712396208e+03
5.556569071684759365e+03
5.558764545694654771e+03
5.560074307005832452e+03
5.562091548288105514e+03
5.564287710927585067e+03
5.566482904865691125e+03
5.568678884028365246e+03
5.570873651295257332e+03
5.573069369661060591e+03
5.575264854468870908e+03
5.577460217284849932e+03
5.579655420246704125e+03
5.581850606311812953e+03
5.584045607027112965e+03
5.586240417988045920e+03
5.588435245155282246e+03
5.590630052407015683e+03
5.592824773128290872e+03
5.595019478114486446e+03
5.597025000739553434e+03
5.598267989034266066e+03
5.600462088484279775e+03
5.601780356825001036e+03
5.603798517930151320e+03
5.605992664592590700e+03
5.608187270691599224e+03
5.610381521906138914e+03
5.612575803374210409e+03
5.614770209890727529e+03
5.616964609355407447e+03
5.619158215787871086e+03
5.621352740719737994e+03
5.623546728796358366e+03
5.625740978506562897e+03
5.627934844450941455e+03
5.630128832630926809e+03
5.632322067419516316e+03
5.634516304221057908e+03
5.636519823278626973e+03
5.637753931413326427e+03
5.639947675414735386e+03
5.642140889045879703e+03
5.643466697177886999e+03
5.645484457974338511e+03
5.647677891772219482e+03
5.649870942096951694e+03
5.652064311883567825e+03
5.654257328677763326e+03
5.656450824413234841e+03
5.658644119662900266e+03
5.660836936199915726e+03
5.663030069691264544e+03
5.665223829485654278e+03
5.667416820278559499e+03
5.669609625263216913e+03
5.671801809348067763e+03
5.673994323002073543e+03
5.676186972792044799e+03
5.678189889722005319e+03
5.679419496781536509e+03
5.681611951415443400e+03
5.683804272646332720e+03
5.685133218291329285e+03
5.687149442166000881e+03
5.689341728580573545e+03
5.691534189856846751e+03
5.693726215183301065e+03
5.695918641639485941e+03
5.698110555349698188e+03
5.700302389759927792e+03
5.702222724122420914e+03
5.703456372418863793e+03
5.704690303308261718e+03
5.705924048665576265e+03
5.706764137914985440e+03
5.707858597306692900e+03
5.709091990629349311e+03
5.710325452579008015e+03
5.711559248593677694e+03
5.712792517949845205e+03
5.714025491660156149e+03
5.715258593086540714e+03
5.716491680381783226e+03
5.717724684704282481e+03
5.718957634818618317e+03
5.720190196797677345e+03
5.721423536223902374e+03
5.722656209419777042e+03
5.723888936853657469e+03
5.725121319242002755e+03
5.726353708000930965e+03
5.727586262966993672e+03
5.728818785014134846e+03
5.730051132859937752e+03
5.731283205917401574e+03
5.732515113708637728e+03
5.733747142804864779e+03
5.734978852149577506e+03
5.736211255759718370e+03
5.737442932005995317e+03
5.738491170162755225e+03
5.739206281826447594e+03
5.740437753494289609e+03
5.741669186078741404e+03
5.742900847700426311e+03
5.744132533193223026e+03
5.745363852334555304e+03
5.746594930687126180e+03
5.747825735203339718e+03
5.749057447138061434e+03
5.749895739951250107e+03
5.750988852662627323e+03
5.752220212879817154e+03
5.753450998498263289e+03
5.754681604713199704e+03
5.755912300924424017e+03
5.757143225549505587e+03
5.758373948129839846e+03
5.759603939264521614e+03
5.760834860740885233e+03
5.762065150484351761e+03
5.763295722899551947e+03
5.764525849896636828e+03
5.765756230309430975e+03
5.766986465590270200e+03
5.768216416273664436e+03
5.769446664779585262e+03
5.770676317696842489e+03
5.771906086217200027e+03
5.773136189001197636e+03
5.774365895622107018e+03
5.775595674559549479e+03
5.776825188700644503e+03
5.778054621108675747e+03
5.779284607477663485e+03
5.780513659081980222e+03
5.781742713738716702e+03
5.782971998836694183e+03
5.784201581149656704e+03
5.785247279994904602e+03
5.785957657017758720e+03
5.787187043130662460e+03
5.788415722371053562e+03
5.789644628924776953e+03
5.790873141571388260e+03
5.792101682203608107e+03
5.793330451243286007e+03
5.794558737531826409e+03
5.795787813997324520e+03
5.797015818764410142e+03
5.797855862404635445e+03
5.798946351200631398e+03
5.800174280022204584e+03
5.801402918942016186e+03
5.802631015534178914e+03
5.803859045862523999e+03
5.805087031979543099e+03
5.806314867922195845e+03
5.807542851156495090e+03
5.808770757188620337e+03
5.809998352335911477e+03
5.811226002878907821e+03
5.812453481850544449e+03
5.813681101062965354e+03
5.814908923240000149e+03
5.816136712792377693e+03
5.817364364979599486e+03
5.818591382571811664e+03
5.819819133033366597e+03
5.821046229091142777e+03
5.822274139729565832e+03
5.823501520859449556e+03
5.824728281896675071e+03
5.825954184702259226e+03
5.827180814716813984e+03
5.828405967604712714e+03
5.829631616887430027e+03
5.830857948714241502e+03
5.832083900736981377e+03
5.833311187770439574e+03
5.834538040943259148e+03
5.835579128371713523e+03
5.836288396528321755e+03
5.837515120350152756e+03
5.838741620810304994e+03
5.839967390671225985e+03
5.841193468746266262e+03
5.842419207707131136e+03
5.843645585387735991e+03
5.844871518578902396e+03
5.846097346662189921e+03
5.847322992160400645e+03
5.848548616050196870e+03
5.849388032124422352e+03
5.850476492593035800e+03
5.851702010805553073e+03
5.852927520977256791e+03
5.854152847635417857e+03
5.855378202048781532e+03
5.856603247480261416e+03
5.857827446774695090e+03
5.859052085552449171e+03
5.860276947634470162e+03
5.861501502595732745e+03
5.862726469992875536e+03
5.863951685748177624e+03
5.865176655027699780e+03
5.866401172290054092e+03
5.867626723016421238e+03
5.868851152907223877e+03
5.870075433966448145e+03
5.871299881018747328e+03
5.872523257656147507e+03
5.873747545469025681e+03
5.874972085842456181e+03
5.876195969606982544e+03
5.877421058920464930e+03
5.878644929418759602e+03
5.879868581520505359e+03
5.881092759675423622e+03
5.882316400564760443e+03
5.883540283610589540e+03
5.884764310714149360e+03
5.885988093381578437e+03
5.887210925933537510e+03
5.888435058657707486e+03
5.889659024078076072e+03
5.890700329761058128e+03
5.891407667711468093e+03
5.892630690335936379e+03
5.893853894939864404e+03
5.895077108516872613e+03
5.896300134872985836e+03
5.897523682498987000e+03
5.898746906483205748e+03
5.899969981310930962e+03
5.901192769223792311e+03
5.902415899487558818e+03
5.903638736933243308e+03
5.904861541733613194e+03
5.905697520272319707e+03
5.906782972620766486e+03
5.908005672217993379e+03
5.909228388573756092e+03
5.910450917667613794e+03
5.911673427823494421e+03
5.912895798021998417e+03
5.914118201561810565e+03
5.915339696098033528e+03
5.916561997661191526e+03
5.917783718064449204e+03
5.919006007021212099e+03
5.920228713787613742e+03
5.921449893470844472e+03
5.922671270803470179e+03
5.923891887586496523e+03
5.925114203338199331e+03
5.926334568385351304e+03
5.927556725735190412e+03
5.928778176602731946e+03
5.930000180532236300e+03
5.931222327717837288e+03
5.932444060379455550e+03
5.933666019273458005e+03
5.934888678303758752e+03
5.936109341960488564e+03
5.937330958056131749e+03
5.938552644665188382e+03
5.939772629858113760e+03
5.940993046910627527e+03
5.942213967295537259e+03
5.943434848423553376e+03
5.944655688983653818e+03
5.945876426330103641e+03
5.947097196105602961e+03
5.948317850431923944e+03
5.949538453774855952e+03
5.950758914923896555e+03
5.951979182231923005e+03
5.953200021623894827e+03
5.954237012232239067e+03
5.954942903817011938e+03
5.956164076145317267e+03
5.957383722446448701e+03
5.958603890472771127e+03
5.959823893391371712e+03
5.961043869135934983e+03
5.962263889824862417e+03
5.963483790936092191e+03
5.964703541500843130e+03
5.965923709429973314e+03
5.967142883106548652e+03
5.968362200591654982e+03
5.969582091863975620e+03
5.970415904592762672e+03
5.971498487449050117e+03
5.972718738809212482e+03
5.973937870007102902e+03
5.975157225302701590e+03
5.976376938684235029e+03
5.977595869755272361e+03
5.978815033053072511e+03
5.980034143829868299e+03
5.981253190189587258e+03
5.982472250416429233e+03
5.983691184129725116e+03
5.984910187812817639e+03
5.986128986044894191e+03
5.987348208189929210e+03
5.988566699902104119e+03
5.989785300756335346e+03
5.991004031416613543e+03
5.992222445459065966e+03
5.993441074366557586e+03
5.994659540223653494e+03
5.995878356651877766e+03
5.997096500135564384e+03
5.998314819421756511e+03
5.999532523414958632e+03
6.000751323749981566e+03
6.001969411140301418e+03
6.003187620638583212e+03
6.004405901573724805e+03
6.005623309355632045e+03
6.006841466898486033e+03
6.008059301664422492e+03
6.009277235149955231e+03
6.010494841201662894e+03
6.011712416078682509e+03
6.012930083537757127e+03
6.014147626047367339e+03
6.015365714869224576e+03
6.016582745415517820e+03
6.017800536148236461e+03
6.019017937395443369e+03
6.020235064784416863e+03
6.021451907060362828e+03
6.022669812376425398e+03
6.023887012394012345e+03
6.025104026077478920e+03
6.026138429287623694e+03
6.026841987364385204e+03
6.028059108323333930e+03
6.029276284321198546e+03
6.030493126532215683e+03
6.031709873558911568e+03
6.032925958443026502e+03
6.034142075391334402e+03
6.035358784592835946e+03
6.036575155641823585e+03
6.037792194734309305e+03
6.039008313676606122e+03
6.040226057536251574e+03
6.041442785246833409e+03
6.042659581413072374e+03
6.043876491664439527e+03
6.045092573203066422e+03
6.045924219222685679e+03
6.047002772582464786e+03
6.048218023157825883e+03
6.049573542101304156e+03
6.050643760811711218e+03
6.053080155643802755e+03
6.054297712475129629e+03
6.055514671230601380e+03
6.056730224033534796e+03
6.057946111889867097e+03
6.059161883298343128e+03
6.060377347245672354e+03
6.061592722335949475e+03
6.062807897722955204e+03
6.064023896623475594e+03
6.065239261481317044e+03
6.066454404258786781e+03
6.067669765270589778e+03
6.068885122861911441e+03
6.070100135330229932e+03
6.071314758618636915e+03
6.072530465621851363e+03
6.073745282650595982e+03
6.074960608632346521e+03
6.076175488470126766e+03
6.077390298215945222e+03
6.078605151154923078e+03
6.079820025715961492e+03
6.081034616360445398e+03
6.082249244863802232e+03
6.083463817379648390e+03
6.084678578242796902e+03
6.085893086731352923e+03
6.087107711649839075e+03
6.088321987178913332e+03
6.089536595922907509e+03
6.090750995905577838e+03
6.091965158848569445e+03
6.093179615109255792e+03
6.094393357607629696e+03
6.095608530707731916e+03
6.096822943156541442e+03
6.098038381029455195e+03
6.099251845912786848e+03
6.100465866013593768e+03
6.101676817634145664e+03
6.102889240117125155e+03
6.104101465804752479e+03
6.105315186618207917e+03
6.106530987138967248e+03
6.107745511191097648e+03
6.108960345098023936e+03
6.110174104302839623e+03
6.111387256039045496e+03
6.112419763239964595e+03
6.113121430822060574e+03
6.114335906688188516e+03
6.115548926618548649e+03
6.116762046924867718e+03
6.117974997120511034e+03
6.119189093624477209e+03
6.120402819801993246e+03
6.121614725873757379e+03
6.122825334372104408e+03
6.124036907796676132e+03
6.124866987318704560e+03
6.126462767444240853e+03
6.127671067193948147e+03
6.128884678072226961e+03
6.130097721313736656e+03
6.131310531127562172e+03
6.132522890714045388e+03
6.133737010968062350e+03
6.134949862794798719e+03
6.136162710197231718e+03
6.137375449948741334e+03
6.138587443050203547e+03
6.139419687395965411e+03
6.140493126598077652e+03
6.141705591110776368e+03
6.142918024507086557e+03
6.144130290288521792e+03
6.145342080683670247e+03
6.146555493449073765e+03
6.147768062339145217e+03
6.148979800041519411e+03
6.150191903023412124e+03
6.151403067326822566e+03
6.152615137171583228e+03
6.153826650575548229e+03
6.155038677614000335e+03
6.156249283383897819e+03
6.157462337268515512e+03
6.158674824066037218e+03
6.159885749875582405e+03
6.161098735895609934e+03
6.162310462397590527e+03
6.163522918333636881e+03
6.164734684934460347e+03
6.165945815590821439e+03
6.167157342223748856e+03
6.168368846158314227e+03
6.169580122401801418e+03
6.170791213584079742e+03
6.172001823896639507e+03
6.173212947680788602e+03
6.174423861803562431e+03
6.175634996693929679e+03
6.176846395797890182e+03
6.178060256865338488e+03
6.179270272270146052e+03
6.184105198199703409e+03
6.185317432404046485e+03
6.186528007463967697e+03
6.187740530043213766e+03
6.188951614433759460e+03
6.190162413631313029e+03
6.191372762747658271e+03
6.192583007969411483e+03
6.193793679788905138e+03
6.195003838084419840e+03
6.196214455448365698e+03
6.197424394640838727e+03
6.198634832704474320e+03
6.199844704567895860e+03
6.201054813434836433e+03
6.202265042828707010e+03
6.203475037651553976e+03
6.204685055393653784e+03
6.205895041653346198e+03
6.207104988439756198e+03
6.208314470671645722e+03
6.209524013630780246e+03
6.210734165637813931e+03
6.211943993128641523e+03
6.213153709519778204e+03
6.214363375501526207e+03
6.215572913883758702e+03
6.216782353310738472e+03
6.217991743540345851e+03
6.219201341037237398e+03
6.220410805692954455e+03
6.221620259590478781e+03
6.222829421669964177e+03
6.224038650745168525e+03
6.225247896618468076e+03
6.226276913076403616e+03
6.226979361114986204e+03
6.228188588337592591e+03
6.229397853622248476e+03
6.230607470015577746e+03
6.231815853812448950e+03
6.233024408317358393e+03
6.234234198320289579e+03
6.235442923377425359e+03
6.236651700341179094e+03
6.237860585578246173e+03
6.239069422661837052e+03
6.240278122728692324e+03
6.241486933098534791e+03
6.242695659185706972e+03
6.243904250680771838e+03
6.245112851395891994e+03
6.246321466876954219e+03
6.247529854614754186e+03
6.248738237149900669e+03
6.249947190293622953e+03
6.251155210664979677e+03
6.252363932520702292e+03
6.253572034170180814e+03
6.254779935343976831e+03
6.255987983700114455e+03
6.257196346071728840e+03
6.258404306535452633e+03
6.259612872588264509e+03
6.260820858252464859e+03
6.262028825420040448e+03
6.262851738953962013e+03
6.263922519752981316e+03
6.265129786590251570e+03
6.266337990388853541e+03
6.267545781064770381e+03
6.268753837416029455e+03
6.269962054866413382e+03
6.271169312336418443e+03
6.272376887033573439e+03
6.273584081453571343e+03
6.274791704236179612e+03
6.275999868413749937e+03
6.277207353686413626e+03
6.278414502653628915e+03
6.279622168079796211e+03
6.280829913093821233e+03
6.282036861797055280e+03
6.283244336460675186e+03
6.284451675215635987e+03
6.285658981834846600e+03
6.286866174237862651e+03
6.288073487475648108e+03
6.289280745908602512e+03
6.290487700920897623e+03
6.291694765669319168e+03
6.292901686942564993e+03
6.294108580307586635e+03
6.295315611917001661e+03
6.296522537459120940e+03
6.297729162006348815e+03
6.298935821979167486e+03
6.300142428999684853e+03
6.301349233799326612e+03
6.302556166133156694e+03
6.303762859293261499e+03
6.304969902711146460e+03
6.306175714475483801e+03
6.307382644567484931e+03
6.308589245704783934e+03
6.309796008575837732e+03
6.311002099461806210e+03
6.312208558142085167e+03
6.313414606581186490e+03
6.314621253181505381e+03
6.315827298268648519e+03
6.317033897857082593e+03
6.318240333241693406e+03
6.319446366018433764e+03
6.320652478532578243e+03
6.321858847725018677e+03
6.323064725907133834e+03
6.324270645364496886e+03
6.325476712093369315e+03
6.326682915710427551e+03
6.327888746232401900e+03
6.329094097658891769e+03
6.330300650731600399e+03
6.331506669448483080e+03
6.332712698536478456e+03
6.333918888807577787e+03
6.335124882396172325e+03
6.336330544732753879e+03
6.337536759417538633e+03
6.338742914383949937e+03
6.339947125822787712e+03
6.341152284557510939e+03
6.342357543149587400e+03
6.343561340376224507e+03
6.344766544770732253e+03
6.345971451888365664e+03
6.347177326805045595e+03
6.348383107823769933e+03
6.349588838372405917e+03
6.350794356584633533e+03
6.352000018392305719e+03
6.353205456543314540e+03
6.354410865084556463e+03
6.355618140649040470e+03
6.356825292182189514e+03
6.358027850967963786e+03
6.359231292235943329e+03
6.360436462227210541e+03
6.361639114889354460e+03
6.362842694887896869e+03
6.364050542074680379e+03
6.365255798718760161e+03
6.366460763011534254e+03
6.367666477434657281e+03
6.368870817628436271e+03
6.370076522619710886e+03
6.371281446302376935e+03
6.372485884815466306e+03
6.373691353651766804e+03
6.374894582709028327e+03
6.376098750265775379e+03
6.377303196699781438e+03
6.378506701873332531e+03
6.379710780561827050e+03
6.380915314473548278e+03
6.382119717906564802e+03
6.383323246273741461e+03
6.384528513682191260e+03
6.385731815319541965e+03
6.386936553023608212e+03
6.388141107127744363e+03
6.389344549043576990e+03
6.390548401207522147e+03
6.391753229986062252e+03
6.392956876592971639e+03
6.394160916726329560e+03
6.395365335721355223e+03
6.396568989759613942e+03
6.397773071128472111e+03
6.398977034387788990e+03
6.400180649902791629e+03
6.401384075329936422e+03
6.402588359359477181e+03
6.403792068926089087e+03
6.404995582743486011e+03
6.406199572424447979e+03
6.407403079357036404e+03
6.408606785430035416e+03
6.409810310506518363e+03
6.411013435849988127e+03
6.412037893344330769e+03
6.412739120788377477e+03
6.413942452828498972e+03
6.415145525755755443e+03
6.416349366985228698e+03
6.417552669892511403e+03
6.418756126662005954e+03
6.419959332560758412e+03
6.421162482071910745e+03
6.422365703364434921e+03
6.423569394306355207e+03
6.424772124804515443e+03
6.425975373213068451e+03
6.427178284586610971e+03
6.428381260840118557e+03
6.429584913910367504e+03
6.430788030203350900e+03
6.431990942078968146e+03
6.433193884383937984e+03
6.434396451003653965e+03
6.435599923619350193e+03
6.436803127093614421e+03
6.438005885599588510e+03
6.439209185352259738e+03
6.440411776723458388e+03
6.441614324683272571e+03
6.442817233173387649e+03
6.444020438820360141e+03
6.445223237900234381e+03
6.446425821979056309e+03
6.447629057375697812e+03
6.448831519773094442e+03
6.450033362245157150e+03
6.451237033441103449e+03
6.452440747525405641e+03
6.453644196830511646e+03
6.454845923767335989e+03
6.456047658466408393e+03
6.457247878037148439e+03
6.458450115831191397e+03
6.459653165332721073e+03
6.460856241049727942e+03
6.462058301413650952e+03
6.463261288435734969e+03
6.464464065517699055e+03
6.465666172869293405e+03
6.466866647874061528e+03
6.468068514470484843e+03
6.469271063098097329e+03
6.470471624307204365e+03
6.471673568081633675e+03
6.472874583102225188e+03
6.474077494566273344e+03
6.475279411745517791e+03
6.476480875811794249e+03
6.477682344276418007e+03
6.478885881318523388e+03
6.480088926377979988e+03
6.481291547014937350e+03
6.482493329819547398e+03
6.483694136927087129e+03
6.484894273782784694e+03
6.486096522599477794e+03
6.487297948664044270e+03
6.488499780143266435e+03
6.489701632547486952e+03
6.490903053272022589e+03
6.492104542429026878e+03
6.493306179164716923e+03
6.494507494706756916e+03
6.495708746593271826e+03
6.496910526929310436e+03
6.498112480182670879e+03
6.499313537749972056e+03
6.500515013128882856e+03
6.501716384705704513e+03
6.502918161797449102e+03
6.504118820163584132e+03
6.505320236603663034e+03
6.506520972359145162e+03
6.507722571990324468e+03
6.508923706607165514e+03
6.509740351803424346e+03
6.510804183871659006e+03
6.512005364183352867e+03
6.513206967802680992e+03
6.514408438836145251e+03
6.515608409870887044e+03
6.516809476403962435e+03
6.518010465023164215e+03
6.519211189487177762e+03
6.520411992837303842e+03
6.521612887826464430e+03
6.522813836667111900e+03
6.524014936027208023e+03
6.525215462420344011e+03
6.526416230009769606e+03
6.527617047015373828e+03
6.528817965050220664e+03
6.530018494311124414e+03
6.531220118261641801e+03
6.532419798201059166e+03
6.533620503996605294e+03
6.534821075585552535e+03
6.536021779525091915e+03
6.537221770728686352e+03
6.538422839975849456e+03
6.539622909197978515e+03
6.540823404940591900e+03
6.542023411572095029e+03
6.543224088737743841e+03
6.544424022929359126e+03
6.545624869003633648e+03
6.546825179617165304e+03
6.548025731710175933e+03
6.549225942892534476e+03
6.550426112740475219e+03
6.551626101672854929e+03
6.552824289060036790e+03
6.554022327597466756e+03
6.555226157077748212e+03
6.556425724924330098e+03
6.557626652998456848e+03
6.558826354132426786e+03
6.560026966051070303e+03
6.561227021228605736e+03
6.562426980558094328e+03
6.563627027292016464e+03
6.564826792959719569e+03
6.566026847460373574e+03
6.567226446124302129e+03
6.568426835347302585e+03
6.569626419058336978e+03
6.570826384487899304e+03
6.572026159486003053e+03
6.573225553520644098e+03
6.574425598748672201e+03
6.575625119836791782e+03
6.576824043620555130e+03
6.578023897327848317e+03
6.579223926263846806e+03
6.580423186378614446e+03
6.581622293279200676e+03
6.582822004723308964e+03
6.584021326721064725e+03
6.585220194349587473e+03
6.586420431512107825e+03
6.587620700894941365e+03
6.588819784512437764e+03
6.590019417223138589e+03
6.591219209385105387e+03
6.592418690086195966e+03
6.593618214107735184e+03
6.594818430271685429e+03
6.596018416999384499e+03
6.597222207863567746e+03
6.598422343370256385e+03
6.599619624136059429e+03
6.600817152918614738e+03
6.602014479951245448e+03
6.603210387456457283e+03
6.604412160047118050e+03
6.605610623828144526e+03
6.606809706712536354e+03
6.608008952163225331e+03
6.609208058662331496e+03
6.610406987861613743e+03
6.611606045102591452e+03
6.612805385708709764e+03
6.614003980799935562e+03
6.615202106291942073e+03
6.616402209060383029e+03
6.617600541393068852e+03
6.618800061860584719e+03
6.619999434868245771e+03
6.621197580721185659e+03
6.622396489782475328e+03
6.623595230807967710e+03
6.624794231443994249e+03
6.625993038286213050e+03
6.683509086856922295e+03
6.684706332082836525e+03
6.685904333536493141e+03
6.687101982547144871e+03
6.688299604104672653e+03
6.689497211389490985e+03
6.690695659012963915e+03
6.691892734694431056e+03
6.693090623914647040e+03
6.694287846601872843e+03
6.695485311163334700e+03
6.696683026189954035e+03
6.697880427755616438e+03
6.699077966933994503e+03
6.700275507514525088e+03
6.701473326124637424e+03
6.702670729566466434e+03
6.703867716935222234e+03
6.705065487842072798e+03
6.706263233619327366e+03
6.707459992997086374e+03
6.708657665240909409e+03
6.709855366180577221e+03
6.711052244380085540e+03
6.712249718736678915e+03
6.713446817162208390e+03
6.714644008305299394e+03
6.715841602177532877e+03
6.717038474627313008e+03
6.718235632016036107e+03
6.719433258438476514e+03
6.720630378265193940e+03
6.721827216575687089e+03
6.723024765779764493e+03
6.724222016543447353e+03
6.725418596112412160e+03
6.726616146009355361e+03
6.727813322708107989e+03
6.729009717906591504e+03
6.730207131698083685e+03
6.731404144336407626e+03
6.732600898633464567e+03
6.733797873906425593e+03
6.734994971675986562e+03
6.736191738438905304e+03
6.737389050472902454e+03
6.738586083344945109e+03
6.739782915488201070e+03
6.740980593217929709e+03
6.742176899251616305e+03
6.743374050313726912e+03
6.744571098873072515e+03
6.745766619259311483e+03
6.746963824982697588e+03
6.748160680580976987e+03
6.749358223507354523e+03
6.750554522821917999e+03
6.751750300702187815e+03
6.752948023319433560e+03
6.754144545713596017e+03
6.755341677444511333e+03
6.756538125468275211e+03
6.757735036910937197e+03
6.758932553271346478e+03
6.760130189640937715e+03
6.761327515425239653e+03
6.762524529754260584e+03
6.763720070670990935e+03
6.764914076974774616e+03
6.766105013662643614e+03
6.767302025720008714e+03
6.768499456710838786e+03
6.769697479626735912e+03
6.770894677583236444e+03
6.772092649386562698e+03
6.773289308394280852e+03
6.774485546734589661e+03
6.775683205202679346e+03
6.776877717508354181e+03
6.778074981443995057e+03
6.779271122932262188e+03
6.780467333264733497e+03
6.781663864802767421e+03
6.782860235910140545e+03
6.784056565775525087e+03
6.785563751127339856e+03
6.786973601868402511e+03
6.788170100531576281e+03
6.789366502067884539e+03
6.790561791245339009e+03
6.791757940219714328e+03
6.792954233141369514e+03
6.794151209940440822e+03
6.795346937261375388e+03
6.796544634906559622e+03
6.797739926882408326e+03
6.798935572335598408e+03
6.800131530824549372e+03
6.801327570836927407e+03
6.802523100132332729e+03
6.803719382513520941e+03
6.804914289536970500e+03
6.806110835608601519e+03
6.807307688664214766e+03
6.808502769367752990e+03
6.809698010559018257e+03
6.810892107756618316e+03
6.812089318301602361e+03
6.813286173609416437e+03
6.814480734281753030e+03
6.815676203529264967e+03
6.816873369947145875e+03
6.818071727261717569e+03
6.819268951669077069e+03
6.820464453742839396e+03
6.821660519199892406e+03
6.822857697210674814e+03
6.824053353969735326e+03
6.825248935737068678e+03
6.826445086062408336e+03
6.827640350914079136e+03
6.828835798338907807e+03
6.830031397193755765e+03
6.831226755353305634e+03
6.832422587311320967e+03
6.833618526475290309e+03
6.834813487080052255e+03
6.836009272515945668e+03
6.837204807617010374e+03
6.838400831766800366e+03
6.839596156059294117e+03
6.840791619541003456e+03
6.841987398335716534e+03
6.843183346330327367e+03
6.844378907758827154e+03
6.845574376244965606e+03
6.846769488707961500e+03
6.847964094474734338e+03
6.849161286194275817e+03
6.850355904360357272e+03
6.851550707083639281e+03
6.852747669551552463e+03
6.853943350948560692e+03
6.855138004649106733e+03
6.856333232887964186e+03
6.857528552017411130e+03
6.858723893420272361e+03
6.859920198722509667e+03
6.861115456732442908e+03
6.862310797554643614e+03
6.863506686612180602e+03
6.864701711392049219e+03
6.865897083460008616e+03
6.867092101310994622e+03
6.868287663020938453e+03
6.869482954786692972e+03
6.870677970959245613e+03
6.871873445080163947e+03
6.873068573269355511e+03
6.874263768870099739e+03
6.875459276463235256e+03
6.876654415451590467e+03
6.877849605376628460e+03
6.879044927292959073e+03
6.880239671955270751e+03
6.881434416919084470e+03
6.882628697704865772e+03
6.883824091667989705e+03
6.885019380170033401e+03
6.886214644293858328e+03
6.887410654144443470e+03
6.888606139502653605e+03
6.889801101584199387e+03
6.890995704608273627e+03
6.892191723438414556e+03
6.893386424723736127e+03
6.894581080240307529e+03
6.895775731166473633e+03
6.896971615554199161e+03
6.898166448390889855e+03
6.899361388674046793e+03
6.900556552625196673e+03
6.901751766023272467e+03
6.902946747618650079e+03
6.904141223906831328e+03
6.905336557759735115e+03
6.906530549155099834e+03
6.907725237413426839e+03
6.908919827444831753e+03
6.910114772646695201e+03
6.911309064088963169e+03
6.912505109797210935e+03
6.913990045901124176e+03
6.915564317866250349e+03
6.916759831581850449e+03
6.917954548586169039e+03
6.919149588311614934e+03
6.920343810166366893e+03
6.921539302455672441e+03
6.922733816866570123e+03
6.923929224811859967e+03
6.925124043382485070e+03
6.926318751705321120e+03
6.927513689863344553e+03
6.928708308697964640e+03
6.929902639291660307e+03
6.931097891418517975e+03
6.932292114134433177e+03
6.933486706892618713e+03
6.934681854987096813e+03
6.935876687737101747e+03
6.937071586088975891e+03
6.938266240817957623e+03
6.939461077440520967e+03
6.940655563999816877e+03
6.941849654068083510e+03
6.943044805114380324e+03
6.944239738355070585e+03
6.945434059278861241e+03
6.946628838269416519e+03
6.947823565660456552e+03
6.949018140971659705e+03
6.950212934760996177e+03
6.951407274659209179e+03
6.952601484462574263e+03
6.953796312028891407e+03
6.954991109034387591e+03
6.956184687983564800e+03
6.957381394109984285e+03
6.958577008110937641e+03
6.959772329935378366e+03
6.960966716740636002e+03
6.962160673969012350e+03
6.963355979261698849e+03
6.964550348538460639e+03
6.965744071253564471e+03
6.966936190361230729e+03
6.968132970107309120e+03
6.969326698679440597e+03
6.970521814847274982e+03
6.971716328954268647e+03
6.972910382968671001e+03
6.974105667473913854e+03
6.975299942033737352e+03
6.976494037009358181e+03
6.977688408996295038e+03
6.978882544797646915e+03
6.980076193687135856e+03
6.981270821012884880e+03
6.982465885860018716e+03
6.983659221865105792e+03
6.984852518643807343e+03
6.986050420253369339e+03
6.987242369806387615e+03
6.988438876852078465e+03
6.989631954333169233e+03
6.990826730343659619e+03
6.992019288887183393e+03
6.993211339672825488e+03
6.994408747973076970e+03
6.995602770723449794e+03
6.996797140464796030e+03
6.997989489310053614e+03
6.999182918694550608e+03
7.000377408401312096e+03
7.001572190765095002e+03
7.002766429336285000e+03
7.003960539219894599e+03
7.005154514395992010e+03
7.006348109895173366e+03
7.007542864717580414e+03
7.008737808164109083e+03
7.009931687129842430e+03
7.011125429963608440e+03
7.012319530673913505e+03
7.013513760053813712e+03
7.014707491267102341e+03
7.015901190107044386e+03
7.017096570565351612e+03
7.018290800399252475e+03
7.019483397306388724e+03
7.020679277471639580e+03
7.021872247039245849e+03
7.023066566204639457e+03
7.024261008893083272e+03
7.025454454752115453e+03
7.026649166344493096e+03
7.027842861855252522e+03
7.029036418078067982e+03
7.030230394305013760e+03
7.031424069771446739e+03
7.032619892090566282e+03
7.033813383897618223e+03
7.035006883789797030e+03
7.036200553124200269e+03
7.037395112303951464e+03
7.038589348081759454e+03
7.039783259868444475e+03
7.040977058576073432e+03
7.042171929944935073e+03
7.043365850784502072e+03
7.044558416832715011e+03
7.045752879428218876e+03
7.046947154435225457e+03
7.048141157496225787e+03
7.049335183402342409e+03
7.050529780259399558e+03
7.051723509748841934e+03
7.052917092049189705e+03
7.054110889364388640e+03
7.055305523384797198e+03
7.056499968380508108e+03
7.057693139975301165e+03
7.058887453092291253e+03
7.060081287267823427e+03
7.061274555764052820e+03
7.062468041136743523e+03
7.063661825353372478e+03
7.064856193012787116e+03
7.066049924588127396e+03
7.067244214735373134e+03
7.068437835699637617e+03
7.069631578711859220e+03
7.070825406778071738e+03
7.072019468900683933e+03
7.073213379757159601e+03
7.074406079235967809e+03
7.075600812248058901e+03
7.076794773000472560e+03
7.077988643857845091e+03
7.079181893770093666e+03
7.080375869965224410e+03
7.081570000008327952e+03
7.082762104483094845e+03
7.083956782526171082e+03
7.085151182156580035e+03
7.086344688092849537e+03
7.087538242733968218e+03
7.088732353431881165e+03
7.089926182491292820e+03
7.091120163195806526e+03
7.092314403814122670e+03
7.093508324423568411e+03
7.094701122406806462e+03
7.095894530391064109e+03
7.097088484173033066e+03
7.098281975616378986e+03
7.099475926379287557e+03
7.100671780562497588e+03
7.101865696942076283e+03
7.103060897040052623e+03
7.104253029118761333e+03
7.105445558317541327e+03
7.106638905026059547e+03
7.107833601220891069e+03
7.109025352409018524e+03
7.110219128922068194e+03
7.111412815570869498e+03
7.112606407572209719e+03
7.113798989249550687e+03
7.114994277456890813e+03
7.116186413868824275e+03
7.117381514437690385e+03
7.118576191264341105e+03
7.119770117285898777e+03
7.120964870466847060e+03
7.122155831519582534e+03
7.123349130781236454e+03
7.124543114064756992e+03
7.125736191284394408e+03
7.126930167024480397e+03
7.128123057596982107e+03
7.129316561890338562e+03
7.130510505237622056e+03
7.131705574938365316e+03
7.132898428467259691e+03
7.134091364268440884e+03
7.135285246389657004e+03
7.136478648807738864e+03
7.137672776253437405e+03
7.138866368401189902e+03
7.140059663986984560e+03
7.141253416930841013e+03
7.142447264051923412e+03
7.143640995210168512e+03
7.144833579513957375e+03
7.146027754752232795e+03
7.147221600346662854e+03
7.148414212591316755e+03
7.149608466240457346e+03
7.150801951069870483e+03
7.151994756867141405e+03
7.153188892603738168e+03
7.154689856499787311e+03
7.156094933438404951e+03
7.157288197224578653e+03
7.158482148888476331e+03
7.159676516017788344e+03
7.160869612243551273e+03
7.162063020509933267e+03
7.163256988722400820e+03
7.164449763934087059e+03
7.165643311295124477e+03
7.166837069886817517e+03
7.168031092795362383e+03
7.169223821956927168e+03
7.170417629911524273e+03
7.171611552954513172e+03
7.172804802757834295e+03
7.173997669871396283e+03
7.175191585777143700e+03
7.176384480414973950e+03
7.177577707868612379e+03
7.178772864908883093e+03
7.179965643729256954e+03
7.181159115722491151e+03
7.182352053757541398e+03
7.183546193141482945e+03
7.184740340844921775e+03
7.185933381249836202e+03
7.187127021972309194e+03
7.188319738334250360e+03
7.189512803489499674e+03
7.190707090021057411e+03
7.191900835038282821e+03
7.193093725653304318e+03
7.194287128204822693e+03
7.195481045390602958e+03
7.196674419475338254e+03
7.197867614659386163e+03
7.199060963105520386e+03
7.200254672296485296e+03
7.201448368498648961e+03
7.202642019669817273e+03
7.203836076706184031e+03
7.205029373214836596e+03
7.206222282990904205e+03
7.207415770946684461e+03
7.208607749860144395e+03
7.209801924742011579e+03
7.210995571438899788e+03
7.212188263774653024e+03
7.213381655288829279e+03
7.214576426020403233e+03
7.215769052599710449e+03
7.216961144228516787e+03
7.218154686639987631e+03
7.219349963703725734e+03
7.220543550521174438e+03
7.221735563234654364e+03
7.222930264582231757e+03
7.224123396841971044e+03
7.225317392151716376e+03
7.226510579079078525e+03
7.227704316150826344e+03
7.228897159910579830e+03
7.230382774007537591e+03
7.231956667319594999e+03
7.233149815428118927e+03
7.234342630288764667e+03
7.235536746937819771e+03
7.236730415575797451e+03
7.237923339702668272e+03
7.239117079913199632e+03
7.240310639774706942e+03
7.241504147842058956e+03
7.242697506583299401e+03
7.243890892712279310e+03
7.245084407954272137e+03
7.246277722042975256e+03
7.247471174001667350e+03
7.248664702737428343e+03
7.249858266491456561e+03
7.251051397088659542e+03
7.252244748283990702e+03
7.253438270833907154e+03
7.254631506131791866e+03
7.255825297493155631e+03
7.257018446132937243e+03
7.258211974386947986e+03
7.259405863847345245e+03
7.260600116200392222e+03
7.261794345650865580e+03
7.262988167078734477e+03
7.264181315889140933e+03
7.265374327844559048e+03
7.266565172597118362e+03
7.267756323008420623e+03
7.268949970321490582e+03
7.270143286664509105e+03
7.271336521347492635e+03
7.272531332231640590e+03
7.273724818760484595e+03
7.274918342405448129e+03
7.276111662128019816e+03
7.277303927309777464e+03
7.278497406866840720e+03
7.279690809502228149e+03
7.280884288407938584e+03
7.282078244187624477e+03
7.283271686052851692e+03
7.284464554263603532e+03
7.285658386105462341e+03
7.286852223835395307e+03
7.288045745656182589e+03
7.289239228674523474e+03
7.290433316969591033e+03
7.291625515293771969e+03
7.292819565950579999e+03
7.294011860763465847e+03
7.295207177580027746e+03
7.296399407400655946e+03
7.297593144204494820e+03
7.298786382318088727e+03
7.299980154825267164e+03
7.301172815123523833e+03
7.302365961164622604e+03
7.303559717127845033e+03
7.304752882910627704e+03
7.305946834678326013e+03
7.307140522282995335e+03
7.308333650497016606e+03
7.309526891046556557e+03
7.310720128003692480e+03
7.311912636949529769e+03
7.313106573404304982e+03
7.314300923179878737e+03
7.315494460532664561e+03
7.316687926958662501e+03
7.317881408835078219e+03
7.319074932697059012e+03
7.320268398929900286e+03
7.321461918223375505e+03
7.322655362062616405e+03
7.323848604392794186e+03
7.325041930158742616e+03
7.326234384712309293e+03
7.327428510639711931e+03
7.328621857718312640e+03
7.329815328065300491e+03
7.331008853884280143e+03
7.332202515168544778e+03
7.333395908016023895e+03
7.334588377883250359e+03
7.335782921126585279e+03
7.336975416933544693e+03
7.338169436795687034e+03
7.339363118141534869e+03
7.340556524661380536e+03
7.341749898267737080e+03
7.342943543069206498e+03
7.344137183560612357e+03
7.345330558884509628e+03
7.346523986770668671e+03
7.347717280064558508e+03
7.348910969439745713e+03
7.350104081079355637e+03
7.351297645848531829e+03
7.352490863114117019e+03
7.353684194898964961e+03
7.354877237953336589e+03
7.356070762681447377e+03
7.357264570973227819e+03
7.358458315899686568e+03
7.359651762191173475e+03
7.360845386887779568e+03
7.362038956858841630e+03
7.363232344443232250e+03
7.364425588480793522e+03
7.365618552258633827e+03
7.366812324182641532e+03
7.368006073371689126e+03
7.369199612343040826e+03
7.370393054099527944e+03
7.371586528551388255e+03
7.372780202099117560e+03
7.373973701434410032e+03
7.375167203748126667e+03
7.376360366102532680e+03
7.377553734176357466e+03
7.378747344069462088e+03
7.379940049664420258e+03
7.381133860328612172e+03
7.382326965938463218e+03
7.383521716011731769e+03
7.384714264147397444e+03
7.385908095590227276e+03
7.387101251449696065e+03
7.388295002651824689e+03
7.389488694595860579e+03
7.390682330398853992e+03
7.391876089231668630e+03
7.393068613205252404e+03
7.394263469004118633e+03
7.395456594514179415e+03
7.396650251770843170e+03
7.397843987982060753e+03
7.399036637161871113e+03
7.400230471025703082e+03
7.401424849658363200e+03
7.402617713754460055e+03
7.403811186553055450e+03
7.405005000551059311e+03
7.406199538526706419e+03
7.407393159956051932e+03
7.408587435217514212e+03
7.409781127124776503e+03
7.410971167488603896e+03
7.412158582858497539e+03
7.413354908209699715e+03
7.414553308247537643e+03
7.415749869434167522e+03
7.416941397075052919e+03
7.418132146475220907e+03
7.419326915654112781e+03
7.420516986013066344e+03
7.421715119799936474e+03
7.422907534174322791e+03
7.424100451606079332e+03
7.425295190872898274e+03
7.426489445837375570e+03
7.427683072159853509e+03
7.428877488235782039e+03
7.430070394056978330e+03
7.431263238488383649e+03
7.432455959291450199e+03
7.433646876483746382e+03
7.434843533260534969e+03
7.436036887114923047e+03
7.437229788564980481e+03
7.438425124256383242e+03
7.439925540361706226e+03
7.441330096897181647e+03
7.442524425070402685e+03
7.443718002349986818e+03
7.444912289344614692e+03
7.446105137321037546e+03
7.447299559684713131e+03
7.448492673874145112e+03
7.449686560825339257e+03
7.450880510346310075e+03
7.452074661109167209e+03
7.453269073598891737e+03
7.454462152997376506e+03
7.455655101757394732e+03
7.456848527307607583e+03
7.458042183742435554e+03
7.459235458470026970e+03
7.460429022619709031e+03
7.461623406800971679e+03
7.462816692809145934e+03
7.464011321914134896e+03
7.465205169869049314e+03
7.466399882095802241e+03
7.467592566884291955e+03
7.468786213813056747e+03
7.469980107648150806e+03
7.471173697324400564e+03
7.472367165719980221e+03
7.473561430259285771e+03
7.474755391909824539e+03
7.475948834519901538e+03
7.477142892291058160e+03
7.478336915670543021e+03
7.479530283516161035e+03
7.480723959620349888e+03
7.481917775303529197e+03
7.483111597517456175e+03
7.484304471075256515e+03
7.485499280004333741e+03
7.486692755075005152e+03
7.487886722300876500e+03
7.489080564438078909e+03
7.490274119148868522e+03
7.491467560304455219e+03
7.492661630797546422e+03
7.493855189316332144e+03
7.495049094519627943e+03
7.496242764414311750e+03
7.497437835192237799e+03
7.498633100069322609e+03
7.499826407394512898e+03
7.501019909411300432e+03
7.502213261837663595e+03
7.503406180872300865e+03
7.504600601624065348e+03
7.505793489058306477e+03
7.506988365824034190e+03
7.508180985845445321e+03
7.509376219441112880e+03
7.510568931060125578e+03
7.511763697758171475e+03
7.512958098431457074e+03
7.514150940489896129e+03
7.515345058610399974e+03
7.516539144260025751e+03
7.517732410970890669e+03
7.518927177431005475e+03
7.520120897730075740e+03
7.521608436613303638e+03
7.523184781395970276e+03
7.524378666808930575e+03
7.525573302251183122e+03
7.526766621598981146e+03
7.527960657905808148e+03
7.529154576975339296e+03
7.530348545440897396e+03
7.531542639747116482e+03
7.532736531290787752e+03
7.533930352782897899e+03
7.535124236531859424e+03
7.536317551613717114e+03
7.537512569982839523e+03
7.538706573391511483e+03
7.539900519570081997e+03
7.541095127816892273e+03
7.542288524094917193e+03
7.543482606770129678e+03
7.544676643583420628e+03
7.545870690869228383e+03
7.547064666052845496e+03
7.548258280263536108e+03
7.549453055407065222e+03
7.550646644139184900e+03
7.551842343405577594e+03
7.553035241316881184e+03
7.554228976713025986e+03
7.555423798496999552e+03
7.556618079619014679e+03
7.557811548692620818e+03
7.559005838326957019e+03
7.560199729427490638e+03
7.561393426941118378e+03
7.562588387438685459e+03
7.563782503863918464e+03
7.564975913992682763e+03
7.566171164500653504e+03
7.567364577018151977e+03
7.568558755635660418e+03
7.569753241497247473e+03
7.570947752381042847e+03
7.572142000599375024e+03
7.573335826230422754e+03
7.574530240884958403e+03
7.575724158874526438e+03
7.576918595184879450e+03
7.578112828598320448e+03
7.579307031229181121e+03
7.580501805110965506e+03
7.581695570723796664e+03
7.582891041581039644e+03
7.584084236158879321e+03
7.585278224671294083e+03
7.586472343929682211e+03
7.587666628433118603e+03
7.588860687169926678e+03
7.590054892812097023e+03
7.591248810391938605e+03
7.592443383576111955e+03
7.593636667978315018e+03
7.594832546666923008e+03
7.596026927084855743e+03
7.597221079082612050e+03
7.598415613068485072e+03
7.599610284888825845e+03
7.600804723130676393e+03
7.601999436504659570e+03
7.603193445467182755e+03
7.604387845789246057e+03
7.605582023642432432e+03
7.606775951754572816e+03
7.607970335557892213e+03
7.609164764551693224e+03
7.610359265229552875e+03
7.611553649914643756e+03
7.612747884367870938e+03
7.613942490731290491e+03
7.615136572863221772e+03
7.616331288400064295e+03
7.617525923859261638e+03
7.618720644520970382e+03
7.619914538759808238e+03
7.621108997797607117e+03
7.622302079236482314e+03
7.623496418004418956e+03
7.624690601159820289e+03
7.625886664684416246e+03
7.627080882971960818e+03
7.628275827182141256e+03
7.629470151296931363e+03
7.630664889887385471e+03
7.631859331111900246e+03
7.633053827880022254e+03
7.634248527932285469e+03
7.635442884788946685e+03
7.636637025507775434e+03
7.637831701299558517e+03
7.639026523657027610e+03
7.640221678809505647e+03
7.641416165085372086e+03
7.642610315825852922e+03
7.643804437812287688e+03
7.644998156427433969e+03
7.646193612403583757e+03
7.647387923770543239e+03
7.648583294628253498e+03
7.649777288338903418e+03
7.650971215040749485e+03
7.652166832847494334e+03
7.653361335051983588e+03
7.654556069605600896e+03
7.655750479256833387e+03
7.656946140697784358e+03
7.658141205329583499e+03
7.659338538607473311e+03
7.661734209406562513e+03
7.665300170120857729e+03
7.666494073362104245e+03
7.667695305876461134e+03
7.668891897693141800e+03
7.670086673448470719e+03
7.671280888558032530e+03
7.672475964990456305e+03
7.673670560711833787e+03
7.674865653701870542e+03
7.676060985872186393e+03
7.677254716977755379e+03
7.678449631827529629e+03
7.679645223414542670e+03
7.680839357319155170e+03
7.682033965199029808e+03
7.683228273671174065e+03
7.684423277325626259e+03
7.685618691273244622e+03
7.686815221526197092e+03
7.688009655432497311e+03
7.689205095416645236e+03
7.690399293073736771e+03
7.691592176312266929e+03
7.692787920235990896e+03
7.693982377659745907e+03
7.695177801224317591e+03
7.696372456258519378e+03
7.697567589637234050e+03
7.698762989733219001e+03
7.699956889014191802e+03
7.701151994772646503e+03
7.702346721873991555e+03
7.703541489199247735e+03
7.704737220736634299e+03
7.705932308504387038e+03
7.707126271562055990e+03
7.708321612038548665e+03
7.709515500515047279e+03
7.710710638462784118e+03
7.711906699707299595e+03
7.713101605918574023e+03
7.714296613685920420e+03
7.715491644661679857e+03
7.716687012841054639e+03
7.717881379302990354e+03
7.719076084972947683e+03
7.720271598511907541e+03
7.721467155054772775e+03
7.722662172203099544e+03
7.723857038908375216e+03
7.725051576594320977e+03
7.726247203138575060e+03
7.727442927855398921e+03
7.728637553143038531e+03
7.729832710160040733e+03
7.731027944703553658e+03
7.732222875188391299e+03
7.733417470284894080e+03
7.734612707017493449e+03
7.735808310434638770e+03
7.737002935577766948e+03
7.738197730760630293e+03
7.739392802822018893e+03
7.740592991978184727e+03
7.741785932256114393e+03
7.742980092360172421e+03
7.744175804431546567e+03
7.745370119851175332e+03
7.746563301149471044e+03
7.747757782947194755e+03
7.748952567918166096e+03
7.750148279373238438e+03
7.751343129919829153e+03
7.752537094103946401e+03
7.753730844967884877e+03
7.754926456517884617e+03
7.756121682151752793e+03
7.757317045942425466e+03
7.758514005505790919e+03
7.759712203163090635e+03
7.760907613300883895e+03
7.762103104945393170e+03
7.763298516820892473e+03
7.764493855659383371e+03
7.765688872146367430e+03
7.766883540803864889e+03
7.768079825639781120e+03
7.769274532014764191e+03
7.770469710320126978e+03
7.771665281624871568e+03
7.772859572893503355e+03
7.774056408972593999e+03
7.775251726778136799e+03
7.776447018034654320e+03
7.777642775025944502e+03
7.778837650767507512e+03
7.780033789977479501e+03
7.781229213008588886e+03
7.782424614307066804e+03
7.783619950765633803e+03
7.784815975346861705e+03
7.786011037123107599e+03
7.787206292837475303e+03
7.788401068620876686e+03
7.789596186644399495e+03
7.790792795942244993e+03
7.791988205605653093e+03
7.793183857871016698e+03
7.794379585900076563e+03
7.795575310905364859e+03
7.796770807764106394e+03
7.797966555117464850e+03
7.799464542682225328e+03
7.800866222154245406e+03
7.802061658492406423e+03
7.803256742764007868e+03
7.804452065315671462e+03
7.805647892718624462e+03
7.806843937742643902e+03
7.808039662888626481e+03
7.809235646713232200e+03
7.810431361367830505e+03
7.811627185189150623e+03
7.812822950810818838e+03
7.814018462852281118e+03
7.815214036694418610e+03
7.816409515639429628e+03
7.817605283593406966e+03
7.818800171841441625e+03
7.819996658411614590e+03
7.821192511828774514e+03
7.822388498983150384e+03
7.823584180888727133e+03
7.824780050717360609e+03
7.825976505594786431e+03
7.827171669137394019e+03
7.828367521597374434e+03
7.829563094232547883e+03
7.830758048357348343e+03
7.831954882637621267e+03
7.833149830480142555e+03
7.834346252319869564e+03
7.835542549002459964e+03
7.836738170970968895e+03
7.837933449933337215e+03
7.839129333740736911e+03
7.840325367944532445e+03
7.841521378584889135e+03
7.842717359018372008e+03
7.843913317451025250e+03
7.845109364074485711e+03
7.846305295116849265e+03
7.847501082830236555e+03
7.848696975910180299e+03
7.849892417196993847e+03
7.851088293285223699e+03
7.852284805370628419e+03
7.853480993673904777e+03
7.854677029190122084e+03
7.855873066404874407e+03
7.857069239973396179e+03
7.858265197543105387e+03
7.859461291329153028e+03
7.860657191262043852e+03
7.861853529892566257e+03
7.863049319469422699e+03
7.864245362369261784e+03
7.865441449276302592e+03
7.866637272294426111e+03
7.867833382876442556e+03
7.869029441565177876e+03
7.870225873797508939e+03
7.871422011716508678e+03
7.872618597450679772e+03
7.873814200523697764e+03
7.875010491160677702e+03
7.876206927991943303e+03
7.877402634037275675e+03
7.878598673760380734e+03
7.879794893171959302e+03
7.880991090943946801e+03
7.882187320976926458e+03
7.883383821806786727e+03
7.884579495857624352e+03
7.885776324841838687e+03
7.886972425425194160e+03
7.888168474192538270e+03
7.889364840493408337e+03
7.890561285209011658e+03
7.891757624022161508e+03
7.892954021488090802e+03
7.894150461461415944e+03
7.895346925728907081e+03
7.896542929661428388e+03
7.897739583313735238e+03
7.898935398914262805e+03
7.900132144912891818e+03
7.901328218314416517e+03
7.902524493056289430e+03
7.903721385047454532e+03
7.904917779959786458e+03
7.906113974929826327e+03
7.907311296388319533e+03
7.908507833901974664e+03
7.909704029736238226e+03
7.910900020985680385e+03
7.912097083737965477e+03
7.913293205143575506e+03
7.914488188868820544e+03
7.915685179019167663e+03
7.916881728795543495e+03
7.918078170768440941e+03
7.919274701657392143e+03
7.920470962737908849e+03
7.921667570009827614e+03
7.922864244873424468e+03
7.924060662476091238e+03
7.925257435155559506e+03
7.926453940261289063e+03
7.927650003143050526e+03
7.928846517092497379e+03
7.930043108499425216e+03
7.931239760327529439e+03
7.932435763973586290e+03
7.933632649478025996e+03
7.934829906613790627e+03
7.936026760188932712e+03
7.937223238074080655e+03
7.938420105444963156e+03
7.939615045633255249e+03
7.940812781685930531e+03
7.942011688773454807e+03
7.943206194036568377e+03
7.944402460013133350e+03
7.945599383180851873e+03
7.946796353825869119e+03
7.947993019990757602e+03
7.949189966838911459e+03
7.950386768986561037e+03
7.951583379982529550e+03
7.952775897778064973e+03
7.953972748410774329e+03
7.955167448220982806e+03
7.956365796001999115e+03
7.957562046678293882e+03
7.958763715394467908e+03
7.959957616521271120e+03
7.961157631964144457e+03
7.962355197395937466e+03
7.963552603392489800e+03
7.964751154800609584e+03
7.965947961853528795e+03
7.967144765678708609e+03
7.968640268563970494e+03
7.970223108327727459e+03
7.971418850623984326e+03
7.972615806053358938e+03
7.973812775508603409e+03
7.975007665808155252e+03
7.976204377963913430e+03
7.977402572776485613e+03
7.978599838723505854e+03
7.979796349783985534e+03
7.980993550369952573e+03
7.982190295575174787e+03
7.983386031834532332e+03
7.984582673051716483e+03
7.985777331012047398e+03
7.986972990565086548e+03
7.988169318921451122e+03
7.989365469127202232e+03
7.990562827494504745e+03
7.991761227927788241e+03
7.992959063849876657e+03
7.994155762426877118e+03
7.995353776527620539e+03
7.996551136683357981e+03
7.997748288065976340e+03
7.998945486440758032e+03
