4.973038549898914425e+03
4.975022757108416045e+03
4.977007002547971751e+03
4.978991261851444506e+03
4.980975540030030061e+03
4.982959830294175845e+03
4.984944133807784965e+03
4.986928468240809707e+03
4.988912791515371282e+03
4.990897135436787721e+03
4.992881513557440485e+03
4.994865895175603328e+03
4.996850278144465847e+03
4.998834681361538969e+03
5.000819096891646950e+03
5.002803559651782962e+03
5.004787983028470990e+03
5.006772435445499468e+03
5.008756948266751351e+03
5.010741468417338183e+03
5.012725956568264337e+03
5.014710438025911571e+03
5.016695009884017963e+03
5.018679567536853938e+03
5.020664142087834080e+03
5.022648654111579162e+03
5.024633290127769214e+03
5.026617874001202836e+03
5.028602510064538365e+03
5.030587132169687720e+03
5.032571816280139501e+03
5.034556426692332934e+03
5.036541113815586868e+03
5.038525860358975478e+03
5.040510421590076476e+03
5.042495087333713855e+03
5.044479771890963093e+03
5.046464650608531883e+03
5.048449424338693461e+03
5.050434224188166809e+03
5.052418979599583508e+03
5.054403829997340836e+03
5.056388630765711241e+03
5.058373471502172833e+03
5.060358234216973869e+03
5.062343200533950949e+03
5.064327982206888009e+03
5.066312869022837731e+03
5.068297716652205963e+03
5.070282666535586031e+03
5.072267592497298210e+03
5.074252422384623060e+03
5.076237422251024327e+03
5.078222336680020817e+03
5.080207363282468577e+03
5.082192345933499382e+03
5.084177259210020566e+03
5.086162469129885721e+03
5.088147382578964425e+03
5.090132315876633584e+03
5.092117366200454853e+03
5.094102237651826727e+03
5.096087527095211044e+03
5.098072653211025681e+03
5.100057689928206855e+03
5.102042802192393538e+03
5.104027931842291764e+03
5.106013076919383820e+03
5.107998103762036408e+03
5.109983381169319728e+03
5.111968521522053379e+03
5.113953801901461702e+03
5.115938787507509005e+03
5.117924061277307374e+03
5.119909260416075995e+03
5.121894807726126601e+03
5.123879821828238164e+03
5.125865066248959010e+03
5.127850229727519036e+03
5.129835637816323469e+03
5.131820918771593824e+03
5.133805934039578460e+03
5.135791660204156869e+03
5.137776806408609445e+03
5.139762124586718528e+03
5.141747471186610710e+03
5.143732915814855915e+03
5.145718183550261529e+03
5.147703601971918033e+03
5.149688916873094058e+03
5.151674302881533549e+03
5.153659817827818188e+03
5.155645280932545575e+03
5.157630518937876332e+03
5.159616059145031613e+03
5.161601494023546365e+03
5.163586970163581100e+03
5.165572503615775531e+03
5.167558008455046547e+03
5.169543455503318000e+03
5.171528788009592063e+03
5.173514381595213308e+03
5.175500028028995985e+03
5.177485914831323498e+03
5.179471193357103402e+03
5.181456869609731257e+03
5.183442158556432332e+03
5.185427918503561159e+03
5.187413405464511925e+03
5.189399227734993474e+03
5.191384668566313849e+03
5.193370276206196650e+03
5.195356085488806457e+03
5.197341572539610752e+03
5.199327371269885589e+03
5.201313060307870728e+03
5.203298960960112709e+03
5.205284570561581859e+03
5.207270126777432779e+03
5.209255827667282574e+03
5.211241507587661545e+03
5.213227410726486596e+03
5.215213622309442144e+03
5.217198992201227156e+03
5.219185288293043413e+03
5.221171148115441611e+03
5.223157093936993078e+03
5.225142886172929138e+03
5.227128672001708765e+03
5.229114945210289989e+03
5.231100402133662101e+03
5.233086063813091641e+03
5.235072129802112613e+03
5.237057060061475568e+03
5.239042836938078835e+03
5.241028678064170890e+03
5.243014598746981392e+03
5.245000684787583850e+03
5.246986494337720615e+03
5.248972419900881505e+03
5.250958270611306943e+03
5.252944243549616658e+03
5.254929978758184006e+03
5.256916111975021522e+03
5.258901788366310029e+03
5.260888127307150171e+03
5.262874038679373371e+03
5.264860209697285427e+03
5.266846092161277738e+03
5.268831952147410448e+03
5.270817936268967969e+03
5.272804122582255332e+03
5.274790054323431832e+03
5.276776434465025886e+03
5.278762264991152733e+03
5.280748235343849046e+03
5.282734213679858840e+03
5.284720282168783342e+03
5.286706605515001684e+03
5.288692484939066162e+03
5.290678552141474938e+03
5.292664834476857322e+03
5.294650879682838422e+03
5.296637193537760140e+03
5.298623428465108191e+03
5.300609321201754028e+03
5.302595467988892779e+03
5.304581609975802166e+03
5.306568017627610971e+03
5.308553572786984660e+03
5.310540299936197698e+03
5.312526421685717651e+03
5.314512585649630637e+03
5.316498885149384478e+03
5.318485151092138949e+03
5.320471394634959324e+03
5.322457584288979888e+03
5.324443992857841295e+03
5.326430195432847540e+03
5.328416306061356408e+03
5.330402673601940478e+03
5.332388928060272519e+03
5.334375072447694947e+03
5.336361598258894446e+03
5.338348036268429496e+03
5.340334154725255758e+03
5.342320627412390422e+03
5.344306806580214470e+03
5.346292783615791450e+03
5.348279682082376894e+03
5.350265886073754700e+03
5.352252055336046396e+03
5.354238261853794938e+03
5.356225185868961489e+03
5.358211511144299038e+03
5.360197749394060338e+03
5.362184062447195174e+03
5.364170587283023451e+03
5.366157025199926466e+03
5.368143517845582210e+03
5.370129666949324019e+03
5.372115627151260014e+03
5.374101645524228843e+03
5.376088261013499505e+03
5.378074725946677972e+03
5.380061425908560523e+03
5.382047730159998537e+03
5.384034763101701174e+03
5.386021204729159763e+03
5.388007702223182605e+03
5.389994591863460300e+03
5.391981027880209695e+03
5.393967539946506804e+03
5.395953994829589647e+03
5.397940756597827203e+03
5.399926516551006898e+03
5.401913589022894485e+03
5.403900406392283912e+03
5.405886391033458494e+03
5.407873806024461373e+03
5.409859560582750419e+03
5.411846445377401324e+03
5.413832944563956517e+03
5.415819640435492147e+03
5.417806148952365220e+03
5.419792541435977910e+03
5.421779243559417409e+03
5.423765810935795344e+03
5.425752513476832974e+03
5.427739372030981940e+03
5.429725856628169822e+03
5.431712773049503085e+03
5.433699349610920763e+03
5.435685335890721035e+03
5.437672352545368085e+03
5.439659182413484814e+03
5.441644876226425367e+03
5.443632464173168046e+03
5.445619278005944579e+03
5.447605987987979461e+03
5.449592378971929975e+03
5.451579318355656142e+03
5.453565301732151966e+03
5.455552448859684773e+03
5.457539526504050627e+03
5.459526079283270519e+03
5.461512935792189637e+03
5.463499433000073623e+03
5.465486080972343188e+03
5.467472718332448494e+03
5.469459439857199868e+03
5.471446441070320361e+03
5.473433397891551067e+03
5.475420213719854473e+03
5.477406655461380979e+03
5.479393228709893265e+03
5.481379977988704923e+03
5.483366809264166477e+03
5.485353555248984776e+03
5.487340604490872465e+03
5.489327187279875943e+03
5.491313909325607710e+03
5.493300297048672292e+03
5.495287492004722480e+03
5.497274297827741975e+03
5.499261432957000579e+03
5.501247518087616299e+03
5.503234922072082554e+03
5.505221729313449941e+03
5.507208578474871501e+03
5.509195296282578965e+03
5.511182417728510700e+03
5.513169153358753647e+03
5.515155776860832702e+03
5.517142869217490443e+03
5.519129449352546544e+03
5.521116060778048450e+03
5.523103188558031434e+03
5.525090590347635953e+03
5.527076812996308945e+03
5.529063814364679274e+03
5.531051255945687444e+03
5.533037521398049648e+03
5.535024696281573597e+03
5.537011572813925341e+03
5.538998411683408449e+03
5.540985104094676899e+03
5.542971680029686468e+03
5.544958205662670480e+03
5.546945618581722556e+03
5.548931888352276474e+03
5.550920432283940499e+03
5.552908108498872934e+03
5.554894536389779205e+03
5.556881227189114725e+03
5.558868991856186767e+03
5.560854658235389252e+03
5.562840798542857556e+03
5.564827524280780381e+03
5.566815018699453503e+03
5.568802509260969600e+03
5.570789445289110517e+03
5.572776536593210039e+03
5.574763532354048948e+03
5.576750360227315468e+03
5.578737369384760314e+03
5.580724191126503683e+03
5.582711081585506690e+03
5.584699065374986276e+03
5.586685789194991230e+03
5.588672163983249447e+03
5.590658995636005784e+03
5.592646210145643636e+03
5.594633280919978461e+03
5.596620114575357547e+03
5.598606990277995465e+03
5.600594157658464610e+03
5.602581052531816567e+03
5.604568270970180492e+03
5.606555141027029094e+03
5.608541972795506808e+03
5.610529503192587072e+03
5.612515950715611325e+03
5.614502222058584266e+03
5.616490089778862057e+03
5.618477388749480269e+03
5.620464347876953070e+03
5.622451249965633906e+03
5.624438457065225521e+03
5.626425225767915435e+03
5.628412649573453564e+03
5.630399534621966268e+03
5.632385872120740714e+03
5.634373581162461051e+03
5.636360669941811466e+03
5.638347671735020413e+03
5.640334592125368545e+03
5.642321905526530827e+03
5.644308562000456732e+03
5.646295400575671010e+03
5.648283053667663808e+03
5.650269826969130008e+03
5.652256974690384595e+03
5.654244489644926944e+03
5.656230195849024312e+03
5.658218548438117978e+03
5.660205402809184307e+03
5.662192299087821084e+03
5.664179566529470321e+03
5.666166664361695439e+03
5.668152964846703071e+03
5.670140370673505458e+03
5.672127744436259491e+03
5.674114375522856790e+03
5.676101869151189931e+03
5.678088827716082960e+03
5.680076025714830394e+03
5.682062839736777278e+03
5.684050048542734658e+03
5.686037236080876028e+03
5.688024246615985248e+03
5.690011202510638213e+03
5.691998623008949835e+03
5.693985763304267493e+03
5.695972698430439777e+03
5.697959950224500972e+03
5.699946505435219478e+03
5.701933879675941171e+03
5.703921165595550519e+03
5.705908181077797963e+03
5.707895632862099774e+03
5.709882062049946398e+03
5.711869163409018256e+03
5.713856827211240670e+03
5.715844082790747962e+03
5.717830774382486197e+03
5.719818053465489356e+03
5.721805173392016513e+03
5.723792218762492666e+03
5.725779121262678018e+03
5.727766507548186382e+03
5.729753224271070394e+03
5.731740441222034860e+03
5.733727631768697393e+03
5.735714688573208150e+03
5.737701749904061217e+03
5.739689102428603292e+03
5.741675485537038185e+03
5.743663184746006664e+03
5.745649960776609987e+03
5.747637500800754424e+03
5.749624212404313766e+03
5.751611167759294403e+03
5.753598620997823673e+03
5.755586177005452555e+03
5.757572638310792172e+03
5.759559452655569658e+03
5.761546977592144685e+03
5.763533675479603517e+03
5.765521064773409307e+03
5.767508558329841435e+03
5.769495297520345048e+03
5.771482328351873548e+03
5.773469444635225045e+03
5.775456610148857180e+03
5.777442715429900090e+03
5.779431053902524582e+03
5.781417890626539702e+03
5.783404737783344899e+03
5.785392092433757171e+03
5.787378875716395669e+03
5.789366187525060013e+03
5.791353020362433199e+03
5.793340190794768205e+03
5.795327425367449905e+03
5.797315152468729138e+03
5.799301276862143823e+03
5.801288512260570315e+03
5.803275663062185231e+03
5.805262991160588172e+03
5.807250213879269722e+03
5.809236824004683513e+03
5.811223992788126452e+03
5.813210969487427974e+03
5.815198674488311553e+03
5.817185176103691447e+03
5.819172520251284368e+03
5.821159223769157506e+03
5.823147157963093377e+03
5.825133792342820016e+03
5.827120954427783545e+03
5.829107477780493355e+03
5.831094967053647451e+03
5.833081571124203037e+03
5.835068971823470747e+03
5.837056334773072194e+03
5.839043266506388136e+03
5.841030011224574082e+03
5.843017423978746592e+03
5.845004488499957006e+03
5.846990968449115826e+03
5.848978613018462966e+03
5.850965472937497907e+03
5.852952536956971016e+03
5.854939783005096615e+03
5.856926203330467615e+03
5.858913630343489785e+03
5.860900864941132568e+03
5.862887730902992189e+03
5.864873836197142737e+03
5.866862045292449693e+03
5.868848910106833500e+03
5.870836113850300535e+03
5.872821765023837543e+03
5.874809645984543749e+03
5.876796727137561902e+03
5.878783851547601444e+03
5.880770435233679564e+03
5.882757910590999927e+03
5.884744797651372210e+03
5.886732189545450638e+03
5.888719294307607015e+03
5.890705600278752172e+03
5.892692751623420008e+03
5.894679947735561655e+03
5.896666845723265396e+03
5.898654167856524509e+03
5.900640964028357303e+03
5.902628050180091122e+03
5.904614416311875175e+03
5.906601614519865507e+03
5.908588859717755440e+03
5.910575677425633330e+03
5.912562655061516125e+03
5.914549610347154157e+03
5.916536331080976197e+03
5.918523700138355707e+03
5.920510399408143712e+03
5.922496493194068535e+03
5.924484155996076879e+03
5.926470947609676841e+03
5.928457930193536413e+03
5.930444264562106582e+03
5.932431930245175863e+03
5.934419230173972210e+03
5.936405627952629402e+03
5.938392594809834009e+03
5.940379725729488200e+03
5.942366549706715887e+03
5.944353143956202075e+03
5.946340536580943990e+03
5.948327077867959815e+03
5.950314026115699562e+03
5.952301000975511670e+03
5.954287928611023744e+03
5.956274623653031995e+03
5.958260607697356136e+03
5.960248446824706662e+03
5.962235163713836300e+03
5.964222416996953143e+03
5.966209154178562130e+03
5.968196060519670027e+03
5.970183284286899834e+03
5.972169848502707282e+03
5.974156982504022380e+03
5.976143407821922665e+03
5.978130268738045743e+03
5.980117581886740481e+03
5.982104003048564664e+03
5.984090503844842715e+03
5.986077625970865483e+03
5.988063750686075764e+03
5.990050894507644443e+03
5.992038191621656551e+03
5.994024522985856493e+03
5.996011262636284300e+03
5.997998371841789776e+03
5.999985570585246933e+03
6.001971925513934366e+03
6.003958387710728857e+03
6.005945522248106499e+03
6.007931745437541394e+03
6.009918383633203121e+03
6.011905640940999547e+03
6.013892398783706085e+03
6.015879170779865490e+03
6.017866226921003545e+03
6.019852737496348709e+03
6.021839657668470863e+03
6.023826496565819070e+03
6.025812239500898613e+03
6.027799102690719337e+03
6.029786162915364912e+03
6.031772853024991491e+03
6.033759635888401135e+03
6.035746102885163964e+03
6.037732965713853446e+03
6.039719492912789065e+03
6.041706402640074884e+03
6.043693152573328916e+03
6.045679211914313782e+03
6.047666333526378367e+03
6.049652821953101920e+03
6.051639740423112926e+03
6.053626570140908370e+03
6.055612829804325884e+03
6.057599100148118850e+03
6.059586182747179919e+03
6.061572711396402156e+03
6.063559078724073515e+03
6.065546103661587040e+03
6.067532453459905810e+03
6.069519160563800142e+03
6.071505715579528442e+03
6.073491956348439999e+03
6.075478972799552139e+03
6.077465417587647607e+03
6.079451633162530925e+03
6.081438298187613327e+03
6.083424167922607012e+03
6.085410725104572521e+03
6.087396685319058633e+03
6.089384087861524677e+03
6.091368728330072372e+03
6.093355918178152933e+03
6.095343044415748409e+03
6.097330414227641995e+03
6.099317070170637635e+03
6.101303441872638359e+03
6.103289813098302147e+03
6.105276602446670950e+03
6.107262616730861737e+03
6.109249544072645222e+03
6.111235413114199218e+03
6.113222152350043871e+03
6.115209031299189519e+03
6.117195268491390379e+03
6.119181310681572540e+03
6.121168742789856879e+03
6.123154513913303163e+03
6.125140461733822121e+03
6.127126815346308831e+03
6.129113731285705398e+03
6.131100352486071642e+03
6.133085510874494503e+03
6.135072860523535383e+03
6.137058979691072636e+03
6.139045258224685313e+03
6.141031281642366594e+03
6.143018368569833910e+03
6.196646312397545444e+03
6.198632039265316052e+03
6.200617959519813667e+03
6.202604046314595507e+03
6.204590011596894328e+03
6.206576104112446046e+03
6.208562212131085289e+03
6.210548593675513985e+03
6.212534450860561265e+03
6.214520537370327474e+03
6.216506557422977494e+03
6.218492530034783158e+03
6.220478680097989127e+03
6.222464195733746237e+03
6.224450069588531733e+03
6.226436625881431610e+03
6.228421673875099259e+03
6.230408605819972763e+03
6.232393489986320674e+03
6.234380725905589316e+03
6.236365958300364582e+03
6.238352122777845580e+03
6.240337917058952371e+03
6.242324047130015970e+03
6.244309572017252322e+03
6.246295700956135079e+03
6.248281621159174392e+03
6.250267161067772577e+03
6.252253010827455000e+03
6.254238910244953331e+03
6.256224956249423485e+03
6.258210363899742333e+03
6.260196359815931828e+03
6.262182217044653044e+03
6.264167943859395564e+03
6.266154030065265943e+03
6.268140835416264963e+03
6.270125510387124450e+03
6.272111307839135407e+03
6.274096168814232442e+03
6.276082642688974374e+03
6.278068436218220086e+03
6.280054545900710764e+03
6.282040260018039589e+03
6.284025318660198536e+03
6.286011190152297786e+03
6.287996911005398943e+03
6.289982840661522459e+03
6.291967529581986128e+03
6.293953895733376157e+03
6.295939389736142402e+03
6.297925007190254291e+03
6.299910748752441577e+03
6.301896189173146922e+03
6.303881559262936207e+03
6.305867360468728293e+03
6.307852427764826643e+03
6.309837703518597664e+03
6.311823893612530810e+03
6.313809671889469428e+03
6.315795236396993459e+03
6.317780636798152045e+03
6.319765812213340723e+03
6.321751093574664083e+03
6.323736829741576003e+03
6.325721904568322316e+03
6.327707909147578903e+03
6.329693762897701163e+03
6.331678961596872796e+03
6.333664502277452812e+03
6.335649779107178801e+03
6.337635039417966254e+03
6.339620836875705209e+03
6.341605605778275276e+03
6.343591529361973699e+03
6.345576409549217715e+03
6.347561963692264726e+03
6.349546055720497861e+03
6.351532433400821901e+03
6.353517451608183364e+03
6.355502480590304913e+03
6.357488012559857452e+03
6.359473468230935396e+03
6.361459033665360039e+03
6.363443675955705658e+03
6.365429443789824290e+03
6.367414804692355574e+03
6.369399830059214764e+03
6.371385038646884823e+03
6.373370180301568325e+03
6.375355066349437038e+03
6.377340511669788611e+03
6.379325638939504643e+03
6.381310602303460655e+03
6.383295776427130477e+03
6.385280959119443651e+03
6.387266473941818731e+03
6.389251444931543119e+03
6.391235639074361643e+03
6.393221379056796650e+03
6.395206117069090396e+03
6.397191394123554346e+03
6.399176751899643932e+03
6.401161074410170841e+03
6.403146373504930125e+03
6.405131669046599200e+03
6.407116409463260425e+03
6.409101762297414098e+03
6.411086155151152525e+03
6.413071056461833905e+03
6.415056527632274992e+03
6.417041321463608256e+03
6.419025747045547178e+03
6.421010939328950371e+03
6.422995938550854589e+03
6.424980234497397760e+03
6.426965947088432586e+03
6.428951259675780420e+03
6.430934710380229262e+03
6.432919564068900399e+03
6.434904767917350910e+03
6.436888920290267379e+03
6.438874648010528290e+03
6.440859621948849053e+03
6.442843720102234329e+03
6.444828964305260342e+03
6.446813179465185385e+03
6.448798356754950873e+03
6.450783263931119109e+03
6.452767235309086573e+03
6.454751970252364117e+03
6.456736682800026756e+03
6.458721356060144899e+03
6.460705475445432057e+03
6.462690769665016887e+03
6.464675229653167662e+03
6.466660005901606382e+03
6.468643181112076491e+03
6.470628773903078581e+03
6.472613112067604561e+03
6.474598487652453514e+03
6.476582151850599075e+03
6.478567014025389653e+03
6.480551639077311847e+03
6.482535273071610391e+03
6.484520557483599987e+03
6.486505455346003146e+03
6.488489207630009332e+03
6.490473748595628422e+03
6.492458162396186708e+03
6.494442555022284068e+03
6.496426285967486365e+03
6.498411724901876369e+03
6.500395482696666477e+03
6.502380042361606684e+03
6.504363825138271750e+03
6.506348403276456338e+03
6.508332812039876444e+03
6.510317138866162168e+03
6.512301232997350780e+03
6.514284938452015012e+03
6.516269949608217757e+03
6.518253471038376119e+03
6.520237839092644208e+03
6.522222257038683892e+03
6.524206330663917470e+03
6.526190565264698307e+03
6.528174942715626457e+03
6.530159045470346427e+03
6.532143024414444881e+03
6.534126948268841261e+03
6.536111000969870474e+03
6.538095253627588136e+03
6.540079373679453056e+03
6.542063841191762549e+03
6.544046727429500606e+03
6.546031092089426238e+03
6.548015331499220338e+03
6.549998513389702566e+03
6.551982794210385691e+03
6.553967042628573836e+03
6.555950798533254783e+03
6.557935263428463259e+03
6.559918843191777341e+03
6.561902510555709341e+03
6.563887011496924970e+03
6.565870480585721452e+03
6.567854101632613492e+03
6.569838739046122100e+03
6.571822044194028422e+03
6.573805785446767914e+03
6.575789363200815387e+03
6.577772948837049626e+03
6.579757000692909969e+03
6.581740319441800239e+03
6.583723645544177089e+03
6.585707040568032426e+03
6.587691136968559476e+03
6.589674374946922399e+03
6.591658604281136832e+03
6.593642402435280928e+03
6.595626719225709166e+03
6.597609835404343357e+03
6.599592710962753699e+03
6.601576170341662873e+03
6.603560393441372071e+03
6.605543963132100544e+03
6.607527952998236287e+03
6.609510987988483976e+03
6.611494465013159243e+03
6.613478060155992353e+03
6.615461339174394197e+03
6.617444477934067436e+03
6.619428300844864680e+03
6.621410906479344703e+03
6.623394331871656505e+03
6.625378586507570617e+03
6.627361178498227673e+03
6.629345052267290157e+03
6.631328015099756158e+03
6.633311646901801396e+03
6.635294873632731651e+03
6.637278033157009304e+03
6.639261122065165182e+03
6.641244796276761917e+03
6.643228210667425628e+03
6.645210236360891031e+03
6.647194245381331712e+03
6.649177746084012142e+03
6.651160577097265559e+03
6.653142320102410849e+03
6.655127130829173439e+03
6.657109258112287534e+03
6.659093079479267544e+03
6.661076772430738856e+03
6.663058805469067011e+03
6.665041618935758379e+03
6.667025066756295018e+03
6.669007847722232327e+03
6.670990539578221615e+03
6.672973585302181164e+03
6.674956865634975657e+03
6.676939172369439802e+03
6.678922640976811635e+03
6.680905062356895542e+03
6.682887981386042156e+03
6.684870930802372641e+03
6.686853722972989090e+03
6.688836017305162386e+03
6.690819845860429268e+03
6.692801966284778246e+03
6.694784547420151284e+03
6.696767303171247477e+03
6.698750706632205038e+03
6.700732894246577416e+03
6.702715898918249877e+03
6.704698479738147398e+03
6.706681443933127412e+03
6.708663457856352579e+03
6.710646591370675196e+03
6.712628505355003654e+03
6.714611629556720800e+03
6.716593983179564020e+03
6.718577007823326312e+03
6.720558386099344716e+03
6.722541285373506071e+03
6.724524040408029578e+03
6.726506074911318137e+03
6.728488903508045951e+03
6.730471366211523673e+03
6.732453314784275790e+03
6.734436365866236883e+03
6.736418575053031418e+03
6.738400712719748299e+03
6.740382979413255271e+03
6.742365605059901100e+03
6.744347659151334483e+03
6.746330225866998262e+03
6.748312299284152687e+03
6.750294546899938723e+03
6.752276504210920393e+03
6.754258850343954691e+03
6.756241266835669194e+03
6.758222560241377323e+03
6.760205325498858656e+03
6.762187067267427665e+03
6.764169061743066777e+03
6.766151660441764761e+03
6.768132965463405526e+03
6.770115521545410047e+03
6.772097863524814784e+03
6.774079534784361385e+03
6.776061527229217972e+03
6.778043198609911087e+03
6.780025699316375722e+03
6.782007591586796480e+03
6.783988923810517917e+03
6.785971228043951669e+03
6.787953208036695287e+03
6.789934996211140970e+03
6.791916316602735606e+03
6.793898542125478343e+03
6.795879789721170710e+03
6.797862047594664546e+03
6.799843820061420956e+03
6.801825412131634948e+03
6.803805637586599005e+03
6.805789054251335074e+03
6.807770951122796760e+03
6.809751820658725592e+03
6.811733613970242004e+03
6.813715285356389359e+03
6.815696574035760932e+03
6.817678572462586999e+03
6.819659664347739636e+03
6.821641511427638761e+03
6.823623073345171179e+03
6.825604237880289475e+03
6.827585563206534061e+03
6.829567220984513369e+03
6.831549299911671369e+03
6.833529969399332003e+03
6.835511508074398989e+03
6.837492369259156476e+03
6.839473962955738898e+03
6.841455274631521206e+03
6.843436048792028487e+03
6.845417536655160802e+03
6.847400162777453261e+03
6.849380461523251142e+03
6.851361510128449481e+03
6.853341638127829356e+03
6.855324344723094327e+03
6.857304822833175422e+03
6.859287163706759202e+03
6.861267239895235434e+03
6.863248262728904592e+03
6.865228636386595099e+03
6.867211081577314872e+03
6.869192959059583700e+03
6.871172017809927638e+03
6.873152256516227681e+03
6.875129631756661183e+03
6.877117676963110171e+03
6.879096606841776520e+03
6.881077289294346883e+03
6.883058258908225071e+03
6.885038760180360441e+03
6.887019591814054365e+03
6.888999824616908882e+03
6.890981343875185303e+03
6.892961010238011113e+03
6.894942913320785010e+03
6.896920641686699128e+03
6.898904479891108167e+03
6.900885129566219803e+03
6.902865467838807490e+03
6.904846369689113999e+03
6.906826672685948324e+03
6.908806916944355180e+03
6.910788546959296582e+03
6.912768495782964237e+03
6.914749047311792310e+03
6.916729460666041632e+03
6.918710658464676271e+03
6.920689509565961089e+03
6.922670974034643223e+03
6.924650758441247490e+03
6.926631384221745975e+03
6.928611192595170905e+03
6.930592288391949296e+03
6.932573092003163765e+03
6.934552248982414312e+03
6.936533154830413878e+03
6.938513466440110278e+03
6.940493507386955571e+03
6.942474092993898921e+03
6.944453570470229351e+03
6.946433835581308813e+03
6.948414180088989269e+03
6.950394114693629490e+03
6.952373913606168571e+03
6.954354477556025813e+03
6.956334555045072193e+03
6.958314195811752143e+03
6.960293888423107092e+03
6.962273938369129610e+03
6.964253803074647294e+03
6.966234488316676106e+03
6.968214105564518832e+03
6.970194836019613831e+03
6.972173275480879965e+03
6.974154163602520384e+03
6.976132863453172831e+03
6.978113597539143484e+03
6.980093375121402460e+03
6.982072674114230722e+03
6.984053217952752675e+03
6.986031591681027749e+03
6.988011725613765520e+03
6.989991788290256409e+03
6.991971055151399014e+03
6.993950377974801086e+03
6.995930088328269449e+03
6.997909628815511496e+03
6.999889008961197760e+03
7.001869006236506721e+03
7.003847479162869604e+03
7.005827360849305478e+03
7.007806561416166915e+03
7.009786937012818271e+03
7.011766369844334804e+03
7.013744979512344798e+03
7.015724719818866106e+03
7.017704399462702895e+03
7.019682684060367137e+03
7.021662447116736985e+03
7.023640752662041450e+03
7.025620921464942512e+03
7.027600324193011147e+03
7.029578928353748779e+03
7.031556309324365429e+03
7.033537888578113780e+03
7.035515921838503345e+03
7.037496352626833868e+03
7.039474770402218383e+03
7.041453097700429680e+03
7.043432653718272377e+03
7.045410026505092901e+03
7.047390007355740636e+03
7.049369143713405720e+03
7.051348247951982557e+03
7.053327148022197434e+03
7.055306525742069425e+03
7.057285229016496487e+03
7.059263783197127850e+03
7.061242657986188533e+03
7.063221443936628020e+03
7.065200058212999465e+03
7.067178813093291865e+03
7.069156783940152309e+03
7.071135512915806430e+03
7.073114611434745711e+03
7.075093286816440013e+03
7.077071967028396102e+03
7.079050224334443556e+03
7.081028878635971523e+03
7.083006940170158487e+03
7.084985897830402791e+03
7.086963787731791854e+03
7.088942257148636600e+03
7.090921350654420166e+03
7.092900262182660299e+03
7.094877490883026439e+03
7.096855922384648693e+03
7.098834586623094765e+03
7.100812012813884394e+03
7.102790813921155859e+03
7.104769086038962087e+03
7.106747107770852381e+03
7.108724872330039943e+03
7.110704139994455545e+03
7.112682124924116579e+03
7.114659900244375422e+03
7.116637470200918870e+03
7.118615703729218694e+03
7.120594038166279461e+03
7.122571943523841583e+03
7.124549647197840386e+03
7.126527531118495972e+03
7.128505469953920510e+03
7.130482822246312026e+03
7.132461760433896416e+03
7.134439620708457369e+03
7.136416739665334717e+03
7.138394450582242825e+03
7.140372131166850522e+03
7.142350219820133134e+03
7.144327743568391270e+03
7.146304615668464066e+03
7.148283308288559965e+03
7.150260450942859279e+03
7.152238062569449539e+03
7.154215741288702702e+03
7.156193229971440815e+03
7.158170684231407904e+03
7.160148431554626768e+03
7.162125749336636545e+03
7.164102665827709643e+03
7.166080270537695469e+03
7.168057145492270138e+03
7.170034834656990824e+03
7.172012427732254764e+03
7.173989335544035384e+03
7.175967345700522856e+03
7.177944083107458937e+03
7.179921841611701893e+03
7.181898994259380743e+03
7.183875954301638558e+03
7.185852634417174158e+03
7.187830048903661918e+03
7.189806304258290766e+03
7.191784325801555497e+03
7.193761473149967969e+03
7.195737820735977948e+03
7.197714689676986382e+03
7.199691409775705324e+03
7.201669389514468094e+03
7.203645682987606051e+03
7.205621801494018655e+03
7.207600004743023419e+03
7.209575954212181387e+03
7.211553387588573969e+03
7.213529460386890605e+03
7.215506580125125765e+03
7.217483110699196004e+03
7.219459837933462950e+03
7.221436072524222254e+03
7.223412675489914363e+03
7.225389697080986480e+03
7.227365636617214477e+03
7.229342245977530183e+03
7.231319702317237898e+03
7.233295815848406164e+03
7.235272042910903110e+03
7.237249154741645725e+03
7.239224617855943507e+03
7.241200896217744230e+03
7.243177658339388472e+03
7.245153476141068495e+03
7.247129647752817618e+03
7.249106145647150697e+03
7.251081964897674879e+03
7.253058986100230868e+03
7.255034304103526665e+03
7.257011055274891078e+03
7.258986691934132068e+03
7.260962783562602453e+03
7.262938942187508474e+03
7.264915163755114918e+03
7.266890333549283241e+03
7.268867616866834396e+03
7.270843053130521184e+03
7.272818994461108559e+03
7.274794804759369981e+03
7.276770743065052557e+03
7.278746388949790344e+03
7.280722164398930545e+03
7.282697908786558401e+03
7.284673725753220424e+03
7.286649260266310193e+03
7.288624956450040372e+03
7.290600219614194430e+03
7.292575728300632363e+03
7.294551628172613164e+03
7.296527015936089811e+03
7.298502213281228251e+03
7.300478094021413199e+03
7.302453713059325310e+03
7.304429179505904358e+03
7.306404753301815617e+03
7.308379896111730886e+03
7.310354823554741415e+03
7.312330813696298719e+03
7.314305420040633180e+03
7.316281269598322979e+03
7.318256301833469479e+03
7.320231387641374567e+03
7.322206634003807267e+03
7.324181110335284757e+03
7.326156578709970745e+03
7.328131437031407586e+03
7.330107125624106629e+03
7.332081568363828410e+03
7.334056484771273063e+03
7.336032135825519617e+03
7.338006505216555524e+03
7.339981367683501048e+03
7.341956515012743694e+03
7.343931515956463954e+03
7.345905869941523633e+03
7.347880877385894564e+03
7.349855289203590473e+03
7.351829924476540327e+03
7.353804491665650858e+03
7.355779339579637053e+03
7.357754199890811833e+03
7.359728307418647091e+03
7.361703018365771641e+03
7.363678148475207308e+03
7.365651669295747524e+03
7.367626092476452868e+03
7.369601785492967792e+03
7.371575772230915391e+03
7.373550010523649689e+03
7.375524305478170390e+03
7.377498559228041813e+03
7.379472525712888455e+03
7.381446887292759129e+03
7.383421309022525747e+03
7.385395358299607324e+03
7.387369866024094335e+03
7.389344005965225733e+03
7.391317977309920934e+03
7.393291675051261336e+03
7.395264879879232467e+03
7.397240154076087492e+03
7.399213675505290666e+03
7.401187840732478435e+03
7.403161964793473089e+03
7.405135114037115272e+03
7.407109340065782817e+03
7.409082540011452693e+03
7.411057786524624134e+03
7.413030424078866417e+03
7.415003577670959203e+03
7.416978186240547075e+03
7.418951615582259365e+03
7.420925260089099538e+03
7.422898493611979575e+03
7.424872213110850680e+03
7.426845376550039873e+03
7.428819227678700372e+03
7.430793439330871479e+03
7.432765986296945812e+03
7.434739891529301531e+03
7.436713170503294350e+03
7.438686262792513844e+03
7.440659900824289252e+03
7.442633107472086522e+03
7.444605620834740876e+03
7.446580001222613646e+03
7.448552426912171541e+03
7.450525023367285939e+03
7.452499133212458219e+03
7.454472169981412662e+03
7.456444979298892576e+03
7.458417834900538764e+03
7.460390208160152724e+03
7.462363965416466272e+03
7.464336245492408125e+03
7.466309863982000934e+03
7.468282566977512033e+03
7.470254704204844529e+03
7.472228622583281322e+03
7.474200729551177574e+03
7.476173703096617828e+03
7.478146233838290755e+03
7.480118896571516416e+03
7.482091264377766493e+03
7.484064463388477634e+03
7.486036862334683974e+03
7.488009315768853412e+03
7.489981759070308726e+03
7.491954246239003623e+03
7.493926165064584893e+03
7.495898857038354436e+03
7.497871456373194633e+03
7.499843064705920369e+03
7.501815999016946080e+03
7.503788160665865689e+03
7.505760599114333672e+03
7.507732214912732161e+03
7.509704384817111531e+03
7.511676499710671123e+03
7.513648393845011924e+03
7.515620815398122431e+03
7.517592636554179990e+03
7.519564840627474041e+03
7.521537163604940361e+03
7.523508905818979656e+03
7.525480954999828100e+03
7.527452439605561267e+03
7.529424642267857962e+03
7.531396112070498020e+03
7.533368064576053257e+03
7.535339546629212236e+03
7.537310839347177534e+03
7.539282491871148522e+03
7.541255000932209441e+03
7.543226429567997002e+03
7.545197852079406402e+03
7.547169443891152696e+03
7.549140051347829285e+03
7.551111515669324035e+03
7.553084082785067949e+03
7.555054989242965348e+03
7.557026134252604606e+03
7.558998068532767320e+03
7.560968632088008235e+03
7.562940427786683358e+03
7.564911966831210520e+03
7.566883112670430819e+03
7.568853925111793615e+03
7.570824606103168662e+03
7.572795260471949405e+03
7.574766940569311373e+03
7.576738045132658954e+03
7.578708647623936486e+03
7.580679977253278594e+03
7.582650952071053325e+03
7.584621875904254921e+03
7.586592463213723931e+03
7.588563266551222114e+03
7.590534264159193299e+03
7.592504783642389157e+03
7.594475113221619722e+03
7.596446310838560748e+03
7.598416816472055871e+03
7.600387408864574354e+03
7.602358069961154797e+03
7.604328257276806653e+03
7.606299146840308822e+03
7.608269555800035050e+03
7.610239899155660169e+03
7.612210328735657640e+03
7.614180447095312047e+03
7.616150843157320196e+03
7.618120731052823430e+03
7.620091312292922339e+03
7.622061492300555074e+03
7.624031843945937908e+03
7.626001893779687634e+03
7.627972076103495056e+03
7.629942263824177644e+03
7.631912123120140677e+03
7.633882154624069699e+03
7.635852049594504024e+03
7.637821809765030594e+03
7.639791865949550811e+03
7.641761956458802160e+03
7.643731508316757754e+03
7.645700964210276652e+03
7.647671085519966255e+03
7.649640866088457187e+03
7.651610383650644508e+03
7.653579997902130344e+03
7.655549785625236836e+03
7.657519048945120630e+03
7.659488790302414600e+03
7.661457659077309472e+03
7.663427530382428813e+03
7.665396919572158367e+03
7.667366257762320856e+03
7.669335733703916048e+03
7.671304492914399816e+03
7.673274381548138081e+03
7.675242905751473700e+03
7.677212885772524714e+03
7.679181668442885893e+03
7.681151443119944815e+03
7.683119724223820413e+03
7.685088832651129451e+03
7.687058020384200063e+03
7.689027022240826227e+03
7.690996176415959781e+03
7.692964356810810386e+03
7.694933544976622215e+03
7.696902492118525515e+03
7.698870542335395839e+03
7.700840231795146792e+03
7.702808962512491235e+03
7.704777471368725855e+03
7.706746034690798297e+03
7.708714637526025399e+03
7.710683456081246732e+03
7.712651734303759440e+03
7.714620422597842662e+03
7.716589205284814852e+03
7.718557394250517973e+03
7.720525757968614926e+03
7.722494012523747188e+03
7.724462715491772542e+03
7.726430923159740814e+03
7.728399204202858527e+03
7.730366985812701387e+03
7.732335137808693617e+03
7.734303356028604867e+03
7.736271549401095399e+03
7.739222526155141168e+03
7.742175786532853635e+03
7.744143465312049557e+03
7.746111203500525335e+03
7.748079315208177832e+03
7.750047214597488164e+03
7.752014867472579681e+03
7.753982827380403251e+03
7.755950081927613610e+03
7.757918101469557769e+03
7.759885473367220584e+03
7.761853253228977337e+03
7.763820604354821626e+03
7.765788359498088539e+03
7.767755532060779842e+03
7.769723081047667620e+03
7.771690668072105836e+03
7.773657882510808122e+03
7.775625087802339294e+03
7.777592746023000473e+03
7.779559974239861731e+03
7.781526869006225752e+03
7.783493981169549443e+03
7.785462091503643933e+03
7.787428294598552384e+03
7.789395744863883010e+03
7.791362339721751596e+03
7.793329871090613779e+03
7.795296449491055682e+03
7.797263422443899799e+03
7.799230078590044286e+03
7.801197239808097947e+03
7.803163789940604147e+03
7.805129914191986245e+03
7.807098029010555365e+03
7.809064642894022654e+03
7.811030784442596087e+03
7.812997553212204366e+03
7.814964080156129057e+03
7.816930205076274433e+03
7.818897090803542596e+03
7.820863426852227349e+03
7.822829627756879745e+03
7.824795765487414428e+03
7.826762277409731723e+03
7.828728990193208119e+03
7.830693987263119197e+03
7.832661404201214282e+03
7.834627659951402165e+03
7.836592592600893113e+03
7.838559805201364725e+03
7.840525763018857106e+03
7.842491691870689465e+03
7.844457723974821420e+03
7.846423172087986131e+03
7.848389310495600512e+03
7.850355025941530585e+03
