5.020226603033005631e+03
5.022210603489694222e+03
5.024194683150676610e+03
5.026178728668012809e+03
5.028162732503018560e+03
5.030146884276839046e+03
5.032130945953903392e+03
5.034114849204074744e+03
5.036099081420890798e+03
5.038083160491892158e+03
5.040067371995038229e+03
5.042051318970136890e+03
5.044035654754965435e+03
5.046019961473191870e+03
5.048004161335687968e+03
5.049988289672069186e+03
5.051972437373572575e+03
5.053956753080250564e+03
5.055941137830150183e+03
5.057925363113677122e+03
5.059909362217518719e+03
5.061893934238845759e+03
5.063878418672894441e+03
5.065862584424228771e+03
5.067847168305282139e+03
5.069831381247816353e+03
5.071815967862161415e+03
5.073800264329986931e+03
5.075784531887434241e+03
5.077768941610634101e+03
5.079753717231290466e+03
5.081738056679171677e+03
5.083722503792570024e+03
5.085707020766481037e+03
5.087691694951840873e+03
5.089676118487167514e+03
5.091660762394699304e+03
5.093645256763590623e+03
5.095630057600542386e+03
5.097614620663071946e+03
5.099598846987108118e+03
5.101583878220168117e+03
5.103568362823090865e+03
5.105552920058134077e+03
5.107537841661578568e+03
5.109522491280976283e+03
5.111506977554344303e+03
5.113491898925310124e+03
5.115476531423953020e+03
5.117461390092235888e+03
5.119446280972260865e+03
5.121430832862783973e+03
5.123415660927156750e+03
5.125400598667862141e+03
5.127385386248122813e+03
5.129370002457244482e+03
5.131355128470682757e+03
5.133339690583188712e+03
5.135324987061188040e+03
5.137309726571370447e+03
5.139294589151822038e+03
5.141279308990548088e+03
5.143264602944227590e+03
5.145249271816055625e+03
5.147234362961425177e+03
5.149219472401739040e+03
5.151204104925011052e+03
5.153189481390199035e+03
5.155174300705903988e+03
5.157159328292123064e+03
5.159144473997039313e+03
5.161129405388360283e+03
5.163114527001085662e+03
5.165099838088748584e+03
5.167084550608484278e+03
5.169069872845610917e+03
5.171055180519614623e+03
5.173040148748086722e+03
5.175025309040707725e+03
5.177010342553253395e+03
5.178995789147886171e+03
5.180980593207963466e+03
5.182966260396973667e+03
5.184951393046789235e+03
5.186936410224839165e+03
5.188921777259456576e+03
5.190907099013239531e+03
5.192892251040593692e+03
5.194877602456829663e+03
5.196862849302679024e+03
5.198848029844389202e+03
5.200833781260997966e+03
5.202818843455004753e+03
5.204804363237173675e+03
5.206789483140797529e+03
5.208774697601082153e+03
5.210760436163080158e+03
5.212745778331684960e+03
5.214730793199782056e+03
5.216716732507612505e+03
5.218702074533774976e+03
5.220687157321710401e+03
5.222673037051402389e+03
5.224658420213560021e+03
5.226643966467916471e+03
5.228629267291696124e+03
5.230615044218991898e+03
5.232600521260555070e+03
5.234585948261745216e+03
5.236571568968203792e+03
5.238556827418261491e+03
5.240542627926712157e+03
5.242528268105733332e+03
5.244513608828665383e+03
5.246499412903855045e+03
5.248485109545592422e+03
5.250470882365470970e+03
5.252456129790391969e+03
5.254440662306852573e+03
5.256426284395264702e+03
5.258413465806465865e+03
5.260398359282314232e+03
5.262384789349061975e+03
5.264371004657818958e+03
5.266356551183646843e+03
5.268341725852678792e+03
5.270327632105932025e+03
5.272313249936574721e+03
5.274298891044302763e+03
5.276284963593604516e+03
5.278270782827427865e+03
5.280256607443886423e+03
5.282242295786638351e+03
5.284227764559213028e+03
5.286214037900274889e+03
5.288199654975876001e+03
5.290185681357689646e+03
5.292171458698917377e+03
5.294157183480277126e+03
5.296143333564840759e+03
5.298129283255336304e+03
5.300115098923442929e+03
5.302100588399348453e+03
5.304086840403225324e+03
5.306072684553060753e+03
5.308059078817368572e+03
5.310044266490496739e+03
5.312030762375985432e+03
5.314015796726443114e+03
5.316002796981973916e+03
5.317988500923502215e+03
5.319974758536091940e+03
5.321960480828638538e+03
5.323946577135900043e+03
5.325932900574658561e+03
5.327918832007672790e+03
5.329904774285841995e+03
5.331890891835663751e+03
5.333876969813784854e+03
5.335862989190358348e+03
5.337849058051338034e+03
5.339835471456422056e+03
5.341821393813250324e+03
5.343807121888064103e+03
5.345793737137916651e+03
5.347779733581961409e+03
5.349765751448401716e+03
5.351751543685048091e+03
5.353738415922221066e+03
5.355724423213621776e+03
5.357710482336192399e+03
5.359697042833048727e+03
5.361682628996367384e+03
5.363669208857528247e+03
5.365655643897734990e+03
5.367641173640723537e+03
5.369628147294950395e+03
5.371614127360668135e+03
5.373600147707904398e+03
5.375587811595178209e+03
5.377573045557966907e+03
5.379558365800009597e+03
5.381545408762335683e+03
5.383531895416107545e+03
5.385517949240796042e+03
5.387504289546218388e+03
5.389490974173455470e+03
5.391476979532721089e+03
5.393463671495189374e+03
5.395449825280512414e+03
5.397434794744190185e+03
5.399422474386526119e+03
5.401408846179568172e+03
5.403395295227017414e+03
5.405382058714639243e+03
5.407367922052259928e+03
5.409354325052293461e+03
5.411340478833343695e+03
5.413327527337927677e+03
5.415313883371091833e+03
5.417300183915861453e+03
5.419286668927908067e+03
5.421272874749946823e+03
5.423260408466491754e+03
5.425245975917475334e+03
5.427232289320676500e+03
5.429218393421579094e+03
5.431205733642897030e+03
5.433192140291033866e+03
5.435178724643641544e+03
5.437164773889570824e+03
5.439151919015310341e+03
5.441138238462535810e+03
5.443124446457966769e+03
5.445111497569746462e+03
5.447098161350169903e+03
5.449084249906454716e+03
5.451070725362515077e+03
5.453057373744639335e+03
5.455043948081892268e+03
5.457030842600242977e+03
5.459017151980831841e+03
5.461003446556201197e+03
5.462990962439635950e+03
5.464977301765866287e+03
5.466963721603990052e+03
5.468949983286977840e+03
5.470937207743865656e+03
5.472923474822376193e+03
5.474910005477464438e+03
5.476896598312094284e+03
5.478883801950817542e+03
5.480869811345482958e+03
5.482856936820677220e+03
5.484843401172515769e+03
5.486830548562881631e+03
5.488821309114367068e+03
5.490808392039423779e+03
5.492794746752321771e+03
5.494781470278658162e+03
5.496764249862421821e+03
5.498750518563100741e+03
5.500737516921759379e+03
5.502723801940644080e+03
5.504710714487895530e+03
5.506697336611176979e+03
5.508684497903520423e+03
5.510670743112613309e+03
5.512657731731639615e+03
5.514645445294770070e+03
5.516631664645126875e+03
5.518618224012504470e+03
5.520604808591131587e+03
5.522591511289609116e+03
5.524578212568845629e+03
5.526565286926510453e+03
5.528552112570758254e+03
5.530538907748315069e+03
5.532525881148596454e+03
5.534513502981712918e+03
5.536499180104967309e+03
5.538486219655726018e+03
5.540477327921197684e+03
5.542464498563488632e+03
5.544451445456887086e+03
5.546437655908729539e+03
5.548420393216562843e+03
5.550407198363474890e+03
5.552394434540272414e+03
5.554381027808727595e+03
5.556367717100572918e+03
5.558354665683150415e+03
5.560341572636913952e+03
5.562328836905691787e+03
5.564315170051722816e+03
5.566302107432796220e+03
5.568289467756236263e+03
5.570276099342941961e+03
5.572263240612994196e+03
5.574249018902687567e+03
5.576237055833250452e+03
5.578223921285085453e+03
5.580210812403017371e+03
5.582197725199438537e+03
5.584184848600611986e+03
5.586171505217427693e+03
5.588158653802262961e+03
5.590145650943276451e+03
5.592132396949360555e+03
5.594119667420781298e+03
5.596106331014166244e+03
5.598093520556661133e+03
5.600080453810713152e+03
5.602067554622154603e+03
5.604053913200166789e+03
5.606041629333512901e+03
5.608028329803138149e+03
5.610015241770521243e+03
5.612002230254612186e+03
5.613989140436335219e+03
5.615976182160135068e+03
5.617963594048122104e+03
5.619950335339442972e+03
5.621937273540997012e+03
5.623924306099199384e+03
5.625910863185939888e+03
5.627898265517768777e+03
5.629885799269723975e+03
5.631872781286602731e+03
5.633859260155047195e+03
5.635846236404302545e+03
5.637833618556678630e+03
5.639820567888267760e+03
5.641807323231091686e+03
5.643795001653150393e+03
5.645781691211439465e+03
5.647768307747418476e+03
5.649756528232828714e+03
5.651742734696494153e+03
5.653729375145770064e+03
5.655716305591515265e+03
5.657704064752546401e+03
5.659691290657064201e+03
5.661677924200439520e+03
5.663664875058273537e+03
5.665654831944239049e+03
5.667639306630615465e+03
5.669626136161255999e+03
5.671612656211238573e+03
5.673600581010345195e+03
5.675587665420240228e+03
5.677574808412644416e+03
5.679561856035163146e+03
5.681547432297823434e+03
5.683537351308967118e+03
5.685523253168413248e+03
5.687509959478852579e+03
5.689497877888175935e+03
5.691484063679860810e+03
5.693471464055271099e+03
5.695458902894192761e+03
5.697445622030302729e+03
5.699432965570151282e+03
5.701419828987985966e+03
5.703406995971936340e+03
5.705394086328659796e+03
5.707381594421781301e+03
5.709368813162715014e+03
5.711355405716802125e+03
5.713342863444241630e+03
5.715329903372362423e+03
5.717316832849952334e+03
5.719303584543487887e+03
5.721291129422316772e+03
5.723278424744743461e+03
5.725265055479579132e+03
5.727252150723281375e+03
5.729239629490323750e+03
5.731227127331928386e+03
5.733213438463933926e+03
5.735201314699605973e+03
5.737188333540045278e+03
5.739174934385199776e+03
5.741162189154405496e+03
5.743150077704831347e+03
5.745136702400578542e+03
5.747124016028492406e+03
5.749110667769925385e+03
5.751097743463747975e+03
5.753085460142197007e+03
5.755072226615152431e+03
5.757059392972313617e+03
5.759046688847303813e+03
5.761033609042143325e+03
5.763021642242297276e+03
5.765007662203061955e+03
5.766995160608944389e+03
5.768982293097003094e+03
5.770969272412362443e+03
5.772956748175649409e+03
5.774944619401053387e+03
5.776932504191938278e+03
5.778920172295735028e+03
5.780907499390770681e+03
5.782892129016880972e+03
5.784879537224981505e+03
5.786866699389805945e+03
5.788853744945162362e+03
5.790840434538920817e+03
5.792828154287915822e+03
5.794814959401889610e+03
5.796802259528447394e+03
5.798789313062419751e+03
5.800776536709299762e+03
5.802763624589802021e+03
5.804750076866881500e+03
5.806738306170470423e+03
5.808725112429761793e+03
5.810711945864411973e+03
5.812699337019388622e+03
5.814686719235038254e+03
5.816673861985063922e+03
5.818661399021506440e+03
5.820648451209276573e+03
5.822636058536850214e+03
5.824621957721584295e+03
5.826609147611941808e+03
5.828596164738433799e+03
5.830583421686365909e+03
5.832570559670398325e+03
5.834557956158842899e+03
5.836544594955767934e+03
5.838532103740166349e+03
5.840518681144659240e+03
5.842506279465913394e+03
5.844493259326720363e+03
5.846480580431949420e+03
5.848469435188863827e+03
5.850454750896424230e+03
5.852442107062116520e+03
5.854428634373826753e+03
5.856416018635771252e+03
5.858403025973912008e+03
5.860390032049791444e+03
5.862377430897103295e+03
5.864364296835340610e+03
5.866351329051910398e+03
5.868338492466201387e+03
5.870325154847757403e+03
5.872313290345653513e+03
5.874299646372885945e+03
5.876287021054062279e+03
5.878273814050297005e+03
5.880260979883802065e+03
5.882248653985533565e+03
5.884235027648677715e+03
5.886222014420346568e+03
5.888209152437771991e+03
5.890196227761970476e+03
5.892183862138462246e+03
5.894170844768260395e+03
5.896157506827423276e+03
5.898144725179842681e+03
5.900131832533706074e+03
5.902118716515583401e+03
5.904105747685920505e+03
5.906092617053216600e+03
5.908080037352524414e+03
5.910067058807322610e+03
5.912053882908962805e+03
5.914041024034690054e+03
5.916028183594989969e+03
5.918014868701654450e+03
5.920002249562916404e+03
5.921989042774701375e+03
5.923975740552301431e+03
5.925963344370705272e+03
5.927950521769628722e+03
5.929936728279884846e+03
5.931924353133962541e+03
5.933911509712565021e+03
5.935898746115375616e+03
5.937885032213251179e+03
5.939871930458746647e+03
5.941859590918280446e+03
5.943845997157119200e+03
5.945833296007757781e+03
5.947819579002558385e+03
5.949807564305252527e+03
5.951793846932395354e+03
5.953781211240358061e+03
5.955767891795041578e+03
5.957755700300891476e+03
5.959742071835993556e+03
5.961728902280170587e+03
5.963715815062757429e+03
5.965702659265902184e+03
5.967689958263719745e+03
5.969676416253440038e+03
5.971663632492894067e+03
5.973650723871435730e+03
5.975637456872852454e+03
5.977624478372695194e+03
5.979611524915489099e+03
5.981598182543832081e+03
5.983584803756022666e+03
5.985572229786635944e+03
5.987559121724862052e+03
5.989546004777134840e+03
5.991532603586247205e+03
5.993519890266961738e+03
5.995506898093994096e+03
5.997493041182382512e+03
5.999480617174934196e+03
6.001467259781040411e+03
6.003454079191883466e+03
6.005440778064061305e+03
6.007428281112941477e+03
6.009414701963041807e+03
6.011400722004539602e+03
6.013388909040266299e+03
6.015374899952304986e+03
6.017361934808744081e+03
6.019348330369891301e+03
6.021335925250755281e+03
6.023322486101923460e+03
6.025309118318942637e+03
6.027296357343556338e+03
6.029282617136354929e+03
6.031269852416170579e+03
6.033256270512025367e+03
6.035243660793581512e+03
6.037229892129345899e+03
6.039216766312626532e+03
6.041203941640340418e+03
6.043190027695920435e+03
6.045177255688545301e+03
6.047163803833985185e+03
6.049150501673343570e+03
6.051137403140645802e+03
6.053123851083885711e+03
6.055110719595017144e+03
6.057097697381565013e+03
6.059084534861538486e+03
6.061070640842441207e+03
6.063057821178363156e+03
6.065044469082352407e+03
6.067031183533692456e+03
6.069017990016031945e+03
6.071003690654305501e+03
6.072990688377587503e+03
6.074977910755817902e+03
6.076964930987418484e+03
6.078951179076013432e+03
6.080937339254009203e+03
6.082926126568989275e+03
6.084910682224382072e+03
6.086897881591655278e+03
6.088883864886960509e+03
6.090871181037072347e+03
6.092857461933961531e+03
6.094843794369571697e+03
6.096830793860157428e+03
6.098814948283214108e+03
6.100804317143013577e+03
6.102790263701535878e+03
6.104776799656131516e+03
6.106763788051575830e+03
6.108749546804711827e+03
6.110737011913420247e+03
6.112723658333404273e+03
6.114709789162331617e+03
6.116696287934770226e+03
6.118682964594989244e+03
6.120669458912193477e+03
6.122655731571418073e+03
6.124642603124022571e+03
6.126628594834188334e+03
6.128615600663443729e+03
6.130601399331109860e+03
6.132588879347485090e+03
6.134575172951340392e+03
6.136562038268158176e+03
6.138547965906451282e+03
6.140533923478085853e+03
6.142520448282253710e+03
6.144507110379548067e+03
6.146493166392529020e+03
6.148480483735315829e+03
6.150466472910558878e+03
6.152452467530692957e+03
6.154438918859984369e+03
6.156424968986474596e+03
6.158412234109587189e+03
6.160397911776170986e+03
6.162384779608978533e+03
6.164370783468516493e+03
6.166357606764082448e+03
6.168342860220550392e+03
6.170330364616131192e+03
6.172316229643123734e+03
6.174302694024861012e+03
6.176288685141847054e+03
6.178274671595058862e+03
6.180261576635355595e+03
6.182247528184280782e+03
6.184234145370264741e+03
6.186220019486236197e+03
6.188206406012170191e+03
6.190193426137570896e+03
6.192178561101731248e+03
6.194165302188253008e+03
6.196151531793032518e+03
6.198137580607459313e+03
6.200123696749150440e+03
6.202110129042032895e+03
6.204096069012635780e+03
6.206082314045107523e+03
6.208068939040239457e+03
6.210054569114975493e+03
6.212040986079429786e+03
6.214026654299128495e+03
6.216012739772320856e+03
6.217999703291291553e+03
6.219985014415237856e+03
6.221971107557608775e+03
6.223957896627461196e+03
6.225943415565943724e+03
6.227930007095475958e+03
6.229915643550079039e+03
6.231901470821513612e+03
6.233887891988793854e+03
6.235873813150657952e+03
6.237860115013264476e+03
6.239845850037257151e+03
6.241831960574852019e+03
6.243818046758624405e+03
6.245804320017945429e+03
6.247789543640310512e+03
6.249776242437013934e+03
6.251762148779781455e+03
6.253747312879445417e+03
6.255734301930161564e+03
6.257719704235021709e+03
6.259705622535705515e+03
6.261691549125306665e+03
6.263677037924736396e+03
6.265664021070340823e+03
6.267649225008252870e+03
6.269634908267019455e+03
6.271621000618968537e+03
6.273607224098920597e+03
6.275592619113273940e+03
6.277578414107275421e+03
6.279564409218473884e+03
6.281549980669615252e+03
6.283535448447657473e+03
6.285523029293587570e+03
6.287507263216632055e+03
6.289493363597850475e+03
6.291478996802305119e+03
6.293465043549843358e+03
6.295450458279921804e+03
6.297435967316735514e+03
6.299421882811434443e+03
6.301409153940998294e+03
6.303393524959011302e+03
6.305379163328296272e+03
6.307364722601556423e+03
6.309350330327190932e+03
6.311335955435124561e+03
6.313321934961279112e+03
6.315306968743404468e+03
6.317293227084689534e+03
6.319278535882272990e+03
6.321263883787260966e+03
6.323249716093631832e+03
6.325230988637579685e+03
6.327216055945345033e+03
6.329201699714741153e+03
6.331187365382351345e+03
6.333175345702900813e+03
6.335162251831151480e+03
6.337148484203337830e+03
6.339134207323084411e+03
6.341119408240959274e+03
6.343104928666319211e+03
6.345090446887370490e+03
6.347076145436914885e+03
6.349061235322688844e+03
6.351046400609487137e+03
6.353032096476090373e+03
6.355017686441053229e+03
6.357003157670556902e+03
6.358988517771112129e+03
6.360973666270301692e+03
6.362959008590884878e+03
6.364944392910537317e+03
6.366930821874673711e+03
6.368914884489970973e+03
6.370900337085896354e+03
6.372885726950373282e+03
6.374871259816871316e+03
6.376855812333320500e+03
6.378841811733647774e+03
6.380827155614543699e+03
6.382812082239620395e+03
6.384797004885920614e+03
6.386782746417944509e+03
6.388767037062104464e+03
6.390753244208525757e+03
6.392738540527175246e+03
6.394723361296631992e+03
6.396708179884737547e+03
6.398693202477869818e+03
6.400678959579112416e+03
6.402663516696512488e+03
6.404649278876642711e+03
6.406634244313977433e+03
6.408618680022791523e+03
6.410603871893313226e+03
6.412589321982500223e+03
6.414574086547499974e+03
6.416558680657009063e+03
6.418544135846187601e+03
6.420529220644313682e+03
6.422514431763841458e+03
6.424499500787430406e+03
6.426483828823453223e+03
6.428468563616579559e+03
6.430454278116944806e+03
6.432438776336125557e+03
6.434423269456288835e+03
6.436408342564331178e+03
6.438393935019117635e+03
6.440378504538078232e+03
6.442362787701473280e+03
6.444350714423921090e+03
6.446333408374660394e+03
6.448317553963931459e+03
6.450302545142704730e+03
6.452287794378702529e+03
6.454272232561451347e+03
6.456256758234124391e+03
6.458241224841283838e+03
6.460226011974720677e+03
6.462211683832631934e+03
6.464195682138720258e+03
6.466180620038717279e+03
6.468164937356268638e+03
6.470149931046448728e+03
6.472134150943619716e+03
6.474119443358732497e+03
6.476103128962438859e+03
6.478087782387467996e+03
6.480073496376440744e+03
6.482057347881560418e+03
6.484042062544242981e+03
6.486026506488477935e+03
6.488011283902112154e+03
6.489995462798608060e+03
6.491980231386811283e+03
6.493964451358436236e+03
6.495949160524305626e+03
6.497933405750074598e+03
6.499919701593464197e+03
6.501902265728081147e+03
6.503887001496088487e+03
6.505871002585131464e+03
6.507855559588026154e+03
6.509840122440783489e+03
6.511825333141843657e+03
6.513809856668644898e+03
6.515794096549871938e+03
6.517777150992961651e+03
6.519761518592998982e+03
6.521746127345688365e+03
6.523730291092701009e+03
6.525715028313509720e+03
6.527698163155262591e+03
6.529682922916666030e+03
6.531666980289380263e+03
6.533651696494595853e+03
6.535636257139814006e+03
6.537619888262466702e+03
6.539603636465793898e+03
6.541587859850129462e+03
6.543572074963321938e+03
6.545556254001000525e+03
6.547540254921500491e+03
6.549524106404138365e+03
6.551508453416693555e+03
6.553493162176017904e+03
6.555476592542863727e+03
6.557460243443625586e+03
6.559444456428591366e+03
6.561428409696711242e+03
6.563412397231059913e+03
6.565396838211252543e+03
6.567380557835374930e+03
6.569363898084496213e+03
6.571348202455298633e+03
6.573332102093504545e+03
6.575315958673027126e+03
6.577299232992008001e+03
6.579283340178496474e+03
6.581267763404168363e+03
6.583251590192873664e+03
6.585234951985340558e+03
6.587218719991335092e+03
6.589202663308894444e+03
6.591186663316453632e+03
6.593169407552019038e+03
6.595153936735591742e+03
6.597137593050677424e+03
6.599120878228221045e+03
6.601104335480122245e+03
6.603088124506490203e+03
6.605072330431718910e+03
6.607055185512537719e+03
6.609039071537181371e+03
6.611022854833518977e+03
6.613006833925616775e+03
6.614989711909134712e+03
6.616973427352431827e+03
6.618957391099912456e+03
6.620940278942436635e+03
6.622923951895181744e+03
6.624907816137408190e+03
6.626890668337895477e+03
6.628874232609650790e+03
6.630858129054536221e+03
6.632841451563820556e+03
6.634823831357103700e+03
6.636807753229010814e+03
6.638791161794018990e+03
6.640774355413313060e+03
6.642758030863021304e+03
6.644740738589255670e+03
6.646724581957417286e+03
6.648707247705772716e+03
6.650690882815778423e+03
6.652673949338734928e+03
6.654657482899585375e+03
6.656640386825070891e+03
6.658623546320566675e+03
6.660607064006107066e+03
6.662589411897618447e+03
6.664573460078921926e+03
6.666556237394500386e+03
6.668539156364378869e+03
6.670522283550112661e+03
6.672504943361922415e+03
6.674487976648461881e+03
6.676471708490893434e+03
6.678454203000711459e+03
6.680437381160455516e+03
6.682420703968431553e+03
6.684402750288018979e+03
6.686385649277885932e+03
6.688368854893553362e+03
6.690351858117425763e+03
6.692334477590059578e+03
6.694317809430604029e+03
6.696300623591548174e+03
6.698283207173700248e+03
6.700265992512855519e+03
6.702248554530037836e+03
6.704231459902605820e+03
6.706214563447873843e+03
6.708197065403989654e+03
6.710179663525284013e+03
6.712162568836684841e+03
6.714144723691796571e+03
6.716128132562103019e+03
6.718109990563359133e+03
6.720092927043840064e+03
6.722075746642230115e+03
6.724057887840713192e+03
6.726040937709273749e+03
6.728022885615577252e+03
6.730006441625533625e+03
6.731988934965545923e+03
6.733970908982579203e+03
6.735952414052650056e+03
6.737935895301655364e+03
6.739917991461211386e+03
6.741900541416706801e+03
6.743882399586104839e+03
6.745865006412750517e+03
6.747847779263510347e+03
6.749830438330973266e+03
6.751812246934906398e+03
6.753794251927936784e+03
6.755776686787856306e+03
6.757759234908278813e+03
6.759741023862275142e+03
6.761723249248529100e+03
6.763705695489565187e+03
6.765687761762680566e+03
6.767670222422743791e+03
6.769650701515577566e+03
6.771634038137368407e+03
6.773616290220094015e+03
6.775598500850327582e+03
6.777580166938303591e+03
6.779562854632043127e+03
6.781544001604677760e+03
6.783526910060394584e+03
6.785508572943647778e+03
6.787490303993784437e+03
6.789472490761637346e+03
6.791455823992047954e+03
6.793436470230118175e+03
6.795417942110510012e+03
6.797400530358194374e+03
6.799381365859080688e+03
6.801363822567464922e+03
6.803345334905709024e+03
6.805327044315507010e+03
6.807308916953271364e+03
6.809290857514465642e+03
6.811272229140120544e+03
6.813254070455265719e+03
6.815235908673767881e+03
6.817217387230912209e+03
6.819198988161877423e+03
6.821180342622548778e+03
6.823162001538968070e+03
6.825144111281699224e+03
6.827125766159306295e+03
6.829106812048275060e+03
6.831088291892287998e+03
6.833069749624066390e+03
6.835051142732053449e+03
6.837032882389256883e+03
6.839014778058991396e+03
6.840995692131123178e+03
6.842976748108830179e+03
6.844957732644596035e+03
6.846939778246785863e+03
6.848921240397512520e+03
6.850902609722326815e+03
6.852883780418410424e+03
6.854864584975687649e+03
6.856846119031102717e+03
6.858827397289599503e+03
6.860808590100109541e+03
6.862789775114552867e+03
6.864770829386811783e+03
6.866752103569568135e+03
6.868733503310173546e+03
6.870714077069168525e+03
6.872695305257198925e+03
6.874676850306901542e+03
6.876657512987010705e+03
6.878638057108803878e+03
6.880619237758382951e+03
6.882600248131619082e+03
6.884581421431862509e+03
6.886559425401782391e+03
6.888538088465749752e+03
6.890519310981414492e+03
6.892500794144176325e+03
6.894485389595727611e+03
6.896466813691309653e+03
6.898447629130926543e+03
6.900428144670133406e+03
6.902408606354537369e+03
6.904389177093493345e+03
6.906370386296440302e+03
6.908351068102852878e+03
6.910331658971116667e+03
6.912312013720539653e+03
6.914293157750052160e+03
6.916273158065577263e+03
6.918254083168383659e+03
6.920234764179726881e+03
6.922214531534440539e+03
6.924195912569576649e+03
6.926175966899904779e+03
6.928156334962646724e+03
6.930137075487287802e+03
6.932117371886503861e+03
6.934097982178176608e+03
6.936078044368103292e+03
6.938058482357379035e+03
6.940038628058950962e+03
6.942018866127895308e+03
6.943999954881336635e+03
6.945980007090071922e+03
6.947959807326826194e+03
6.949940106095086776e+03
6.951920464055509001e+03
6.953900641505931162e+03
6.955880302876886162e+03
6.957860625610135685e+03
6.959841009601888800e+03
6.961820783730134281e+03
6.963800913013538775e+03
6.965780929654165448e+03
6.967761088528142864e+03
6.969741284915487086e+03
6.971720756134685871e+03
6.973700962479490045e+03
6.975682089405088846e+03
6.977660402538884227e+03
6.979640963770120834e+03
6.981620392485550838e+03
6.983600344204079192e+03
6.985579747862007935e+03
6.987559359336579291e+03
6.989539596968434125e+03
6.991519448805017419e+03
6.993499065820888973e+03
6.995478665949394781e+03
6.997458221073147797e+03
6.999437919033216531e+03
7.001417484428337048e+03
7.003397273145301369e+03
7.005376752098444740e+03
7.007358166899509342e+03
7.009335724274377753e+03
7.011315350266431778e+03
7.013294752262999282e+03
7.015274451402812701e+03
7.017253246683778343e+03
7.019233085270709125e+03
7.021212327971197737e+03
7.023191789704991606e+03
7.025171105854959933e+03
7.027150047933047063e+03
7.029129878328061750e+03
7.031108753981228801e+03
7.033087958825063652e+03
7.035066988159378525e+03
7.037046565182263294e+03
7.039025596608509659e+03
7.041004764493274706e+03
7.042984100770183431e+03
7.044962519814032930e+03
7.046941489941695181e+03
7.048921128322817822e+03
7.050900188521891323e+03
7.052879655120329517e+03
7.054857887255301648e+03
7.056837329942372889e+03
7.058815675361803187e+03
7.060795045821623717e+03
7.062772999951086604e+03
7.064752172696017624e+03
7.066731215055641769e+03
7.068710026827253387e+03
7.070688855380248242e+03
7.072667565102048684e+03
7.074645948172009412e+03
7.076624688388462346e+03
7.078603546280068258e+03
7.080582304937969639e+03
7.082560908143891538e+03
7.084539227651454894e+03
7.086517979679959353e+03
7.088496598420388182e+03
7.090474862517961810e+03
7.092453607461037791e+03
7.094431958889222187e+03
7.096410208746849094e+03
7.098389062049956010e+03
7.100367155572575939e+03
7.102345741588265810e+03
7.104323841137341333e+03
7.106301698050883715e+03
7.108280731125832972e+03
7.110258459240259072e+03
7.112237516609433442e+03
7.114215236104018913e+03
7.116192599858372887e+03
7.118171273087074951e+03
7.120149797082922305e+03
7.122127585910872767e+03
7.124105541958886533e+03
7.126083809800998097e+03
7.128062249171786789e+03
7.130039882620490971e+03
7.132017668469803539e+03
7.133996051721879667e+03
7.135973596159172303e+03
7.137951414162049332e+03
7.139929841539200424e+03
7.141907863928021470e+03
7.143885171338356486e+03
7.145862486522578365e+03
7.147840418683965254e+03
7.149818187502244655e+03
7.151796850409179569e+03
7.153774062675124696e+03
7.155751481601667365e+03
7.157729198931529936e+03
7.159706418895345450e+03
7.161684579505276815e+03
7.163661697156584523e+03
7.165639878020577271e+03
7.167616862141626370e+03
7.170582973034112911e+03
7.173549330950716467e+03
7.175526698271414716e+03
7.177504144621816522e+03
7.179481479444808429e+03
7.181458367018531135e+03
7.183436003383535535e+03
7.185413171028443685e+03
7.187390664097486479e+03
7.189367468318126157e+03
7.191344727932440037e+03
7.193322393108262986e+03
7.195299325084159136e+03
7.197276161919565311e+03
7.199253378163232810e+03
7.201230311398596314e+03
7.203207563688186383e+03
7.205184150715558644e+03
7.207160913208242164e+03
7.209140098277433935e+03
7.211116252547014483e+03
7.213093484947856268e+03
7.215070225781136287e+03
7.217045920503841444e+03
7.219022779792386245e+03
7.220999296581485396e+03
7.222976001774908582e+03
7.224952625814290514e+03
7.226929431565836239e+03
7.228906552337315588e+03
7.230883234720319706e+03
7.232859110784259428e+03
7.234836227575274279e+03
7.236812234974915555e+03
7.238789122298891925e+03
7.240763593998870419e+03
7.242741939898313831e+03
7.244718633053877966e+03
7.246694735042520733e+03
7.248671209447906222e+03
7.250647730096899068e+03
7.252624286019394276e+03
7.254591359220380582e+03
7.256566292585089286e+03
7.258537362423409832e+03
7.260517009291601426e+03
7.262493788037863851e+03
7.264474791722882401e+03
7.266454757321550460e+03
7.268432590084947151e+03
7.270408620222195168e+03
7.272384744303275511e+03
7.274359323716550534e+03
7.276337447589048679e+03
7.278312875906816771e+03
7.280289404372917488e+03
7.282265584089089316e+03
7.284241739000728558e+03
7.286217322190843333e+03
7.288193045944958612e+03
7.290168738507995840e+03
7.292144936962482461e+03
7.294120616898208937e+03
7.296096208856486555e+03
7.298071835073520560e+03
7.300047669929750555e+03
7.302023518250805864e+03
7.303998570368249602e+03
7.305974316916749558e+03
7.307949768628226593e+03
7.309925326586976553e+03
7.311901183099934315e+03
7.313876428905638022e+03
7.315851502648937640e+03
7.317827253798890524e+03
7.319802294443111350e+03
7.321777885413437616e+03
7.323753342763228829e+03
7.325728416587896390e+03
7.327703651048459506e+03
7.329678769823675793e+03
7.331653972527184123e+03
7.333629297947857594e+03
7.335604264346994569e+03
7.337579620793985669e+03
7.339554205299014939e+03
7.341529739331308519e+03
7.343504543326223029e+03
7.345479523514466564e+03
7.347454660187057016e+03
7.349429724736208300e+03
7.351404237336607366e+03
7.353378953438448661e+03
7.355353705506151528e+03
7.357329082347317126e+03
7.359303335296557634e+03
7.361278834397573519e+03
7.363252681141625544e+03
7.365227467792576135e+03
7.367202691000507002e+03
7.369176857606926205e+03
7.371151720508875769e+03
7.373126151510034106e+03
7.375100709676079532e+03
7.377075361996654465e+03
7.379050176704582555e+03
7.381023892605688161e+03
7.382998430868206924e+03
7.384973336368824675e+03
7.386947271172512046e+03
7.388921256633600933e+03
7.390895552690991281e+03
7.392870306729979347e+03
7.394844649950518033e+03
7.396818691415938702e+03
7.398792865226015238e+03
7.400766694600531991e+03
7.402740954916447663e+03
7.404715413933385207e+03
7.406688789795138291e+03
7.408663775261042247e+03
7.410636954964930737e+03
7.412610993326894459e+03
7.414585234123345799e+03
7.416558826454945120e+03
7.418533065797646486e+03
7.420506524788930619e+03
7.422480539197984399e+03
7.424454531164971741e+03
7.426427843758408017e+03
7.428401976738082340e+03
7.430374823856202056e+03
7.432349362190373540e+03
7.434322604795903317e+03
7.436296210266678827e+03
7.438270172538938823e+03
7.440243259653419045e+03
7.442216921097274280e+03
7.444190318474671585e+03
7.446163831392961583e+03
7.448137380346403916e+03
7.450110832711623516e+03
7.452083725749295809e+03
7.454057251532892224e+03
7.456030607020727984e+03
7.458003511723797601e+03
7.459976930376176824e+03
7.461950218939960905e+03
7.463923339262126319e+03
7.465896346947912207e+03
7.467870710669676555e+03
7.469843670206184470e+03
7.471816634150965911e+03
7.473789627212115192e+03
7.475762821578903640e+03
7.477734096029575994e+03
7.479707376575273884e+03
7.481680363894759466e+03
7.483653130730860539e+03
7.485625947608426941e+03
7.487598744283504857e+03
7.489571635707585301e+03
7.491544116093963567e+03
7.493517013173488522e+03
7.495489549918587727e+03
7.497461960806357638e+03
7.499434776818777209e+03
7.501407477856627338e+03
7.503379558216010992e+03
7.505352244251885168e+03
7.507325193725439021e+03
7.509297041662450283e+03
7.511269968969811089e+03
7.513241716329554038e+03
7.515214181956893299e+03
7.517186488529648159e+03
7.519158894082846928e+03
7.521131124099943008e+03
7.523103126730785334e+03
7.525075317722758882e+03
7.527047398084056113e+03
7.529019728643291273e+03
7.530991732522856182e+03
7.532963694947601653e+03
7.534935718485013240e+03
7.536907628152397592e+03
7.538879514209610534e+03
7.540851667077965431e+03
7.542823216932447394e+03
7.544794601430994589e+03
7.546767178300638079e+03
7.548739733992563743e+03
7.550710475438700996e+03
7.552682342731057361e+03
7.554653710625528220e+03
7.556625470511431558e+03
7.558597301000786501e+03
7.560568612172936810e+03
7.562540431049083054e+03
7.564511719031840585e+03
7.566483534600904932e+03
7.568454637788470791e+03
7.570425797059330762e+03
7.572397450641805335e+03
7.574368957785164639e+03
7.576340195496740307e+03
7.578311481544692469e+03
7.580282747609722719e+03
7.582253997027801233e+03
7.584224625377501070e+03
7.586196306449263830e+03
7.588167352669338470e+03
7.590140443106103703e+03
7.592109465109800112e+03
7.594080643530916859e+03
7.596051550733417571e+03
7.598022519225976794e+03
7.599993179860405689e+03
7.601964486539617610e+03
7.603936874549965978e+03
7.605906329997926150e+03
7.607876996428310122e+03
7.609847292776202266e+03
7.611818291511638563e+03
7.613788425100168752e+03
7.615759133485043094e+03
7.617730169800980548e+03
7.619700669514681067e+03
7.621670188631087512e+03
7.623641720362746128e+03
7.625611836592476720e+03
7.627582519298948682e+03
7.629552959320391892e+03
7.631523326398364588e+03
7.633494069525373561e+03
7.635463800026568606e+03
7.637434119241705048e+03
7.639404303460960364e+03
7.641374784978063872e+03
7.643344577455435683e+03
7.645314970989414178e+03
7.647285019567959353e+03
7.649255068416629911e+03
7.651225209561005613e+03
7.653195004557878747e+03
7.655164912368180921e+03
7.657133986545796688e+03
7.659104759345490493e+03
7.661075150067745199e+03
7.663044671452134025e+03
7.665014076197141549e+03
7.666984289994370556e+03
7.668953749170122137e+03
7.670923421882148432e+03
7.672893275387867106e+03
7.674862860219516733e+03
7.676832256234547458e+03
7.678801360837855100e+03
7.680779009102157033e+03
7.682745184385822540e+03
7.684713810914322494e+03
7.686673272723986884e+03
7.688642926394480128e+03
7.690617895598554242e+03
7.692587840701905407e+03
7.694556770055038214e+03
7.696526053023910208e+03
7.698495068602596803e+03
7.700464478871097526e+03
7.702434020245764259e+03
7.704402539545969375e+03
7.706371738787403956e+03
7.708340905939366166e+03
7.710309528067231440e+03
7.712278734785177221e+03
7.714247347221472410e+03
7.716216402474154165e+03
7.718185315792641632e+03
7.720154007288381763e+03
7.722122981162020551e+03
7.724091546486079096e+03
7.726060152129341077e+03
7.728029044823336335e+03
7.729997507458539076e+03
7.731966059863979353e+03
7.733934702953491978e+03
7.735903159860660708e+03
7.737871921839248898e+03
7.739840087654938543e+03
7.741808519217990579e+03
7.743776957158096593e+03
7.745745184496231559e+03
7.747713562094172630e+03
7.749681767275073071e+03
7.751650022489054209e+03
7.753618263183564522e+03
7.755586453665368936e+03
7.757554730187088353e+03
7.759522612264243435e+03
7.761490858321171800e+03
7.763458476951888770e+03
7.765426779094456833e+03
7.767394802938254543e+03
7.769362320577303763e+03
7.771330473270801122e+03
7.773298092722733600e+03
7.775266010837912290e+03
7.777233800827137202e+03
7.779201288446584840e+03
7.782152546014388463e+03
7.785104040664817148e+03
7.787072250775626344e+03
7.789039341514735497e+03
7.791007264581982781e+03
7.792974436530881576e+03
7.794941954365741367e+03
7.796909136452530220e+03
7.798876377192223117e+03
7.800844473610444766e+03
7.802811568974128022e+03
7.804778398626582202e+03
7.806745822578626758e+03
7.808712840587364553e+03
7.810680191817091327e+03
7.812647001144840033e+03
7.814614334035046340e+03
7.816581464843088725e+03
7.818548168868117500e+03
7.820514756857022803e+03
7.822482177357106593e+03
7.824449003728963362e+03
7.826415608877562590e+03
7.828382689163097893e+03
7.830349469993275306e+03
7.832315945049167567e+03
7.834282727736237575e+03
7.836249562749433608e+03
7.838215979031352617e+03
7.840182595848946221e+03
7.842148252483233591e+03
7.844115688904081253e+03
7.846082406236873794e+03
7.848048408179920443e+03
7.850014716811356266e+03
7.851982030259586281e+03
7.853947685375543188e+03
7.855914101657159335e+03
7.857880151997276698e+03
7.859846430540080291e+03
7.861812368861700634e+03
7.863778763828078809e+03
7.865744604178858935e+03
7.867711293123270480e+03
7.869675809913846024e+03
7.871642746738566530e+03
7.873608822460520059e+03
7.875574620194021918e+03
7.877540204566800639e+03
7.879506226768083252e+03
7.881472141719449610e+03
7.883437948788702670e+03
7.885403369313290568e+03
7.954179461496457407e+03
7.956143460901868821e+03
7.958108171596009925e+03
7.960072135627799071e+03
7.962036310058736490e+03
7.964000220554371481e+03
7.965964783767342851e+03
7.967928872267796578e+03
7.969892755216174010e+03
7.971857053868868206e+03
7.973819659817531829e+03
7.975784291815335564e+03
7.977748781360970497e+03
7.979712898073627002e+03
7.981676190726544519e+03
7.983640089113470822e+03
7.985603578961270614e+03
7.987567705464377468e+03
7.989531033779408972e+03
7.991494480010018378e+03
7.993458449114318682e+03
7.995421679222560670e+03
7.997385443753494656e+03
7.999348942556674956e+03
8.001311983821976355e+03
8.003275853846097561e+03
8.005238724579564405e+03
8.007202330931092547e+03
8.009165702698694986e+03
8.011128681625543322e+03
8.013091880675244283e+03
8.015054868786606676e+03
8.017018162778844271e+03
8.018981162730315191e+03
8.020944115474236241e+03
8.022907018802564380e+03
8.024870200125036718e+03
8.026832892965308019e+03
8.028795771922197673e+03
8.030758760639455431e+03
8.032721762675131686e+03
8.034684220113940682e+03
8.036646711150180636e+03
8.038609531298928232e+03
8.040572359670427431e+03
8.042534548350163277e+03
8.044496974499149474e+03
8.046459759703061536e+03
8.048422275438711949e+03
8.050384443735312743e+03
8.052347026832913798e+03
8.054309230074351035e+03
8.057252924144007920e+03
8.060195973437773318e+03
8.062157859888955500e+03
8.064135152242893128e+03
8.066101239144215469e+03
8.068064266833292095e+03
8.070003915135210264e+03
8.071968359702585076e+03
8.073930398162110578e+03
8.075892430868878364e+03
8.077853917665867812e+03
8.079816265813393329e+03
8.081777522897054041e+03
8.083739410095352468e+03
8.085701909067427550e+03
8.087662887389262323e+03
8.089624106419352756e+03
8.091586043264472210e+03
8.093547492691332081e+03
8.095508748291379561e+03
8.097470319915491018e+03
8.099431743830034975e+03
8.101393109806025677e+03
8.103353887272590327e+03
8.105315263202834103e+03
8.107277337418354364e+03
8.109238150666606089e+03
8.111199167388542264e+03
8.113160123945095620e+03
8.115122461941064103e+03
8.117082334079742395e+03
8.119043207109894865e+03
8.121004357509482361e+03
8.122965139059208923e+03
8.124925915197486574e+03
8.126887489497828028e+03
8.128848226057060856e+03
8.130808089427568120e+03
8.132769197705357328e+03
8.134729839742412878e+03
8.136689942186134431e+03
8.138650978502600083e+03
8.140611375236284402e+03
8.142571697308550029e+03
8.144532326822897630e+03
8.146493140729375227e+03
8.148452405497140717e+03
8.150413776320704528e+03
8.152373521074947348e+03
8.154333873370254878e+03
8.156293701606932700e+03
8.158254573445636197e+03
8.160214008196317991e+03
8.162174584878166570e+03
8.164134381972653500e+03
8.166094194789558969e+03
8.168054030419997616e+03
8.170014234863237107e+03
8.171973883460515935e+03
8.173933512581949799e+03
8.175893279717082805e+03
8.177853506760369783e+03
8.179813023613431142e+03
8.181772414684306568e+03
8.183732175734789053e+03
8.185692261896652781e+03
8.187651262661530382e+03
8.189610423004285622e+03
8.191570528295376789e+03
8.193529871336189899e+03
8.195490473146213844e+03
8.197448393779695834e+03
8.199407623619745209e+03
8.201366308554241186e+03
8.203325739723775769e+03
8.205284732095573418e+03
8.207244163447996470e+03
8.209203072983222228e+03
8.211161942052622180e+03
8.213121122785065381e+03
8.215079632791917902e+03
8.217038424697737355e+03
8.218998041285942236e+03
8.220956554237045566e+03
8.222914988905726204e+03
8.224873744292157426e+03
8.226832246423458855e+03
8.228791084948228672e+03
8.230749803070209964e+03
8.232706729713772802e+03
8.234666299334116047e+03
8.236625319206168570e+03
8.238584191122752600e+03
8.240541790778421273e+03
8.242500020136360035e+03
8.244457922018138561e+03
8.246416351672654855e+03
8.248375311437768687e+03
8.250332962215883526e+03
8.252291221803518056e+03
8.254248815880508118e+03
8.256207103642447692e+03
8.259142142861514003e+03
8.262080942503689585e+03
8.264038685857158271e+03
8.265996351239382420e+03
8.267954120880636765e+03
8.269912139642701732e+03
8.271869227082012003e+03
8.273827003238035104e+03
8.275784859620371208e+03
8.277742206707936930e+03
8.279699680022133180e+03
8.281657327614426322e+03
8.283616509472332837e+03
8.285572099937231542e+03
8.287529337345764361e+03
8.289486365667718928e+03
8.291443687182651047e+03
8.293400942107411538e+03
8.295358014706833274e+03
8.297314986091361789e+03
8.299272122012183900e+03
8.301229149072281871e+03
8.303186253064994162e+03
8.305143075206397043e+03
8.307099720947098831e+03
8.309056786812003338e+03
8.311013336429808987e+03
8.312970385288152102e+03
8.314927153109430947e+03
8.316883639134763143e+03
8.318840126194741970e+03
8.320796750974297538e+03
8.322753047247369977e+03
8.324709927840198361e+03
8.326665805346525303e+03
8.328622590731132732e+03
8.330578735481858530e+03
8.332535449038994557e+03
8.334491418078017887e+03
8.336447377544023766e+03
8.338403430448590370e+03
8.340359869530317155e+03
8.342315909168326471e+03
8.344271721700388298e+03
8.346227938060454107e+03
8.348183731413371788e+03
8.350139791322057135e+03
8.352095547038408768e+03
8.354051337441804208e+03
8.356006929241237231e+03
8.357962845410784212e+03
8.359918645289188134e+03
8.361873886679000861e+03
8.363829781814241869e+03
8.365785112993895382e+03
8.367740665285753494e+03
8.369696257319086726e+03
8.371651387313217128e+03
8.373606570594420191e+03
8.375562110878205203e+03
8.377517216588059455e+03
8.379472343000166802e+03
8.381427977300429120e+03
8.383381537849196320e+03
8.385338069657507731e+03
8.387292430622719621e+03
8.389248281841702919e+03
8.391202554263309139e+03
8.393157963405741611e+03
8.395112886104883728e+03
8.397066801602113628e+03
8.399022367977746399e+03
8.400976857329405902e+03
8.402931629611473909e+03
8.404886423332629420e+03
8.406840556423348971e+03
8.408794995875708992e+03
8.410750313509999614e+03
8.412703979209733006e+03
8.414658119310095572e+03
8.416612951423707273e+03
8.418565738695873733e+03
8.420516631721347949e+03
8.422470528280515282e+03
8.424424758204233513e+03
8.427359110694844276e+03
8.430292450646744328e+03
8.432246475526837457e+03
8.434200102131970198e+03
8.436154021828528130e+03
8.438108125241578819e+03
8.440061689174288404e+03
8.442015319168482165e+03
8.443969436262825184e+03
8.445922997961508372e+03
8.447875974403643340e+03
8.449830323990459874e+03
8.451781429573240530e+03
8.453736566960002165e+03
8.455690271028235657e+03
8.457643915174654467e+03
8.459597162530786591e+03
8.461550794550141291e+03
8.463503859765231027e+03
8.465456637147548463e+03
8.467411021619906023e+03
8.469363154985336223e+03
8.471315876330025276e+03
8.473269447206421319e+03
8.475222152057183848e+03
8.477174989504308542e+03
8.479128121511013887e+03
8.481080795671008673e+03
8.483033689466601572e+03
8.484985602874909091e+03
8.486939257018359058e+03
8.488891749312011598e+03
8.490844099111602191e+03
8.492796314945304402e+03
8.494749712235243351e+03
8.496702074177954273e+03
8.498653982816840653e+03
8.500606785947449680e+03
8.502558925283979988e+03
8.504511135753949929e+03
8.506463203198029078e+03
8.508415689594636206e+03
8.510367652183480459e+03
8.512320665729874236e+03
8.514271569131124124e+03
8.516223685288183333e+03
8.518175728302670905e+03
8.520127206093135101e+03
8.522079623310773968e+03
8.524031136394920395e+03
8.525982984946278521e+03
8.527934812228215378e+03
8.529886094304658400e+03
8.531838104968090192e+03
8.533789396594311256e+03
8.535741086741923937e+03
8.537692341070180191e+03
8.539643863301273086e+03
8.541595335720578078e+03
8.543546773387288340e+03
8.545497933522883613e+03
8.547448859577571056e+03
8.549400128285033134e+03
8.551351694254381073e+03
8.553302157274911224e+03
8.555252848895323041e+03
8.557204366867135832e+03
8.559155964680374382e+03
8.561106487644452500e+03
8.563057299916861666e+03
8.565007803775233697e+03
8.566958909096216303e+03
8.568909663855471081e+03
8.571836457949424585e+03
8.574759885786428640e+03
8.576711517149284191e+03
8.578661823307520535e+03
8.580612733874151672e+03
8.582563431971688260e+03
8.584514169220115946e+03
8.586463727284191918e+03
8.588413805340258477e+03
8.590362282587037043e+03
8.592314604758637870e+03
8.594264057308722840e+03
8.596214330090884687e+03
8.598164361956569337e+03
8.600114360172121451e+03
8.602063677206519060e+03
8.604014150632574456e+03
8.605964022414624196e+03
8.607914210072185597e+03
8.609863240842414598e+03
8.611812592842321465e+03
8.613762431421984729e+03
8.615711916041662334e+03
8.617661896962654282e+03
8.619611147844318111e+03
8.621560672494008031e+03
8.623509489027310337e+03
8.625459041935811911e+03
8.627408403962603188e+03
8.629357676608547990e+03
8.631306567315372376e+03
8.633255992419712129e+03
8.635204973713418440e+03
8.637154110516816218e+03
8.639102749559840959e+03
8.641052189916021234e+03
8.643000888395259608e+03
8.644949488602256679e+03
8.646898425856439644e+03
8.648847221515021374e+03
8.650795719896670562e+03
8.652744382052978835e+03
8.654693058894992646e+03
8.656641486542410348e+03
8.658590412093341001e+03
8.660538616901245405e+03
8.662486685021716767e+03
8.664435207023690964e+03
8.666380961710936390e+03
8.668331486949711689e+03
8.670277973778236628e+03
8.672227923909396850e+03
8.674176214797353168e+03
8.676123993563451222e+03
8.678071810614401329e+03
8.680020290620008382e+03
8.681967913527487326e+03
8.683916590152181016e+03
8.685863534609021372e+03
8.687811312785188420e+03
8.689759440670582990e+03
8.691706600568508293e+03
8.693654243953291370e+03
8.695602125741665077e+03
8.698522544260698851e+03
8.701444387610023114e+03
8.703391500466992511e+03
8.705338904194855786e+03
8.707286222626233211e+03
8.709233626425408147e+03
8.711179862479159056e+03
8.713129032416431073e+03
8.715076316205804687e+03
8.717023760988773574e+03
8.718970676239983732e+03
8.720915706246243644e+03
8.722861979660778161e+03
8.724808811713828618e+03
8.726755852727257661e+03
8.728702744350481225e+03
8.730649054878238530e+03
8.732596392760653544e+03
8.734541837584341920e+03
8.736488880348990278e+03
8.738436173627262178e+03
8.740381515938450320e+03
8.742328281580146722e+03
8.744274745884882577e+03
8.746220351154333912e+03
8.748166905415408110e+03
8.750113123580505999e+03
8.752059393591278422e+03
8.754005261168949801e+03
8.755951396787328122e+03
8.757897245126556300e+03
8.759843487189502412e+03
8.761788936643473789e+03
8.763734702942741933e+03
8.765680797918208555e+03
8.767626224667479619e+03
8.769571950104573261e+03
8.771517475317037679e+03
8.773463312017964199e+03
8.775408624978021180e+03
8.777353835281885040e+03
8.779299554033201275e+03
8.781244891145233851e+03
8.783190043973747379e+03
8.785135548689922871e+03
8.787080278838941013e+03
8.789025774089808692e+03
8.790970878847063432e+03
8.792915811789487634e+03
8.794862625463025324e+03
8.796806163284914874e+03
8.798751022902826662e+03
8.800695556591737841e+03
8.802640553931452814e+03
8.804584779616143351e+03
8.806529870900112655e+03
8.808474537217301986e+03
8.810419052072506020e+03
8.812363350753188570e+03
8.815279467314892827e+03
8.818196570836053070e+03
8.820137949347306858e+03
8.822084941176401117e+03
8.824029912963107563e+03
8.825973771323897381e+03
8.827918192034372623e+03
8.829860817681823391e+03
8.831806284068636160e+03
8.833747088043286567e+03
8.835678353704312030e+03
8.837620974874305830e+03
8.839570505464896996e+03
8.841513943873747849e+03
8.843462667513025735e+03
8.845412195981360128e+03
8.847356363263616004e+03
8.849300340151567070e+03
8.851243864706206296e+03
8.853187284574256410e+03
8.855130643048754791e+03
8.857074256498579416e+03
8.859017498858091130e+03
8.860960535058358801e+03
8.862903734311888911e+03
8.864847265995222187e+03
8.866789946196384335e+03
8.868733139330148333e+03
8.870676145329447536e+03
8.872619166666241654e+03
8.874562049015108641e+03
8.876504828843593714e+03
8.878447673411763390e+03
8.880390607203462423e+03
8.882333285570919543e+03
8.884275723679822477e+03
8.886218227824409041e+03
8.888160820906388835e+03
8.890103391049950005e+03
8.892045970534365551e+03
8.893988198870792985e+03
8.895930580029908015e+03
8.897872913589328164e+03
8.899815332489812135e+03
8.901757009211234617e+03
8.903699267638283345e+03
8.905641630705849821e+03
8.907583304462534215e+03
8.909525441286326895e+03
8.911467306625352649e+03
8.913409486480437408e+03
8.915350549352016969e+03
8.917292100705051780e+03
8.919234291307568128e+03
8.922145736719414344e+03
8.925059333796385545e+03
8.927001073687744793e+03
8.928942068191941871e+03
8.930883813956177619e+03
8.932824778301603146e+03
8.934765985031081073e+03
8.936707512836206661e+03
8.938649178930143535e+03
8.940590209059031622e+03
8.942530801052409515e+03
8.944471568526940246e+03
8.946413209944934351e+03
8.948353695800729838e+03
8.950294420420530514e+03
8.952235871192586274e+03
8.954176080803053992e+03
8.956117230881964133e+03
8.958057496475918015e+03
8.959998231248622687e+03
8.961938755182893146e+03
8.963879383226572827e+03
8.965819733922313389e+03
8.967760106791107319e+03
8.969700738391009509e+03
8.971640651537645681e+03
8.973580865991742030e+03
8.975521007367371567e+03
8.977461502742033190e+03
8.979401334364427385e+03
8.981342125784454765e+03
8.983281090868051251e+03
8.985221174805488772e+03
8.987161124142983681e+03
8.989101041295596588e+03
8.991040886601207603e+03
8.992980466645365595e+03
8.994920278188799784e+03
8.996859421344104703e+03
8.998799265393254245e+03
9.000738871241663219e+03
9.002678234006001730e+03
9.004617729369107110e+03
9.006556606403726619e+03
9.008496792693520547e+03
9.010435325491955155e+03
9.012374653271745046e+03
9.014313791505319386e+03
9.016252813997400153e+03
9.019161161496604109e+03
9.022070086485495267e+03
9.024008498903805958e+03
9.025946857115301100e+03
9.027884472005276621e+03
9.029824700592505906e+03
9.031763679621684787e+03
9.033702031858589180e+03
9.035640582316247674e+03
9.037579044614762097e+03
9.039517460961858887e+03
