1.146057897732766406e+01
3.856984243211184094e+01
2.831104084849754088e+01
3.592485920198306815e+01
1.891845281528304668e+01
2.451512198834714695e+01
2.707481864450211262e+01
2.158529999957440992e+01
2.639251825986176314e+01
1.629375388183573392e+01
1.817046315800596901e+01
1.347963402916682085e+01
2.512713174161930851e+01
2.220266299303438018e+01
2.679561948111437886e+01
2.982701029821529914e+01
2.215143558248205125e+01
3.162356586173248374e+01
3.075560343216661252e+01
2.376034886126246803e+01
3.171664492003996827e+01
2.759258523586053258e+01
2.497793276636300419e+01
2.876015204783324819e+01
2.595843474276723839e+01
3.346206492584985170e+01
1.921719103294069697e+01
3.295080350468087715e+01
2.246023085607038539e+01
2.245924259800637657e+01
3.416022493022662587e+01
2.756369609334630510e+01
1.800327026558368004e+01
4.160223392608332915e+01
3.862490436277875716e+01
3.865701368402506688e+01
4.465593912351291550e+01
3.012965087987889845e+01
3.211542938239807654e+01
2.580679742053535364e+01
2.341795581142233473e+01
2.115075527411689293e+01
1.437271782075354842e+01
2.759235906646273051e+01
1.019124061429317507e+01
2.695713253111600594e+01
2.461427457468597879e+01
2.968982762658981045e+01
2.383396879913559729e+01
4.277299171711896975e+01
3.921970867739977251e+01
4.238941192282329951e+01
4.012193462022045054e+01
3.678847014916085811e+01
4.140719099211617049e+01
3.174052390511707245e+01
3.096456527988004837e+01
4.256361014108036755e+01
3.256143370738922727e+01
4.312292867376839212e+01
2.792741176557778360e+01
3.027923898354520205e+01
3.186209685159858651e+01
2.190723627193933964e+01
2.691145046480426828e+01
1.994908357237494201e+01
1.185896160652105102e+01
1.291096673716435461e+01
1.928819188499401704e+01
3.189198983838936030e+01
3.198530880942504240e+01
2.513309611833350132e+01
2.830505786376188482e+01
4.659828540043613998e+01
4.316029238521525713e+01
3.464631426104831036e+01
3.972739114030154894e+01
3.966841892086493004e+01
4.325956490415515532e+01
4.722022034839428528e+01
4.833380065118224422e+01
4.650138561079567268e+01
3.464411135949129772e+01
4.367370054366849530e+01
4.319086242949586563e+01
3.860122280833616060e+01
3.516627208169468588e+01
4.883570106284727075e+01
3.949778920460934017e+01
5.080113208879734543e+01
5.355862972699541302e+01
4.623545217840671739e+01
3.878150552892592628e+01
2.658478026737100564e+01
3.662205486487847139e+01
3.485272184664927408e+01
3.232548721168137007e+01
4.369908899710741679e+01
3.450386639206067230e+01
4.434355179444374784e+01
2.943195634785097070e+01
3.269540910160301905e+01
3.397821655483386394e+01
2.407640028160354362e+01
3.507348594433916844e+01
2.565973933697184606e+01
3.731264193085814185e+01
4.321828585151572355e+01
2.898354599132853693e+01
3.589965471068185821e+01
3.625927419089120463e+01
3.751878359069885960e+01
4.350627653468193756e+01
2.517717633619310291e+01
4.444341896809359582e+01
4.405068199741035073e+01
3.893277243773044205e+01
5.887408955809636524e+01
3.362865702333260742e+01
4.170528979609713360e+01
5.198425778971755307e+01
4.881833778057485773e+01
4.005485729461356925e+01
1.963350543864495279e+01
3.407379589109228135e+01
5.212123222706709669e+01
3.932221681169001926e+01
4.268444264181987791e+01
4.350074797109593305e+01
3.605480941687591923e+01
3.830821175241090515e+01
3.868396730812527551e+01
3.151956454439677557e+01
3.294442495560915063e+01
4.166556017041372684e+01
4.110805814976652783e+01
3.967676507241637296e+01
4.076758647118910517e+01
2.897219361187742592e+01
3.895284611005891406e+01
4.316585080552493281e+01
4.664628168290575161e+01
4.519691944511245651e+01
3.279884871239773503e+01
4.403118872868247990e+01
4.242784288303648310e+01
3.324175903850360214e+01
4.406554427420776676e+01
2.854606957796805489e+01
4.124442811983406898e+01
3.134731790858346301e+01
3.423297706572096644e+01
3.762839918583761545e+01
4.790815385396616222e+01
3.162089169647361331e+01
1.994190454407720381e+01
1.627216171554211499e+01
1.232053101677737494e+01
2.685436246633405943e+01
3.443958919324308710e+01
3.986043419634457052e+01
3.158821575629901801e+01
2.056835246984930166e+01
2.840909830507798617e+01
2.700804206272083619e+01
3.151821435285730999e+01
3.907950019882196813e+01
4.317331971057814144e+01
4.320414484654048692e+01
4.929204976709004171e+01
4.381957634357199538e+01
4.631108698258289280e+01
4.547066810311356733e+01
4.284247550739341648e+01
4.596840105045907876e+01
5.113674118986136108e+01
3.784376254922900529e+01
3.966486744924323204e+01
3.746895258703430187e+01
4.212586987665773108e+01
4.757010967200881879e+01
5.078479573345666154e+01
4.156690723363303874e+01
3.919495949150292091e+01
3.772999726765186779e+01
4.062087838097691872e+01
3.803385307737715948e+01
4.743834978356502319e+01
3.788017237816855953e+01
3.876407124685837857e+01
5.967590334321707957e+01
3.810879040972774590e+01
3.392173959818263285e+01
3.510157005846956935e+01
5.888954940999646936e+01
3.979921779017433181e+01
3.301466228892234511e+01
4.773145266207899340e+01
4.107207310562150582e+01
4.770479592811209812e+01
5.036916272888024793e+01
5.437531477606626140e+01
4.758416882264045000e+01
4.118893787587311550e+01
3.342230712051594566e+01
4.732428282063333569e+01
3.952007972288590310e+01
4.396084208114548630e+01
4.892112512690890469e+01
4.533846399110826297e+01
4.466262548484179007e+01
4.912775284821424293e+01
3.970087491296070681e+01
4.123771346922418246e+01
3.968513452596109659e+01
3.558203223602940568e+01
5.491377652008123533e+01
4.547969294759609937e+01
4.972150807214745072e+01
4.925726461205758255e+01
4.204143202230705612e+01
5.815393968192128682e+01
3.917685166366278082e+01
4.550544165458619261e+01
4.543504926061984861e+01
4.672619573106876345e+01
5.649994951162486245e+01
3.328716507587095208e+01
2.914786258716494061e+01
4.741661320721826200e+01
3.125316196422287973e+01
4.109336032209828460e+01
4.160328105554096112e+01
5.351310673823993369e+01
4.592667415752959670e+01
4.348071340645839200e+01
5.050896711932242056e+01
3.917353990927887253e+01
3.782570608457451300e+01
5.099144231934455007e+01
3.697464846761261015e+01
4.357663623145272425e+01
2.920870790247716187e+01
3.379572260082450441e+01
4.893151290849603896e+01
2.692199625622054171e+01
2.948690286338007738e+01
2.991229653915716824e+01
4.886140729836454710e+01
2.926130531267056156e+01
4.021760430032928468e+01
3.513980492642122044e+01
3.388090012467063161e+01
4.140869701423170568e+01
4.121945026299412262e+01
3.146348419320349166e+01
4.337833313557112547e+01
4.231319020814374454e+01
5.818055157816809242e+01
4.024650422778515235e+01
3.633372979211826959e+01
3.392792556505535373e+01
4.526166420406248392e+01
4.184969332686568322e+01
4.065575524944544838e+01
4.053314605339339494e+01
5.345596327350745014e+01
4.678613239673219937e+01
5.403218280052265499e+01
4.794373605039547215e+01
4.312443873359055146e+01
5.681920010973534829e+01
4.737472174800783620e+01
4.096806087499146543e+01
4.692780389931206741e+01
5.235852319406993161e+01
5.864896383411423386e+01
4.592731884917318297e+01
4.488935872722508691e+01
3.575090144991216334e+01
6.182253148794285380e+01
4.448365066956027647e+01
7.692375438908663909e+01
4.890959267942991318e+01
5.219784494839917244e+01
3.718690177369191474e+01
4.376430759536949466e+01
3.521699281964269090e+01
4.351268868053312389e+01
4.203555413734935087e+01
6.312195271104086913e+01
4.667125948572228822e+01
4.224638573063850089e+01
5.977692374287725841e+01
5.850784019071947739e+01
5.220979643917789303e+01
4.585742924762349304e+01
4.587218587972835593e+01
4.261858598691985378e+01
4.163206670299980772e+01
4.358255258473911198e+01
5.876587365126361817e+01
4.855396490919894603e+01
4.780068554243250389e+01
3.667245468812115661e+01
4.378620976192222969e+01
4.915891021908010572e+01
3.196837330937070121e+01
3.934934180727784536e+01
5.675892810668572253e+01
3.419173516617713915e+01
5.261957452363295573e+01
4.934389577642684799e+01
5.539172970784865413e+01
4.796357086278145943e+01
4.332067142174792451e+01
3.777600322886043216e+01
3.996275466125185005e+01
3.433622377444076079e+01
4.669092156143067740e+01
4.491093379651659490e+01
4.781055006490435488e+01
5.134609801785352801e+01
4.108266578787380752e+01
5.024570371618331421e+01
6.128926785257510801e+01
5.278855652073237792e+01
3.870249444763441460e+01
4.391288888171301608e+01
4.480652135502283784e+01
4.825553669761505660e+01
5.370254825165412171e+01
5.407098286936592046e+01
4.933181963178591189e+01
3.678664444415629475e+01
4.994583738430000608e+01
5.937561111683278625e+01
4.088345205131177096e+01
4.472388708666092327e+01
3.665409166510497130e+01
4.490770119602995436e+01
5.074394183106482359e+01
4.389419177348723622e+01
5.234235878691165311e+01
5.348655677018174259e+01
4.673364379668276314e+01
3.191087873380795159e+01
6.118797759076521459e+01
4.862303740642062166e+01
4.370638373786452036e+01
5.352792655052816428e+01
4.538460711028240269e+01
3.396169836443247902e+01
5.443989921115647945e+01
5.119042928181808350e+01
4.579288943935870293e+01
3.977138762577121156e+01
3.279134990735440169e+01
4.155991051450759244e+01
3.964837210395771905e+01
4.465415454944631080e+01
4.551445577463972114e+01
3.944221212991855197e+01
3.386596894740865338e+01
2.784662313859305982e+01
5.086042893027158840e+01
3.106620069603153667e+01
4.599396600688136516e+01
3.502037570035331271e+01
3.849064648452526427e+01
5.183899995669426630e+01
4.103145982549476400e+01
3.807521815219521244e+01
3.852832450005955423e+01
3.577219538698165024e+01
2.900468709757969776e+01
4.149706542716128155e+01
4.292303187026485745e+01
4.317675672525526664e+01
3.854550060122961952e+01
4.849967962317776227e+01
3.193423196739960446e+01
3.662007171028652408e+01
4.237430755976733110e+01
3.981276153654550143e+01
3.930348573715357219e+01
4.078247180113108072e+01
3.828906626774095656e+01
3.399238496005938259e+01
4.401263618100165331e+01
4.784647588264936502e+01
2.826323385428307589e+01
3.726644313189056135e+01
3.588860414735520976e+01
3.549220449123483689e+01
5.170390515743660131e+01
4.067073176886306385e+01
2.869320798528696415e+01
3.793552491251967496e+01
4.148565097185935002e+01
4.023101934350445674e+01
3.636156359078438527e+01
3.449572780615000056e+01
3.206829685572972721e+01
3.641137805463745281e+01
2.922940032350830464e+01
3.025407211834633969e+01
2.940629547739235150e+01
4.560017403271853453e+01
4.072393087981880910e+01
6.054916477054798207e+01
5.793023945580595324e+01
4.357829634827137255e+01
3.237927458353126298e+01
3.049597461158709066e+01
3.639849659821945949e+01
3.087876702196994927e+01
2.065893322668172871e+01
2.851746710213748770e+01
3.790856935605350486e+01
3.223380231642861560e+01
4.315450087459328898e+01
5.273998203335828805e+01
4.504718087399374582e+01
3.152850510091725056e+01
4.293922245030240958e+01
5.145282918560389618e+01
4.266592019361544175e+01
5.542731143159716112e+01
4.439622231935976515e+01
4.647666521113458771e+01
4.164143020982844945e+01
3.954857730332705046e+01
4.509852629543293290e+01
4.212919117264390678e+01
4.946348854566553399e+01
4.652297049047356836e+01
3.380757857995926940e+01
4.658741801492026013e+01
4.869901335649300478e+01
2.181778913167278944e+01
5.394925144774730086e+01
3.975918548934121333e+01
4.859531876601278100e+01
4.800372724300811456e+01
5.471044541520602422e+01
3.915735788441215703e+01
4.741452857380379271e+01
4.417347823637535242e+01
5.571036652495003239e+01
3.665005772625961811e+01
4.734681697971503667e+01
4.543037300758046371e+01
4.945589781909031757e+01
4.258155100257461356e+01
4.131444010845606130e+01
3.874663331870873861e+01
4.775776126820820622e+01
4.134264259553312826e+01
5.082390053263416974e+01
5.167036631653168399e+01
5.142926332377923160e+01
4.637447207367002022e+01
3.869338043382065706e+01
4.912584217474544346e+01
5.113134481267195497e+01
5.296519116278409456e+01
4.511518528888757373e+01
4.870133685755583031e+01
4.550708447932773026e+01
4.621039051319456803e+01
4.739679828766883674e+01
3.507455904970664307e+01
4.848866152747018532e+01
3.689784374563220126e+01
4.785397743639443746e+01
4.140978204117087813e+01
3.855699858072315322e+01
5.177928696217605875e+01
5.141408788109326622e+01
4.841216705325105352e+01
3.817299287893541049e+01
4.442310538637603656e+01
4.397048884718224571e+01
4.850725757824062612e+01
4.034033709359636077e+01
3.974374694508925643e+01
4.892407481319557405e+01
4.764576660512460649e+01
4.353508814131980387e+01
5.507849637651739272e+01
5.331524036632917074e+01
4.578103318576700076e+01
4.803114830096233590e+01
4.308407066612019776e+01
4.276580472398767796e+01
4.884718050396394773e+01
4.360231026813885080e+01
3.870872743625464807e+01
5.723526297077180658e+01
5.108497490419564002e+01
3.553670780600457846e+01
4.205449151299793442e+01
3.906866200443595716e+01
4.379188031729476194e+01
4.841953508144906948e+01
4.697812254033203772e+01
3.569823787633831103e+01
4.324239245014992861e+01
5.755108222931967532e+01
4.649139964847005047e+01
5.736314557540484316e+01
4.654380074858441674e+01
4.673602487830768837e+01
4.337698433555326716e+01
5.376364235917188239e+01
4.602394558619024423e+01
4.945841087597613495e+01
4.621520772606787375e+01
4.597611436251123962e+01
6.352281269644129225e+01
5.098544195759244246e+01
5.188001269017627948e+01
4.876298431790240073e+01
5.048534128234320661e+01
5.733365269689033283e+01
4.951179420190491953e+01
4.905561778420881325e+01
3.816060708378560662e+01
5.516364495620801733e+01
6.378565891010092770e+01
4.522629061944202533e+01
4.271566752772793762e+01
4.660493793442801547e+01
4.416791260231336480e+01
5.317590125746492191e+01
4.857366051105211113e+01
3.426980726971769542e+01
4.187419139602937435e+01
4.209952455818369543e+01
4.336644399624332635e+01
5.629296197804158908e+01
4.696025336492175484e+01
5.519620595281892150e+01
4.891773048254335521e+01
4.954631324722368646e+01
3.939628766680474570e+01
4.778479336504892672e+01
4.298533853533396609e+01
3.364447503131020767e+01
3.848530253865342132e+01
5.213579348433638927e+01
4.207038068741123027e+01
5.215642952850392078e+01
3.204059441874697711e+01
4.315541313871924700e+01
4.198351831305226511e+01
4.318808869827961416e+01
5.175554866206466897e+01
5.022009487446266718e+01
4.328467480538550660e+01
5.155985611207750452e+01
3.859422766582630260e+01
3.950843304599541028e+01
5.486932073012209798e+01
4.899698369514599960e+01
3.288940703494019857e+01
3.887684340513604297e+01
3.866372349168548084e+01
3.444475682277438011e+01
4.625143305180935727e+01
5.538475017271910161e+01
3.857707424922030270e+01
4.135083593967272719e+01
4.754075934500615830e+01
4.427377279325794035e+01
3.562099705309508835e+01
4.595480803140412718e+01
4.973978098743774012e+01
4.784472383260109041e+01
4.087011916421349156e+01
4.650335148996246915e+01
4.757302059125832017e+01
3.699200400776605591e+01
5.641917653323823600e+01
3.995002382184464551e+01
5.099929218438845169e+01
4.525411764309823326e+01
3.159779535137460016e+01
4.222631001315155430e+01
4.658716879117510956e+01
3.369453539195722414e+01
4.954395774433788091e+01
4.726229783699367459e+01
3.831344948541310913e+01
3.930928099543325516e+01
5.248723839634145349e+01
4.462843129578160983e+01
3.373015453923921569e+01
5.150068681790559566e+01
4.039927813241677512e+01
5.620507018274903999e+01
5.542871865456150005e+01
4.770316899560717872e+01
3.893750468778655716e+01
4.683851470911132253e+01
3.429192531928907783e+01
6.323671170829754118e+01
5.024399947809287426e+01
3.197597656209946138e+01
4.260310000921290907e+01
3.981950694829742332e+01
2.832218297389680117e+01
5.522620851640082407e+01
5.493505101682864478e+01
4.131932793662553394e+01
5.539872022275487495e+01
4.731749979912160597e+01
3.909249390674774105e+01
4.398142510157413199e+01
4.602301145518011083e+01
4.174230704893721366e+01
4.454380635028301327e+01
3.942979874312808874e+01
5.037458377827032763e+01
3.886925142579541159e+01
4.587880684033124368e+01
4.254123155598562533e+01
3.713248368586565107e+01
3.391294243283581267e+01
4.767648944461700466e+01
3.990268534094644792e+01
3.602175108379778834e+01
3.966215539328334927e+01
3.453029022317105756e+01
3.461704216052167737e+01
3.485149855211027159e+01
4.978129011937446791e+01
4.055069842661180957e+01
3.646601555548503626e+01
4.638621939363996205e+01
4.795572199769589616e+01
5.770340827875618572e+01
3.902769804931543973e+01
4.649584650143109599e+01
2.092307464144592188e+01
-6.122208193161161383e+00
5.125967365996244496e+01
3.314610489916482550e+01
4.293012661904633376e+01
3.982397017676704820e+01
5.286974195379926300e+01
4.271150630048008168e+01
4.024488466828911726e+01
4.076234380506055288e+01
4.484827537749653459e+01
4.239782836763506424e+01
3.893701617463252518e+01
4.376769552314526379e+01
4.773669665018344688e+01
3.618540718085704810e+01
5.801301144083067385e+01
4.488826684695199987e+01
4.343764511741217405e+01
4.393565781601940756e+01
4.485845668206804504e+01
4.924639497078289452e+01
4.443851643620101299e+01
3.925439308420883577e+01
4.633622673967395400e+01
4.119651300548294870e+01
3.815080292011450069e+01
3.505715896165123979e+01
4.678159853729843576e+01
3.240907867417416099e+01
4.829868331965997186e+01
4.469668582438610116e+01
4.745895219951917454e+01
6.362157391116229022e+00
5.059904166986456175e+01
4.059157786268471568e+01
4.182687073685228540e+01
4.381557487217079938e+01
4.784681221729835698e+01
4.390704041589535933e+01
4.252414926281820584e+01
4.072150626317429811e+01
4.236991009864385660e+01
5.562786396112588250e+01
4.853067060967035928e+01
4.622059416351391548e+01
3.300044056202687415e+01
5.401185376369450353e+01
5.104529573091478056e+01
4.058077362325312265e+01
3.684729964730092178e+01
4.319174007638137169e+01
5.201821540298986690e+01
4.224083201625469286e+01
4.559998730375001230e+01
5.834603380686934315e+01
4.240884123459589716e+01
4.853701412824594286e+01
4.723011406465144546e+01
4.601160042370874237e+01
3.862355144479104752e+01
4.579113651012492170e+01
4.560833797757582886e+01
4.897244713087120260e+01
4.085056286855640906e+01
4.662862349517454419e+01
4.063633271829586846e+01
4.641302889614750882e+01
4.562891737744897824e+01
4.301077042130333439e+01
2.874069309993226184e+01
4.855406269178657652e+01
5.355401443495735236e+01
3.826684858500364328e+01
4.957389236618111283e+01
4.983744104704602762e+01
5.123978931403658521e+01
3.732306250331502895e+01
5.533936048471125702e+01
4.585485733896371841e+01
5.651286080742623597e+01
4.248690895151920444e+01
4.368614967675038940e+01
4.418260663359061624e+01
5.227921338079236335e+01
4.295916121551053379e+01
5.302010516058093970e+01
4.772186990468696877e+01
3.697076926956485465e+01
5.234399992353839792e+01
4.594166994014411642e+01
5.305100987218617803e+01
3.907667218077426696e+01
6.016599580554135684e+01
4.003180105664934274e+01
4.649731516919346319e+01
3.751494364123011138e+01
4.222650147416266009e+01
4.957657851901213775e+01
4.467517276004590343e+01
1.736102706904360460e+01
3.729926949357469823e+01
4.687515137603580939e+01
5.064582999218134063e+01
4.162681079567114750e+01
5.576371951242796854e+01
3.860937903626374634e+01
5.280274111156998629e+01
3.204898900870023937e+01
4.462305877865884440e+01
5.099251742160458889e+01
3.985920143630710299e+01
4.651479083577144991e+01
3.929125200571350973e+01
4.922516828419394841e+01
7.557697102920863585e+01
7.615610076495499925e+01
1.010632555931987184e+02
8.804642303886755883e+01
6.729758561327270172e+01
5.328273462067761557e+01
3.893967612205380391e+01
4.536278497260553877e+01
4.387685351235673181e+01
5.078397595716324275e+01
3.607008935151126394e+01
4.462271271600613431e+01
4.037652348283710779e+01
4.665807396795007378e+01
5.438868420750246457e+01
4.024313263610198987e+01
4.663734100317029174e+01
4.498179536525243805e+01
4.016779561116022279e+01
4.482175344468723921e+01
4.054113798887664899e+01
2.792538515787827436e+01
4.562898041842325370e+01
3.784439416402400269e+01
4.997005721212249085e+01
4.192521048252308447e+01
4.342172887647136292e+01
4.725874573450345650e+01
5.440024172507259692e+01
4.772523009498575419e+01
4.724265114923898068e+01
4.121244472850752061e+01
4.282136928709453372e+01
5.056712345728532654e+01
4.733771803541311129e+01
4.656386575823871254e+01
5.559104360753751450e+01
3.755330770222322201e+01
4.547674471772573668e+01
4.671705890092521685e+01
4.737859261154046209e+01
3.811528139473936960e+01
3.964534270886393585e+01
4.084884722608271090e+01
5.655882619439243086e+01
3.790199716184010015e+01
4.396207214366761917e+01
4.831783151115119068e+01
3.833884009118364844e+01
4.087412434639725234e+01
6.368468773884447387e+01
5.088836372201826919e+01
3.828886762390206400e+01
4.021318131665633899e+01
4.644429255008714819e+01
4.434225746011688329e+01
5.024134585774152129e+01
4.702428661772469809e+01
4.631261910345455846e+01
5.162272961999089205e+01
4.275744244988021592e+01
4.154597404681356210e+01
4.286712880808690329e+01
3.893948734203321749e+01
5.579780825223312490e+01
4.608281937384438010e+01
5.789050077207995315e+01
7.527335895103942676e+01
5.538383685579872662e+01
6.715687705205415625e+01
6.051875054175304314e+01
4.912027364023244047e+01
4.059134491683951751e+01
4.565295111239896642e+01
4.857357171456462197e+01
5.221943425782509962e+01
5.241686465417970453e+01
4.413468478004815410e+01
5.083286788205379736e+01
4.810003737008629798e+01
5.752760590745931779e+01
6.060529626992939711e+01
4.906908099596618200e+01
4.919533824399378830e+01
4.031828554270445863e+01
4.312463545930488351e+01
4.880894940117795500e+01
4.321449197702561662e+01
3.785866573681204272e+01
5.156840311602414317e+01
5.061794589710864045e+01
4.437734152135985255e+01
5.349519743913144509e+01
4.306958566189859994e+01
4.204944442964372087e+01
4.937640651092921473e+01
3.804095011027889228e+01
4.837353029425484152e+01
4.186460700758435394e+01
6.487379997460773495e+01
7.853203741482538192e+01
8.836487721106402660e+01
8.563026191026396816e+01
6.896072079213907102e+01
4.413245007699009648e+01
4.892268501726179153e+01
3.963091202371135324e+01
4.682437710708395429e+01
5.146659063803895862e+01
5.386715201002228781e+01
5.081841612725939683e+01
4.448069081160267757e+01
4.468429910122262783e+01
4.762652001933265211e+01
4.833984196011667933e+01
3.908630879540881153e+01
4.198967791321339860e+01
4.331684991105876747e+01
5.181378972005582995e+01
4.261601590168214670e+01
5.180728990058607764e+01
4.508106286391929274e+01
4.633257421534857201e+01
4.678262168232939189e+01
4.620871753308524887e+01
2.755268071564446331e+01
4.250732974528455088e+01
4.684297704691657316e+01
4.579702339181954329e+01
4.685654428298789043e+01
4.492839600614532003e+01
4.598352791678529172e+01
3.907649787298559119e+01
4.264760921004325667e+01
4.020068775811679274e+01
3.743177615305474859e+01
4.791557212660411125e+01
4.401691525148841322e+01
4.731026452958639794e+01
4.272594958225940331e+01
3.571931994086948237e+01
4.197247595537930920e+01
4.286825728526525126e+01
3.849408074869852925e+01
4.472993625579148613e+01
4.528212982177139878e+01
3.755372038231912057e+01
4.983661061402294479e+01
4.471127387613908155e+01
3.656440229115044360e+01
5.096746294440549718e+01
2.756865699815477910e+01
4.358916382416109059e+01
3.526195327750756547e+01
3.849923250783429296e+01
3.914782253567151571e+01
3.372007915281612611e+01
3.689327105420492359e+01
3.734360943388345078e+01
3.643311642721282340e+01
4.770864448796298518e+01
5.493210917908743340e+01
4.560481974509265513e+01
4.912852387914698227e+01
4.840623733653611538e+01
4.755861918800894728e+01
3.668545983747205241e+01
3.965550829068340732e+01
4.096279060945179396e+01
4.492198559804025138e+01
5.515992904566330424e+01
4.673500211108447644e+01
4.525059976061579903e+01
4.443834431679820796e+01
4.054117977591243971e+01
4.631047139566239679e+01
4.583151830615688027e+01
4.181514418346706208e+01
3.911372047781415517e+01
4.654706473591180327e+01
3.099623347932922357e+01
3.340857929852827368e+01
5.730252935346381804e+01
2.730636449465703919e+01
4.065134181579425388e+01
3.648970727005768566e+01
4.557576862474811463e+01
4.337707848091410057e+01
3.565768379029893254e+01
4.132157371362096399e+01
4.437603398189884274e+01
4.008026439041222488e+01
3.755856402253181159e+01
5.290451341063110391e+01
3.405152498983942877e+01
4.481138871999429796e+01
3.762786867750455144e+01
4.104781067255985505e+01
4.973450152427742665e+01
4.852677602373849908e+01
4.418004932363914605e+01
3.603837754116805314e+01
5.184323701741759294e+01
3.976967102452339731e+01
4.195186106236613455e+01
3.589574328360986755e+01
4.460738999047547537e+01
3.908332404510582592e+01
4.830348339727659379e+01
3.317825199276666126e+01
2.326048744089903053e+01
3.362562651283661808e+01
3.766465288307463055e+01
3.354996134685519849e+01
4.663006056203967375e+01
3.984333283316591690e+01
3.434130217000905816e+01
4.417682963934568363e+01
4.670012591816347225e+01
4.296511086344055030e+01
3.917442400801894564e+01
4.534902370424621409e+01
4.495770725221049702e+01
3.562980516900341144e+01
2.460842734479871297e+01
3.662091272494910754e+01
4.755277188431254842e+01
2.916353275139130119e+01
4.501156591890259762e+01
4.504373890001480163e+01
4.082374549013633214e+01
4.542715848872860107e+01
4.375973355597438541e+01
4.711236462436088601e+01
4.131033759866223676e+01
4.710448900238104386e+01
4.479729187537469670e+01
4.023679133648519723e+01
4.535594132697755043e+01
4.832323902354199419e+01
4.830013187025706145e+01
4.011363469251052294e+01
4.350018784386301718e+01
4.029175249233375666e+01
4.185695864331580651e+01
4.337550300589729346e+01
4.796884364945228185e+01
5.241606875383578767e+01
4.172234545616453261e+01
4.360374052643425813e+01
5.117596966832559247e+01
4.346347913521669426e+01
4.724871278456156887e+01
3.981133370865436660e+01
4.247432688571392845e+01
3.765061875649585232e+01
4.515800096331845026e+01
4.035624421020708752e+01
4.072725675860117178e+01
4.291506359010559635e+01
5.324887365517941618e+01
3.757827511963581202e+01
3.909241629902355442e+01
4.964204711324026675e+01
2.767879693244015726e+01
4.066348153597496662e+01
4.361098291400750071e+01
4.616258839824586602e+01
4.204375337727488215e+01
4.421924146270090006e+01
3.783586854968810798e+01
4.398364130752599266e+01
4.196447347670498829e+01
4.273618557552989472e+01
4.253973855418608707e+01
4.847191404808758364e+01
3.940681527216430169e+01
3.132784562056808042e+01
3.850571641271339729e+01
3.484038295729311585e+01
3.988934586854485786e+01
3.916622001136602904e+01
3.976500126941741797e+01
3.896167656724140471e+01
5.057156887541246704e+01
4.837312864278016633e+01
4.228487654746270863e+01
4.686097560211485558e+01
4.204547340457619953e+01
4.273214331389331733e+01
4.354590691751977971e+01
4.490020846617658634e+01
5.081100050630391962e+01
5.092423864547274803e+01
4.820976172216687416e+01
4.924369005214083472e+01
4.210517039834045505e+01
5.244929399565486960e+01
3.369910516533978040e+01
5.315950327527922781e+01
4.502753061515083033e+01
4.131813939710674788e+01
4.995600874131864799e+01
6.040456974497857345e+01
5.034343355759764904e+01
4.640253237708525802e+01
5.769054836517467777e+01
4.767929833829758479e+01
5.377056126541297942e+01
3.946110658454689712e+01
5.934350319326023282e+01
4.044746895478324689e+01
4.872793852684550586e+01
4.666918859929965890e+01
4.524786875822289289e+01
5.505169156153898768e+01
5.255527868280800163e+01
4.897102543287439858e+01
4.287039148729864735e+01
3.560007399270461548e+01
5.037194811523283278e+01
3.978136520043644708e+01
5.075190325329071328e+01
4.595397252344776717e+01
3.627548938729434980e+01
3.877439004362022956e+01
4.243585908760805125e+01
4.841931727099704830e+01
5.149255964380392214e+01
5.153948330611704876e+01
4.617602030911183419e+01
5.695141053660555031e+01
4.170868441253005443e+01
5.093809552247115846e+01
4.918344959602669064e+01
5.575230003880488283e+01
4.463409664415862466e+01
3.965278184576506959e+01
4.048983288106721545e+01
5.851179964544883916e+01
4.747807104955649038e+01
4.879574825404977645e+01
4.483075025630355981e+01
4.655307868357250101e+01
4.956527086417120387e+01
4.130280095878164559e+01
3.558344712588364445e+01
4.430784913018710824e+01
4.269450057804716891e+01
3.804396890956373056e+01
5.285727001881921439e+01
4.972151379283781125e+01
4.158054231222789809e+01
4.424737246379431355e+01
4.228528123755965140e+01
5.200726506185382192e+01
5.331503767117834514e+01
4.934019527891206991e+01
6.411194702094459785e+01
5.187107631589979206e+01
4.388843919777409042e+01
4.008373170257514317e+01
2.388962822345461845e+01
3.428496141683935150e+01
5.191595147504877872e+01
6.490381914317808310e+01
5.029266230021283945e+01
4.983658563482267567e+01
4.172140102035703535e+01
5.556409062988740288e+01
4.501466349905044950e+01
2.426813406870332912e+01
4.308040188310478413e+01
6.329100971193695102e+01
2.574334886497925723e+01
4.046090725826167755e+01
5.089478434589300804e+01
5.998565934177108261e+01
5.563115503176521770e+01
5.979494579219265660e+01
4.898250854262319365e+01
4.650166325289394820e+01
4.602992974663627024e+01
4.393730162319411647e+01
4.420658982450639485e+01
4.755340944521688584e+01
4.901709681812830866e+01
3.956662670638738888e+01
3.798419668648154612e+01
4.903986873443660244e+01
3.357396707929803625e+01
3.638341338267600378e+01
5.132638556115587392e+01
5.293604191012013871e+01
5.014830853464663818e+01
3.792778142384259610e+01
5.772763559368781472e+01
5.914772906426284038e+01
5.068190053292976671e+01
5.235827071018223933e+01
4.585714201413613011e+01
4.453748237018245959e+01
3.632295101659502734e+01
4.294618636853476801e+01
4.161252865203376672e+01
4.398928340508068402e+01
4.052694979013789123e+01
5.329870328341906571e+01
4.944746131576808068e+01
4.508496514807026045e+01
5.618589033047108217e+01
4.607756814707415316e+01
4.485737835957250752e+01
4.649092415334012429e+01
3.852281361370254587e+01
4.962642722137822204e+01
4.155126900426019887e+01
4.138645547676112812e+01
3.941811918443184481e+01
4.621539326504181844e+01
3.674569626502708530e+01
3.871986230343117796e+01
5.158775148839501412e+01
4.582618865833097033e+01
4.532680532194586931e+01
4.103268350024688260e+01
3.882075472788158521e+01
4.374909040745972533e+01
4.253454532681551115e+01
5.141662172223714578e+01
4.479928791648427477e+01
5.401062243183909573e+01
4.538431996076670316e+01
4.552191473700916191e+01
4.727187215564766376e+01
3.743173996533975156e+01
4.629175411267061691e+01
4.512136875868427666e+01
5.103798553202259569e+01
5.406136778399081066e+01
3.850234832707895549e+01
4.905192754596524907e+01
4.420791489287565668e+01
5.196375999808223156e+01
4.543152902135209104e+01
4.274169311660174486e+01
3.747531286207539836e+01
4.548960933292174502e+01
5.141185891201308777e+01
4.354656398549740715e+01
4.851444603310203263e+01
3.703251431573886521e+01
4.090152372239453626e+01
5.579107938539860356e+01
4.434364034107909447e+01
4.383511011952023750e+01
4.507011101607138670e+01
3.463412520986834409e+01
4.666336192179584685e+01
3.396414554556309895e+01
3.657911347234913535e+01
4.485336375302571099e+01
5.036667938607057948e+01
4.059760254076935126e+01
4.093903372510678906e+01
4.173220151306392012e+01
4.230024552190045739e+01
4.012932371829513301e+01
4.001207139469374141e+01
5.020197007461666061e+01
3.548207235441339691e+01
4.199392168015468485e+01
4.718018531714181307e+01
3.814562498008806557e+01
3.810065597121134573e+01
4.566446253820441825e+01
4.775259327488241468e+01
3.355159922131993255e+01
4.747570259843450202e+01
4.363982468725315300e+01
4.750275502545937201e+01
5.061289361052990188e+01
3.785123039589726801e+01
5.318751081081080656e+01
3.910171590979660294e+01
4.407903349124521242e+01
3.860428491806030138e+01
4.296922770510985856e+01
4.619198439391583122e+01
3.924982642334335026e+01
4.088979235767714471e+01
4.366734155364223824e+01
4.141076385322783437e+01
4.122279336373400582e+01
3.612992653142187294e+01
4.448263710182524022e+01
4.954791568600487039e+01
5.100346377560329358e+01
4.775131966131348094e+01
4.932328471742877696e+01
4.435578307763658046e+01
3.830979168400872226e+01
4.274442693614037125e+01
4.028297993501722374e+01
3.756037869844577415e+01
3.329332618781860731e+01
4.190406455761244331e+01
3.158711237766033264e+01
4.427261604734628264e+01
4.320442212943635241e+01
4.864201305518252383e+01
4.326811842388807605e+01
3.840492485623988017e+01
5.369140641216188214e+01
4.377780104591979438e+01
4.777312952119646638e+01
4.505210561147446668e+01
4.541965388404580750e+01
3.838609254820885752e+01
4.700271120859344620e+01
4.587840734792904129e+01
4.019606817208741489e+01
3.949393286322144547e+01
3.785698166685693167e+01
3.597673800567343250e+01
4.397587809884394261e+01
3.582436796452947192e+01
3.949270153954729778e+01
3.950437922450431927e+01
3.968458912407890438e+01
4.300222729581307846e+01
4.730286585191519322e+01
4.314733382813273721e+01
3.847939050559534024e+01
3.792366110869031104e+01
3.561424438908289858e+01
5.172507258759947035e+01
4.303744076617567060e+01
5.176849005407458293e+01
5.065979972987525315e+01
4.770539234942374662e+01
4.598181105040184491e+01
4.037096456660854216e+01
4.253095403632901395e+01
6.293155945180041400e+00
1.844798059997401296e+01
7.973934599657752642e+01
3.895021327272289824e+01
5.727772740815294128e+01
5.244872218920961160e+01
3.670966253558582792e+01
6.659691431011275142e+01
3.780208800760184573e+01
5.435752291578037187e+01
5.298674481449713625e+01
4.342396298592645110e+01
3.322232166643934903e+01
5.026073146044272022e+01
2.983527075005810758e+01
3.121685846268426090e+01
4.576248136267302868e+01
4.671406339502787830e+01
4.650231411519870051e+01
4.553456642228466933e+01
5.350332939597323190e+01
5.491974996832316691e+01
4.131220053768765155e+01
5.455206389227189590e+01
4.809925202312517456e+01
5.522313659633327632e+01
5.002021138696628100e+01
4.818347007997183340e+01
3.561243805183928401e+01
4.213203689663339446e+01
4.381637884064592470e+01
4.247207165568889309e+01
5.426755799987819984e+01
4.826989053582157396e+01
3.922713074587337445e+01
4.597775560525557381e+01
2.921804666673490303e+01
5.435438048329347538e+01
5.074292135433939421e+01
2.673406930897846934e+01
3.876251085714569200e+01
6.570364704365249509e+01
4.225516094624067875e+01
4.886854225551044095e+01
4.231508498294113707e+01
3.429690777924877665e+01
3.826563988623416179e+01
3.631014848207742318e+01
4.031930231217517502e+01
5.399258640832906053e+01
4.502659575600880260e+01
4.634518061100213515e+01
5.025934083338177771e+01
4.468165514938748828e+01
4.656220398240780156e+01
3.741067355719570031e+01
5.208488151531913957e+01
3.359902534544385588e+01
5.585970170973393323e+01
3.615299841191657748e+01
4.674449094921752135e+01
3.426702704836759494e+01
4.560379160059420656e+01
4.349801751075658274e+01
4.188424209932733788e+01
3.717150200709530594e+01
4.189308375808354867e+01
4.099329962536272376e+01
4.447067619596598576e+01
4.301949573031659924e+01
4.352325260319213385e+01
4.656142614454243756e+01
3.278551085420132694e+01
4.513556449428018880e+01
4.847774054467762994e+01
6.146520066467538612e+01
2.584639633681028315e+01
4.259183775209210410e+01
3.213976474124003602e+01
4.735869378739560887e+01
4.431396930398141620e+01
3.346152987943982282e+01
4.309814239320722606e+01
5.225470990771157886e+01
5.052982368065727314e+01
3.858799516919217609e+01
4.622862064564098006e+01
2.719911125568436461e+01
3.965796280682788222e+01
4.350076184007679814e+01
3.279488895548424665e+01
4.893027045967244959e+01
4.436015964835080183e+01
4.614768320300433402e+01
6.171244677985155391e+01
3.976156764011430056e+01
4.404752772084266610e+01
4.277565010231926834e+01
3.769008183364682907e+01
4.556047248343491418e+01
4.376153156783007603e+01
5.640290636515250355e+01
4.097794456577383926e+01
5.395077322514826790e+01
3.451303633546215366e+01
3.739616684612949626e+01
5.699399877227612166e+01
3.763239192480689610e+01
6.199709853710469076e+01
4.867345503400700579e+01
5.699381712374571407e+01
4.240715295634895199e+01
5.520951507058440910e+01
3.934455985843185033e+01
4.784233159162183568e+01
4.086613600294460014e+01
5.581735248844306341e+01
5.067498749354926701e+01
4.935197342583560243e+01
5.479944739942478549e+01
4.877164086225604933e+01
5.138522905448734690e+01
3.599302644403552875e+01
5.365808091767899413e+01
3.233642687767836321e+01
6.138641550846487149e+01
5.248279868938273296e+01
5.950490249345675409e+01
4.359068371129698249e+01
5.952093961200012018e+01
5.008193196236291556e+01
4.228087240158404825e+01
3.365226115142134944e+01
5.898762022295005636e+01
5.183129134812394057e+01
3.659221465527904371e+01
5.477884866221209137e+01
4.797503092537860425e+01
4.529972417222437286e+01
3.936542870445104825e+01
4.903774683573123383e+01
5.456938289629326277e+01
4.633966165771455792e+01
3.792215976434593472e+01
3.948914754316918874e+01
3.450613397344375244e+01
5.379894295183695618e+01
6.870448900128909031e+01
3.836822490272010810e+01
5.559073327231234174e+01
4.043878901604777809e+01
3.330169317575159482e+01
4.620627555760917460e+01
4.491660556990915865e+01
4.160933312320561583e+01
4.159670599656766399e+01
3.761325750875786156e+01
4.369822278460583931e+01
5.103793947478546755e+01
4.931814968395192977e+01
6.562303683843951774e+01
4.676576541124695297e+01
4.416013019568192277e+01
5.619856809639401263e+01
5.537086837345038504e+01
5.043703497962628290e+01
4.352935517162465828e+01
5.255258921918182580e+01
3.424371383628290033e+01
4.750291161435075793e+01
3.986286175511529706e+01
4.593359272481939115e+01
5.696674506772567526e+01
4.476732678670884269e+01
5.634454062795530405e+01
5.948588121492358738e+01
4.568160876016454353e+01
4.871427022470271595e+01
4.226510371831287927e+01
5.923662765546452391e+01
5.610511089969190124e+01
5.199802389327169294e+01
5.445852515667675675e+01
5.165036105648630382e+01
4.504654137626078381e+01
3.902763182012845533e+01
5.210035204123466457e+01
3.363192988261082661e+01
4.332809345639209653e+01
4.808650521498140762e+01
4.925666683116307354e+01
4.038431193382376705e+01
5.210917770638267399e+01
4.299517763884933430e+01
4.593775147124058122e+01
4.426598230659026711e+01
3.606284995859859777e+01
2.037491669348199608e+01
5.579204792257894496e+01
2.400738169901196883e+01
3.135228661178782161e+01
4.210476611110186695e+01
4.561687078149731178e+01
4.761270945266119270e+01
4.769321675948901884e+01
5.554803391903887189e+01
4.098928518894987150e+01
6.350213949843885075e+01
4.305025835881104967e+01
4.660139975542610813e+01
5.884265154747981086e+01
4.243161390865882510e+01
5.179591087729770038e+01
4.099015977387699650e+01
5.048695440740182505e+01
4.740969154877172542e+01
5.376561065476903423e+01
4.480449565955747460e+01
4.458738074531422768e+01
6.163909706356555773e+01
4.203079857209718995e+01
5.064230169052963504e+01
5.296720843198632878e+01
4.515140958549742578e+01
5.607044358914681226e+01
5.066976478982405041e+01
4.601781458036104056e+01
5.326333905989860540e+01
4.765052836351308230e+01
5.743803231477104987e+01
3.659619693917692729e+01
5.533620820448511779e+01
4.651622901598876325e+01
3.634086360637417812e+01
5.180816904588411376e+01
4.803879191469317789e+01
4.296477270941176130e+01
5.665309660833941763e+01
4.617824604684351186e+01
3.172562765868036294e+01
4.322596869369172623e+01
4.021475420444561166e+01
5.383206862759589484e+01
5.740798332102276902e+01
4.837722666078788336e+01
6.298134036999724117e+01
4.650783831057491824e+01
4.290883958845734725e+01
4.974946241394966506e+01
5.215722879955052349e+01
4.062170510261841372e+01
4.949066650921060528e+01
3.866688946175210617e+01
3.605374007428842020e+01
4.098483183945333508e+01
5.057987096951770667e+01
3.633563798542615331e+01
4.562403196853518494e+01
3.775712237161524598e+01
5.553212261391868765e+01
3.323696628644136553e+01
4.303145391156989064e+01
5.885328128204309905e+01
3.250672674872455303e+01
4.424422712890036991e+01
4.155494019514335235e+01
3.677128065534392221e+01
3.662886234972521748e+01
4.502790403453519019e+01
6.113373254579933302e+01
4.639643337999369521e+01
5.027903212157693957e+01
4.606912809000646547e+01
4.048767363076687786e+01
4.864754563114249919e+01
4.428107737230775598e+01
5.272551594180184509e+01
5.444661340436223895e+01
4.181285729802559814e+01
4.393243402990690072e+01
4.182840464060733865e+01
3.390498607126145458e+01
4.863867528781676697e+01
5.088255673967350390e+01
4.625447827412446600e+01
4.606891412960875698e+01
4.656184585804794551e+01
4.504600803660898123e+01
4.725221732399347729e+01
4.462693496443088037e+01
4.720596094957538469e+01
5.356924678219244385e+01
3.522591422090609825e+01
3.565063204983548673e+01
4.469118465111284166e+01
3.861883793394026299e+01
4.484810303916177077e+01
5.649127822324599890e+01
5.523936856955900510e+01
3.066882279745275852e+01
5.300363271772924634e+01
4.882866706831504189e+01
5.410404894030869372e+01
4.704766178369650476e+01
3.212775462617241118e+01
3.517478615317055102e+01
4.135625378926995666e+01
1.806281533259450356e+01
6.462631146103032620e+01
2.162024491583624553e+01
3.933538695541101760e+01
3.180259582238037552e+01
4.826972924028736855e+01
4.161360054410905462e+01
4.676007861467651594e+01
4.024009663321179886e+01
2.374517564156433735e+01
5.862236256745357821e+01
4.106832469482823456e+01
3.929433402061060576e+01
4.836796958761105003e+01
4.293845779724606615e+01
3.541843409496559758e+01
6.102375597268890317e+01
5.264998229915328665e+01
5.158565541276797717e+01
3.504841375884986832e+01
3.277823118164632632e+01
3.186488704398535177e+01
5.054021227532332006e+01
4.108320575700035704e+01
4.325678620249239259e+01
4.957549164284733934e+01
3.490969548150790303e+01
3.149236368540131892e+01
5.071584562567866072e+01
5.600727750621209822e+01
3.744014846157519116e+01
6.394644533460538582e+01
1.946171193110804509e+01
4.771979725540735018e+01
4.020859215652090057e+01
4.316392432333300633e+01
5.419133820550892722e+01
4.189895948116033964e+01
5.449003107440120175e+01
5.151800703578695817e+01
3.308241985586119682e+01
4.537880333895866158e+01
2.909345602036700384e+01
7.187716203781687341e+01
3.128751607673750712e+01
3.900292889909532335e+01
3.514639283345809417e+01
4.002246018239656422e+01
1.452689242728573227e+01
3.956420927736301252e+01
4.235263799381485228e+01
5.582932592583516396e+01
2.494329096349875030e+01
4.667235436176743946e+01
3.881755937366954612e+01
4.507062230131420222e+01
4.101377620065272112e+01
6.276613347782577534e+01
2.806998169157163403e+01
3.552008892466756862e+01
1.447657809543721186e+01
3.976835354381483256e+01
4.668875206448369397e+01
4.511770081733941140e+01
5.195047659310674248e+01
4.875543322611388675e+01
1.664019589296574608e+01
5.277686907263325367e+01
6.021508234056737763e+01
3.766061486780323975e+01
4.101931914417416181e+01
6.153397829067402114e+01
4.818823659065850507e+01
5.027999838882515604e+01
2.177474058120911948e+01
4.721285470944310703e+01
4.213205257064153386e+01
8.058014675342917599e+01
4.687983998696284971e+01
4.001864267740837988e+01
4.775451705047093753e+01
6.164874831454045534e+01
4.115424871003651219e+01
5.168866245142480409e+01
4.082150366382739293e+01
3.847060427080825207e+01
4.408877657637092540e+01
4.163817952502602537e+01
3.366626811610924364e+01
5.455889036652254021e+01
5.180622716013441931e+01
5.287134203672068367e+01
6.575818622096480226e+01
5.443155371060873904e+01
5.489654003414126038e+01
6.471441290446290395e+01
4.980507393941145722e+01
4.629876191580760292e+01
5.043110654420046757e+01
5.113162790692658888e+01
4.840836961957698747e+01
5.144462841354766880e+01
5.479468943311101015e+01
3.589478491555110651e+01
4.092139080681285890e+01
4.585695939449917802e+01
3.265266884566516126e+01
3.772115150301156916e+01
4.330494438967343740e+01
5.653643399093661515e+01
3.202949869101983182e+01
4.161959846870669821e+01
5.070765117414955370e+01
3.998854061930657622e+01
6.480207705066277413e+01
4.457751276209088331e+01
2.642054083236553552e+01
3.406134343035931522e+01
3.983493066031344654e+01
5.627063316469362064e+01
4.561259593652687983e+01
3.931309192586406454e+01
4.765504255915411136e+01
4.169590734488472350e+01
4.534812699126476332e+01
4.535364630069076242e+01
4.409890503483301671e+01
4.093538746925818117e+01
5.615366807775691882e+01
5.234028486964616178e+01
4.800526516420580947e+01
5.626297968732517063e+01
4.342601217724200069e+01
3.501989769436681854e+01
4.357565715147464402e+01
4.424780098033963327e+01
5.444551772008605184e+01
3.950486060502159802e+01
6.557542946785413562e+01
5.321306854833596134e+01
5.329013053960896684e+01
5.318662513560524019e+01
4.128899674794325136e+01
5.027839635223300263e+01
5.116301771062171611e+01
6.801393847185966024e+01
4.524652532287475282e+01
4.503859520539382544e+01
4.713825748129742976e+01
5.976858145204258932e+01
4.560981051370908546e+01
6.614078034816272122e+01
4.733572975965190466e+01
5.602063758333166987e+01
5.625771550610745919e+01
3.067236054056836636e+01
3.354999046906214488e+01
5.043237602961453803e+01
5.026958305898592272e+01
5.191569700247723773e+01
4.509732107986793892e+01
4.898998742233462877e+01
4.504604365885027306e+01
4.850974559523462659e+01
4.254077056026965664e+01
4.796925395603140174e+01
4.609006554807757539e+01
3.826903070820151953e+01
5.647009777061290237e+01
4.475576599874106876e+01
6.248360482231642266e+01
4.057835798114696502e+01
4.004242564802159166e+01
5.552902022071748434e+01
6.246123218149495671e+01
3.276411706436479676e+01
5.820774325002421534e+01
5.385758930575158132e+01
5.334966483998287856e+01
5.932135060827479123e+01
4.514824790101342700e+01
3.935944390482993072e+01
2.407933083673426466e+01
6.203788050435852597e+01
3.080697959149407694e+01
2.734302801522610338e+01
5.544331896785362090e+01
5.001786716519128362e+01
5.144675737782733904e+01
3.839385838509674898e+01
7.208849738828985210e+01
3.319362657117872573e+01
3.381036278748757695e+01
4.845563363518395050e+01
5.125542844502331974e+01
3.214693205617897576e+01
3.309361439273705230e+01
4.370362682414258870e+01
4.640753115178546295e+01
5.796900946133238364e+01
3.621306499610499685e+01
6.640812332431642062e+01
6.232189649083023397e+01
3.148751635119938541e+01
3.927856953075110624e+01
4.058211194210212369e+01
5.271304305595050010e+01
5.459703046526557557e+01
4.510707453796136690e+01
5.527280008061274685e+01
4.898444320436843924e+01
5.236571315870372700e+01
5.372282301050993425e+01
4.299264215659975008e+01
5.395118438007504125e+01
4.589168930546151159e+01
4.258415863463537931e+01
3.565267720663273110e+01
3.913480455753498433e+01
5.188088292510482091e+01
4.077964095695102031e+01
3.715753265950537809e+01
3.301605383475168054e+01
3.924030816259918453e+01
6.306661814654136577e+01
4.848543858045947985e+01
3.656449530809805282e+01
3.994133718584391346e+01
5.414843250328568303e+01
5.417522394836190358e+01
5.185263931676639970e+01
5.437552922755359930e+01
4.893516235300650408e+01
3.028834623251279012e+01
5.172303625225550405e+01
5.147059236796008719e+01
1.952504025112527231e+01
4.029855403568083716e+01
4.510607201967533797e+01
5.101949522021802608e+01
4.223607879573332724e+01
3.606495016439063761e+01
6.054234817218360121e+01
4.941961207072665729e+01
3.327851949079770577e+01
5.531252837737218186e+01
3.839591825589651819e+01
6.866819726029886795e+01
4.848698334307349000e+01
3.233064529667939979e+01
4.455846830436251338e+01
4.597578805700460691e+01
3.790750061516481395e+01
5.455451360611344569e+01
4.278283553974507214e+01
4.801587560947147182e+01
4.274334106717519433e+01
5.258076347050295141e+01
6.044515681573991372e+01
2.792679921269021648e+01
7.699005321352422015e+01
7.558219378570629488e+01
6.912293210617994532e+01
6.796114569999564026e+01
5.573056397722207578e+01
4.711905864190138971e+01
4.411521561923098744e+01
3.685624911311786178e+01
3.881707528145057040e+01
1.461900399427206878e+02
2.557463991451729726e+02
3.332837543324003491e+02
3.528662916317084637e+02
2.508144678468205484e+02
9.122308335342553676e+01
5.300123996854164687e+01
2.288370801701443114e+01
9.075059955967259384e+01
4.374639680380098383e+01
6.558268286483524889e+01
6.570324310002725099e+01
5.367528508873725457e+01
5.339881973565002227e+01
8.939134257835915776e+01
1.042464955459660985e+02
1.079535976806565571e+02
1.365170235858137744e+02
1.242237214963840586e+02
7.183761648966488167e+01
6.726794204927244891e+01
4.609335321110206962e+01
4.562025917785383200e+01
4.289500865696307841e+01
4.520647677722936209e+01
5.344541522171127923e+01
3.161657066773649305e+01
4.258309658323702251e+01
3.253387246278951039e+01
3.697717563524279427e+01
3.965183998053245773e+01
3.429575130732666821e+01
4.206143772480366749e+01
3.451167087781792020e+01
4.876111102819032794e+01
3.872099283060806840e+01
4.245509093533981115e+01
3.220462454763642768e+01
8.478077584241802356e+01
4.562358937942977377e+01
2.846480489601780661e+01
4.347487858812912975e+01
4.466470616778351399e+01
4.726204108635003820e+01
3.935073918848313212e+01
4.664246126506775880e+01
3.311728833864449939e+01
3.861012337970920072e+01
6.933830415631690869e+01
6.288999457286741546e+01
4.889758236466821728e+01
3.024093967119038950e+01
3.586206830013954061e+01
5.654850930819272747e+01
7.583691949250760445e+01
6.337700700267181020e+01
3.614213002861770718e+01
5.434511679184203814e+01
5.766866668887755765e+01
5.011596486290934394e+01
4.670554614186028886e+01
5.087288380930610998e+01
4.417939654179821218e+01
4.606886321038043519e+01
4.707032916601830408e+01
4.929070724709258400e+01
3.458583070969661577e+01
1.847280547381013704e+01
5.553207178043781056e+01
3.939633529749532670e+01
4.578578756451685194e+01
3.470856568701724143e+01
5.560727999356407736e+01
2.968858020015555610e+01
4.317154822144548376e+01
3.800520393550576159e+01
6.605147220238853834e+01
3.871570728181475118e+01
4.085970466740874230e+01
5.027455522421070810e+01
4.600011873620436376e+01
4.557299693910213989e+01
4.133189496152390063e+01
5.731160014480754228e+01
3.164114756942772999e+01
5.023349964838705262e+01
4.744436833352649785e+01
5.059093704938160130e+01
4.662194233189232051e+01
3.518334923056673347e+01
5.885912122979505057e+01
3.725824958289945954e+01
6.492813497443323456e+01
3.893072163334467461e+01
4.726323155628355721e+01
4.280330956426496414e+01
4.742289966532989354e+01
4.453619722988843677e+01
4.731463504171090051e+01
5.719665553209706843e+01
7.050107443754258441e+01
4.629112852430328928e+01
7.475288290314303197e+01
6.749330408379736923e+01
9.351290123841368995e+01
1.471563410358997714e+02
1.415641828156758777e+02
1.314259781799096061e+02
1.213467804632503970e+02
1.011645908378152683e+02
1.004159168236520827e+02
7.746003731531810388e+01
9.364797967537866441e+01
1.424601735488903103e+02
