2.296850786753453804e+02
2.299324378678061009e+02
2.290085652284428761e+02
2.320635889035611115e+02
2.330854447755969545e+02
2.252699586770385167e+02
2.220919182371768841e+02
2.289199661226095373e+02
2.180337803554076004e+02
2.198339590364965090e+02
2.077881308047889775e+02
2.169941312906037183e+02
2.193200916616521567e+02
2.136751349504997393e+02
2.083412208925084599e+02
2.162895242952219803e+02
2.091919829238809712e+02
2.141607585801460516e+02
2.026806132679304824e+02
2.017180969685286698e+02
2.069413982666407605e+02
2.378369476045814679e+02
2.273000301243835963e+02
2.192095111620616876e+02
2.271909898008915434e+02
2.307428648507469688e+02
2.187688286021062822e+02
2.047736600945440273e+02
2.037883068140952787e+02
2.024861735134047365e+02
2.058137913113723698e+02
1.976654611700709552e+02
1.962426695081754531e+02
1.975305255948000820e+02
1.912149965369279982e+02
2.015135784715650686e+02
1.981179316558286132e+02
2.072118602441083510e+02
1.951731599697931756e+02
1.964700073497793369e+02
1.927109099763805489e+02
1.854628935986162048e+02
1.970741773664259711e+02
1.927903457053731699e+02
1.953185301916140872e+02
1.867569713586392766e+02
1.912865360040094629e+02
1.810517389619215010e+02
1.921874248674010346e+02
1.806776834335695128e+02
1.881500456359473503e+02
1.932877702610643951e+02
1.914988323038901399e+02
1.947005331014086096e+02
1.885149802715815213e+02
1.905703597086149443e+02
1.959193764858500799e+02
1.910770363085394763e+02
1.846695782873093492e+02
1.826668989078840752e+02
1.845819637090664855e+02
1.874890442351381807e+02
1.899461126016753383e+02
1.869676334099823123e+02
1.914603751816848387e+02
1.888029980075209835e+02
1.827440966890595746e+02
1.877461667802298848e+02
1.901245161883690287e+02
1.898520905897195519e+02
1.958812210399657374e+02
1.817884724726881700e+02
1.844008435630785243e+02
1.870740545033089859e+02
1.907937803588280303e+02
1.922914147274869379e+02
1.818794031784316303e+02
1.856048310253611078e+02
1.913801019420276077e+02
1.781374004443391073e+02
1.824113483347742317e+02
1.813693966630711429e+02
1.919442847868537285e+02
1.842121483475098387e+02
1.861778556470508761e+02
1.849631237418604428e+02
1.891805145751925181e+02
1.870049067707217887e+02
1.912693597812846349e+02
1.864859308883970357e+02
1.835348242260878919e+02
1.892548685454449355e+02
1.828080940485943700e+02
1.830671377882758293e+02
1.811442430635447920e+02
1.836067309479180381e+02
1.860139684739731365e+02
1.793862788636073731e+02
1.799663571510947975e+02
1.712074838862722856e+02
1.848272082897527469e+02
1.876520724371853817e+02
1.805923324246812456e+02
1.784651171704363435e+02
1.905051871048275416e+02
1.862718159944585068e+02
1.874592341706564298e+02
1.848427215984287386e+02
1.892735723993162935e+02
1.898630777481972984e+02
1.892034754978734554e+02
1.846835074645901784e+02
1.860016884246585391e+02
1.815825708361233808e+02
1.788138393413920255e+02
1.837067390514296505e+02
1.840688908536908173e+02
1.766406129473919577e+02
1.829093257749665895e+02
1.823619781459626381e+02
1.817605792120369301e+02
1.868678682374116136e+02
1.800371988562597210e+02
1.794285215792444319e+02
1.847495194328472508e+02
1.803827636396765683e+02
1.775521155344128772e+02
1.804278597415802494e+02
1.880795251950954423e+02
1.862459805657933885e+02
1.759097708417319836e+02
1.822794219980786181e+02
1.845856968483376193e+02
1.851370964889028130e+02
1.833477465335978138e+02
1.792817247136052856e+02
1.834493599295088302e+02
1.885636321775852196e+02
1.813766651865892356e+02
1.853624084170099593e+02
1.781084982127484295e+02
1.836584496615624573e+02
1.796241133797586826e+02
1.855558802448581730e+02
1.819613193479245012e+02
1.747554991861061922e+02
1.846615585998073072e+02
1.881598329073003129e+02
1.820026027081013922e+02
1.805686779542006093e+02
1.828248419105101163e+02
1.797699888939758353e+02
1.763015447729830214e+02
1.740327349015371396e+02
1.836718908282508096e+02
1.803778158230590236e+02
1.840979954798907556e+02
1.820492478111103480e+02
1.843452880281173805e+02
1.816549534611511660e+02
1.766338385768316073e+02
1.782550567563722836e+02
1.789221807394426662e+02
1.844964335277903444e+02
1.821156785496074235e+02
1.772534701962408406e+02
1.910726162839139022e+02
1.789521219156846428e+02
1.708275213607481078e+02
1.767827104436306058e+02
1.839816335720126972e+02
1.824051471594289637e+02
1.787860723905358498e+02
1.834055132392551855e+02
1.788802644381847244e+02
1.875776107988781973e+02
1.807698093123617866e+02
1.850740530111399949e+02
1.791608634197767458e+02
1.793517520171292290e+02
1.775092543036280972e+02
1.868276097062224324e+02
1.738252436430841499e+02
1.848760145179000176e+02
1.784287527415976911e+02
1.823188730963575495e+02
1.757923881397225045e+02
1.860454977379498587e+02
1.854737898884270635e+02
1.799459438713478789e+02
1.803231644658500272e+02
1.732006068606062286e+02
1.771316086911069476e+02
1.741786906129487420e+02
1.720975939898565912e+02
1.830274526746356116e+02
1.743967643486360544e+02
1.781347490609921351e+02
1.766553035762049717e+02
1.765125011500056189e+02
1.822421020480506400e+02
1.732048088307302294e+02
1.746155423769276354e+02
1.750268159804921027e+02
1.709399758118834427e+02
1.726466129936723064e+02
1.782210005577631478e+02
1.769349697499153820e+02
1.696580723436843243e+02
1.655295035498806158e+02
1.667366843163051726e+02
1.724821804630598479e+02
1.743602090538724951e+02
1.691630426254411930e+02
1.687026867436161126e+02
1.771374616323592761e+02
1.728415704915199456e+02
1.738704488197817000e+02
1.725112781610338573e+02
1.698949094726858675e+02
1.680888875177348325e+02
1.718556586333825464e+02
1.717508089224490959e+02
1.726038697861986009e+02
1.685852967610183839e+02
1.685269886401144674e+02
1.717867297490147394e+02
1.686912236852529929e+02
1.666973952011012443e+02
1.719316593105754691e+02
1.772921621968189925e+02
1.685030310035904790e+02
1.725310937343456601e+02
1.710266209233573704e+02
1.737228164575353446e+02
1.808334009149150745e+02
1.681063018294042877e+02
1.712326032726984124e+02
1.681722066840762579e+02
1.722617155810814609e+02
1.728035374657711714e+02
1.741352170984125394e+02
1.755208911319288632e+02
1.690648452689971748e+02
1.661578155221025099e+02
1.734928614093024350e+02
1.724528985686739873e+02
1.635774283942712657e+02
1.714079491965210593e+02
1.632494167143201196e+02
1.624783295740358255e+02
1.685690020850089184e+02
1.726726460401662848e+02
1.670257802807517180e+02
1.713370601328930718e+02
1.658944177119263941e+02
1.709998739764580762e+02
1.652469652073138491e+02
1.699098482548932338e+02
1.705726185919149316e+02
1.682144386070724238e+02
1.689930501183971501e+02
1.678219355293769581e+02
1.728512203895607797e+02
1.651028758324320620e+02
1.660804577455939466e+02
1.696232892025558101e+02
1.692609697040118704e+02
1.684692752837786429e+02
1.693176523477796991e+02
1.748661381382968329e+02
1.679613464209033680e+02
1.683738013905079356e+02
1.700942045910905449e+02
1.706864703847685405e+02
1.670081481784839923e+02
1.677643378658631548e+02
1.664178568395290654e+02
1.688495685316656818e+02
1.763932876104924503e+02
1.713108412415704436e+02
1.720972063799290765e+02
1.786298744008027199e+02
1.919729718164772407e+02
1.831347671491006963e+02
1.839606379681773944e+02
1.825172022939778458e+02
1.867765632571865240e+02
1.809381341915379835e+02
1.848904070852931625e+02
1.856406777584365102e+02
1.970268898819625463e+02
1.919260868685254877e+02
1.988171995009256818e+02
1.826421041697932708e+02
1.829341568150756814e+02
1.766799002663451574e+02
1.768270366676198933e+02
1.786823511798220352e+02
1.784615935607904191e+02
1.790356415237022532e+02
1.755171946356001627e+02
1.714555473908681620e+02
1.670669885476553134e+02
1.675527771035743285e+02
1.718214544143297360e+02
1.685451073362051773e+02
1.687534982580899907e+02
1.682927816652065758e+02
1.683041515916713706e+02
1.745065435775832157e+02
1.649328050131159671e+02
1.598784564036446909e+02
1.570487883477390199e+02
1.611142577563167038e+02
1.527633676855914757e+02
1.635732249858735656e+02
1.608168436872767302e+02
1.610301719487785590e+02
1.587383623331207048e+02
1.618859534091763237e+02
1.622396476689015685e+02
1.631873431981895806e+02
1.552429255621111679e+02
1.585364023580499122e+02
1.572803763150692191e+02
1.572429218747766981e+02
1.604994796080852382e+02
1.590911571259290440e+02
1.615044059791856341e+02
1.614235764029284041e+02
1.675898421563332761e+02
1.564965144395739287e+02
1.657043763349001324e+02
1.635345314187167389e+02
1.671415374306890556e+02
1.677176182467789829e+02
1.643594896511413026e+02
1.690264049543187355e+02
1.708156888928383523e+02
1.698875600084295172e+02
1.675431657950435635e+02
1.642706247057363953e+02
1.650539817082343177e+02
1.622094752470088395e+02
1.620906041724484510e+02
1.538098823749326414e+02
1.598091199569572609e+02
1.591111287662810128e+02
1.545035833187876051e+02
1.578480096305925144e+02
1.554702328060637910e+02
1.576217002304900348e+02
1.620858510457374848e+02
1.576306043561721708e+02
1.564455745085370211e+02
1.576146187639482719e+02
1.631943119518573724e+02
1.559847654693701884e+02
1.567265944348385176e+02
1.584047330427012241e+02
1.610707324500269237e+02
1.569094509717272103e+02
1.586413645799740664e+02
1.600466896433817965e+02
1.601751871938295153e+02
1.554112622885278086e+02
1.562931853937726316e+02
1.564805135920555017e+02
1.606543664144370211e+02
1.538932267580416067e+02
1.585438914961226544e+02
1.617821186637889923e+02
1.593276573686443385e+02
1.579586409710122723e+02
1.524767589526285576e+02
1.584278441745911721e+02
1.573534241273086423e+02
1.617519064024712350e+02
1.583405882454840992e+02
1.542411845211918262e+02
1.606629848529755691e+02
1.521523632556827863e+02
1.617156506617765217e+02
1.637862066167097055e+02
1.559718205754566327e+02
1.552967623799582100e+02
1.589897471928005928e+02
1.557236682342595202e+02
1.614154701847693048e+02
1.648356309279698735e+02
1.584443250497062650e+02
1.596355964021252305e+02
1.603669271122698490e+02
1.609595631335624830e+02
1.636102778638844484e+02
1.601334199986297619e+02
1.545021789667636654e+02
1.594546643915157063e+02
1.577392566469514463e+02
1.595002682848577820e+02
1.601427978388995541e+02
1.598222225685723288e+02
1.612643906900235322e+02
1.526588735622799220e+02
1.604362120041515993e+02
1.598284836474349504e+02
1.603302992846767552e+02
1.653044942335427265e+02
1.578557021807056913e+02
1.637636874912527389e+02
1.601316221013851191e+02
1.649752478837096987e+02
1.628009155796804919e+02
1.659851931600250623e+02
1.592387352836298646e+02
1.658028615195889870e+02
1.635567933604824304e+02
1.619133815168665933e+02
1.646953882755010170e+02
1.624298424394832523e+02
1.695641972798931363e+02
1.639242361644008952e+02
1.694068758442453202e+02
1.691137614840891104e+02
1.656949222802084023e+02
1.641083033010874601e+02
1.730484703404997617e+02
1.798860629554989998e+02
1.791666911838684371e+02
1.815224164353632261e+02
1.790810693172045660e+02
1.711893083154637623e+02
1.710490530815766590e+02
1.746337418246926916e+02
1.749008742626760409e+02
1.734709733065041064e+02
1.752056445132198803e+02
1.834120882799210790e+02
1.947595861121361906e+02
2.089799026953293719e+02
2.063855925390145387e+02
2.061851868246518507e+02
1.993687534220556472e+02
1.909641524910173018e+02
1.867422973139921112e+02
1.793358833503483254e+02
1.703474550642961844e+02
1.685194735684429190e+02
1.720458531657643846e+02
1.762435574268659764e+02
1.773817824728510288e+02
1.720393401791190513e+02
1.717457843187204389e+02
1.765755372570289410e+02
1.763986855140718149e+02
1.668680796314460224e+02
1.726334615933677696e+02
1.744503148235353933e+02
1.755440430266986596e+02
1.845836483005363959e+02
1.770457670607121088e+02
1.830859937044951664e+02
1.809729912840908241e+02
1.788804870351505656e+02
1.750859813593873753e+02
1.703749656595806812e+02
1.751242019722119494e+02
1.730094388075652887e+02
1.802890861667451645e+02
1.848786691029791598e+02
1.766582459513036838e+02
1.742345354069542509e+02
1.745920803413270903e+02
1.760568706005981596e+02
1.687724724357921957e+02
1.710606161063530237e+02
1.722883769898536741e+02
1.686141493929739283e+02
1.721552852238256719e+02
1.702614947455473953e+02
1.728676728955994690e+02
1.661427636404707755e+02
1.701053999398031635e+02
1.659167663880270140e+02
1.736225340394418311e+02
1.699196621017449900e+02
1.682025439360353687e+02
1.665827901498895187e+02
1.625661815719163883e+02
1.663524161851590861e+02
1.690910006267050676e+02
1.706403152594322421e+02
1.701853017842608438e+02
1.622863044742432805e+02
1.699844416846432011e+02
1.758909380438468588e+02
1.678252468142925977e+02
1.745191814049550203e+02
1.738870251929030246e+02
1.737673348814868177e+02
1.592513768298363175e+02
1.672652702285572843e+02
1.626671179178555349e+02
1.671254746337815789e+02
1.633239516363661323e+02
1.653002934288700203e+02
1.618415634512922168e+02
1.593868022895772469e+02
1.723802960888896791e+02
1.673982620564059687e+02
1.660073477925345742e+02
1.681721499872840866e+02
1.662793824598506376e+02
1.628161923836835854e+02
1.597302935702310265e+02
1.723124963387210471e+02
1.634992733601864359e+02
1.653458398796168467e+02
1.662404211082093184e+02
1.670129112318928151e+02
1.685548385485942902e+02
1.627785838687804016e+02
1.678684111808007344e+02
1.641097367402953751e+02
1.653321754650065714e+02
1.648430007275381115e+02
1.652024817481757282e+02
1.651416627138583237e+02
1.639491486402681346e+02
1.617911201042277014e+02
1.669968331104519166e+02
1.639412396712820623e+02
1.645247422464055091e+02
1.643315274454738812e+02
1.656815991130150678e+02
1.681434727307943717e+02
1.621966870569429489e+02
1.664759563334284280e+02
1.620352406342896074e+02
1.641201331401350387e+02
1.626149430613129709e+02
1.645663475594901684e+02
1.693497757374623518e+02
1.639594814770462960e+02
1.610531648753170373e+02
1.664314977997788390e+02
1.705632341971125356e+02
1.713186079905034092e+02
1.637301746495038799e+02
1.668304225899426285e+02
1.637407820824865041e+02
1.660049634846787967e+02
1.617549657090694666e+02
1.617920242099630741e+02
1.653554750782046483e+02
1.656653131308001718e+02
1.640794468579469481e+02
1.679851998810865723e+02
1.725579679060309957e+02
1.644200759286605091e+02
1.657930195026770264e+02
1.599621167554037982e+02
1.663294352722308815e+02
1.713516725406992123e+02
1.661130529349799474e+02
1.656630968762981126e+02
1.700257080276212776e+02
1.708308783972065612e+02
1.709755856268463674e+02
1.689853942034083332e+02
1.674195320271158778e+02
1.723899903942198648e+02
1.640043826892484446e+02
1.668575878088727507e+02
1.740475981109699148e+02
1.726551294235935643e+02
1.684202382080872837e+02
1.720654534822066353e+02
1.688219083446913089e+02
1.695738277104765359e+02
1.663864039628537057e+02
1.729203832080595191e+02
1.683058115575280453e+02
1.674228333521488707e+02
1.707087305768531280e+02
1.664537822708651618e+02
1.701799931941125976e+02
1.641142465936111989e+02
1.645540904322314475e+02
1.637452516516156322e+02
1.638519284992283360e+02
1.640968065067901023e+02
1.719955090050632407e+02
1.646105380429771685e+02
1.651403920145866948e+02
1.688997650997746689e+02
1.721756407503321498e+02
1.690035406970106919e+02
1.731497586238603787e+02
1.689016914067177026e+02
1.683539943665104772e+02
1.701449398356797076e+02
1.669463778841495127e+02
1.671426072426469602e+02
1.664059672463607740e+02
1.701374008977162759e+02
1.779390129012639363e+02
1.760315532210856020e+02
1.664470824100887967e+02
1.631429888813424895e+02
1.689192179486989573e+02
1.756618477379640240e+02
1.780332827845840598e+02
1.894881825233852339e+02
1.915492042131831454e+02
1.986169943547187415e+02
1.819560969734791627e+02
1.801108433240847546e+02
1.741791002333503400e+02
1.734198117069370824e+02
1.730543399283843655e+02
1.721911835092065246e+02
1.682322931517000200e+02
1.739567867018558616e+02
1.874741481707955870e+02
1.894584534569986829e+02
1.883706591785399382e+02
1.855175218599437699e+02
1.757269917742561063e+02
1.800235620396040588e+02
1.815518533048082759e+02
1.771327124599141314e+02
1.742802952820821645e+02
1.787263659296888534e+02
1.831814887861195302e+02
1.848229431742295787e+02
1.835101139957124303e+02
1.731241890394936433e+02
1.685358254817466559e+02
1.744017712439377874e+02
1.674337763107973558e+02
1.692144060925703002e+02
1.716404683135675953e+02
1.740802891432688853e+02
1.765462624288891504e+02
1.764449898183540597e+02
1.774491680192620606e+02
1.828910039506849898e+02
1.867817423655902189e+02
1.846915310541820361e+02
2.018712959556622764e+02
2.124737233672515231e+02
2.130693814360163003e+02
2.047038575731180572e+02
1.809293397217403765e+02
1.662986402531127226e+02
1.635258167892050380e+02
1.637745387833264203e+02
1.634657800355723509e+02
1.652912742831823891e+02
1.584520374671485854e+02
1.671497605656953453e+02
1.651295284020347935e+02
1.669147982945682145e+02
1.689473560042939084e+02
1.611008030251763898e+02
1.593518140186969276e+02
1.584939304102218500e+02
1.646149781790223301e+02
1.571426165743061176e+02
1.587991096382326361e+02
1.541078649794343107e+02
1.583672819111042429e+02
1.489488176075184924e+02
1.560460795244881638e+02
1.576735119393878222e+02
1.588882373806562214e+02
1.592573129266540661e+02
1.618891360901196776e+02
1.589150093743078003e+02
1.570565344283859019e+02
1.571642353290850451e+02
1.565953969381139075e+02
1.538770128048994934e+02
1.562694064406054508e+02
1.543365535387837895e+02
1.563223426634391728e+02
1.559171010026449835e+02
1.491955955035417389e+02
1.571320362042768863e+02
1.557147201053128072e+02
1.536508436848229451e+02
1.486932776955662519e+02
1.610510517601149445e+02
1.551449106460126757e+02
1.605696828128870948e+02
1.544938315548697290e+02
1.540666568158209770e+02
1.591726577562266129e+02
1.608591894934783397e+02
1.622687077455680367e+02
1.681297655507405295e+02
1.694039536950825209e+02
1.731279170556970257e+02
1.744352120870643148e+02
1.775516737895657968e+02
1.708025079106318458e+02
1.712201911294027639e+02
1.553143566256516976e+02
1.565158814350730836e+02
1.569693958284856024e+02
1.548051532880099899e+02
1.535828368276584683e+02
1.570881369378927559e+02
1.589970452066665132e+02
1.571237715602727860e+02
1.631403661453754808e+02
1.942983237399679979e+02
2.045257873628878826e+02
2.139586511361292480e+02
1.742342724954254720e+02
1.777893732233288802e+02
1.683144242388654845e+02
1.682286979175379997e+02
1.559257195885692227e+02
1.678472407417131365e+02
1.592239084227048238e+02
1.621928732154938189e+02
1.572670972805458405e+02
1.574277332859438445e+02
1.560152952329181346e+02
1.608124605368776372e+02
1.587047027454196382e+02
1.631876478382637856e+02
1.670306913440600454e+02
1.628450697375221807e+02
1.685054709859680315e+02
1.733113938989404517e+02
1.700807223416423426e+02
1.668536244943383338e+02
1.602944569399710701e+02
1.607360914929656133e+02
1.654549740265838409e+02
1.691786985770206115e+02
1.673554266714056382e+02
1.669758621184190304e+02
1.708259384757546968e+02
1.738564636494697311e+02
1.774798863719643407e+02
1.730164749808186855e+02
1.630891929310346598e+02
1.680662514071624116e+02
1.663392180794682531e+02
1.678608832344823441e+02
1.688703442772813901e+02
1.631626170132795437e+02
1.608906598867011439e+02
1.677519731859203489e+02
1.676220137314170415e+02
1.743799290159138593e+02
1.660072250241759093e+02
1.658393033116428796e+02
1.600030630939580760e+02
1.599676129806386484e+02
1.519619568556641127e+02
1.571149574541316838e+02
1.516845543375262935e+02
1.539266528887474124e+02
1.549938318660570928e+02
1.610082842662194480e+02
1.587557252838195154e+02
1.588049085189768732e+02
1.554372675971375486e+02
1.574193975319438437e+02
1.617524048465633371e+02
1.535995397169075716e+02
1.544618421326805162e+02
1.484324375795947617e+02
1.493457173483006670e+02
1.492067468310835068e+02
1.554863419592537923e+02
1.502205585267047070e+02
1.498234506570177018e+02
1.509853334631368966e+02
1.530864930634530197e+02
1.503390612657307486e+02
1.515895004077016210e+02
1.520370054072283779e+02
1.563609548047932094e+02
1.508638660443789661e+02
1.541760696531501651e+02
1.521494724981325248e+02
1.487872974820072614e+02
1.503304964508535591e+02
1.517123960455306531e+02
1.485692127677999963e+02
1.501560173064785317e+02
1.476755923591928763e+02
1.512061050874013404e+02
1.528995923269693833e+02
1.527705255136647509e+02
1.518691224931844204e+02
1.505879006893218843e+02
1.525850282383753722e+02
1.518008382127414393e+02
1.481521451727785745e+02
1.504011593824766919e+02
1.508517981526288736e+02
1.482819983982337817e+02
1.500578623783590047e+02
1.515065451018280953e+02
1.450532614804821492e+02
1.462555075357905139e+02
1.460393650143236641e+02
1.514383774526257582e+02
1.441781945048712714e+02
1.442111900682687349e+02
1.506673573208375956e+02
1.510195997375431034e+02
1.536538874867181619e+02
1.515283130318205735e+02
1.499153393570310868e+02
1.544248783171867387e+02
1.520452550736023056e+02
1.513141801727863935e+02
1.468422020054945563e+02
1.503620875192009692e+02
1.521998085916618777e+02
1.481280686309128214e+02
1.582768881919970454e+02
1.506832486039724870e+02
1.529998564142317719e+02
1.492705414286878067e+02
1.499746751169021763e+02
1.496282380743625708e+02
1.476265873996414371e+02
1.511698615414655080e+02
1.513722419074007632e+02
1.515151045382884263e+02
1.508515769454568272e+02
1.468717516707554580e+02
1.536502437167215476e+02
1.543071482274719131e+02
1.519994682959965360e+02
1.529080098204543106e+02
1.563892503794852189e+02
1.520854711615126860e+02
1.507115253564228965e+02
1.545653652335022059e+02
1.479301615778730650e+02
1.487331765293025967e+02
1.500467947554053865e+02
1.496496627118947060e+02
1.502927359477423295e+02
1.550327230098991151e+02
1.496822271272812657e+02
1.476594025781822097e+02
1.504855908255000259e+02
1.451320677425485144e+02
1.510144954916343067e+02
1.551656743880853639e+02
1.514178540907780643e+02
1.498351837348173490e+02
1.526509397150398115e+02
1.509210594937683254e+02
1.472016158636158423e+02
1.486584705157647761e+02
1.491653938208355896e+02
1.497722312657332111e+02
1.482435558579181247e+02
1.460816119783207512e+02
1.552239100285809457e+02
1.595960057646271935e+02
1.567484065442301642e+02
1.560594093864503122e+02
1.582889181283791515e+02
1.539446124926645041e+02
1.557906861185802256e+02
1.515939526381673090e+02
1.550750193866087443e+02
1.536003070125914007e+02
1.585260707721842834e+02
1.606165507522034375e+02
1.701081775150232147e+02
1.821036070152653679e+02
1.900908368673416362e+02
2.009801867341726336e+02
2.078223882340273860e+02
2.009485619018057605e+02
1.868706432292864292e+02
1.988825698547221918e+02
1.813450881546051505e+02
1.656527188401089461e+02
1.713802598385339309e+02
1.614004798429154732e+02
1.642742820538120441e+02
1.645617889463992469e+02
1.590936006945254348e+02
1.589526826261565589e+02
1.719250317768716627e+02
1.704206979660796151e+02
1.849859375561414652e+02
2.045365583640677869e+02
2.400691577652100079e+02
2.737460650384431347e+02
2.948654874069359835e+02
2.614841442775163500e+02
2.370260917123417244e+02
2.131388698888881379e+02
1.937142972729258190e+02
1.868711163154348469e+02
1.808269156740516905e+02
1.841108784361320829e+02
1.918907290749898209e+02
1.874996224602728887e+02
2.026406767339962016e+02
1.969309966738683499e+02
2.008859455664094469e+02
1.917780909449047613e+02
1.889864214360560197e+02
1.843694985871061363e+02
1.905842674318835179e+02
1.865691049926316225e+02
1.817452119381009084e+02
1.792968278216442855e+02
1.697024586130389423e+02
1.795591876104195421e+02
1.802453990055744271e+02
1.790009850560343523e+02
1.862095412187617853e+02
1.846918800509949676e+02
1.732503412047691427e+02
1.816410355094034799e+02
1.920289328282689780e+02
1.922101228160313440e+02
1.898191455012897961e+02
1.773213893861114059e+02
1.651075697538835243e+02
1.681164441306580102e+02
1.699434525384458254e+02
1.689996558935578435e+02
1.763167985372064095e+02
1.778591768048933091e+02
1.858991035181473137e+02
1.806030262613676030e+02
1.869661083108071011e+02
1.934647821253065274e+02
1.923386281520629950e+02
1.865515781003918221e+02
1.757387089837069141e+02
1.663421578410623454e+02
1.611970928812182251e+02
1.648996263667814333e+02
1.646874974214264569e+02
1.614493789370631873e+02
1.694732803941059558e+02
1.724367958065550113e+02
1.689238448307405349e+02
1.731741428330812198e+02
1.744210468819799189e+02
1.757041832951447304e+02
1.774655066549377977e+02
1.747213045726954874e+02
1.790769191867788379e+02
1.646583582610801670e+02
1.764513332649831057e+02
1.639112554513382918e+02
1.592850629685611921e+02
1.594334923613800470e+02
1.583610948419467093e+02
1.630208336556002280e+02
1.632783739511799297e+02
1.673051869891774004e+02
1.640678054210603420e+02
1.613978575831151829e+02
1.672994967735130558e+02
1.660294480487142152e+02
1.684944654450563348e+02
1.699151067647692628e+02
1.727874956384915777e+02
1.656570222774985268e+02
1.629502995873775149e+02
1.594497953324437276e+02
1.563634469181471616e+02
1.731638085955191286e+02
1.952978685669722552e+02
1.930733509755991690e+02
1.715376804613946433e+02
1.705930753387641516e+02
1.595434965389410422e+02
1.558830162325646711e+02
1.539560620299399432e+02
1.567435816784483791e+02
1.669632478935732252e+02
1.617269790649280878e+02
1.672579103047320928e+02
1.776071171930394996e+02
1.828952421184948207e+02
1.801666759447550419e+02
1.705467724854098606e+02
1.662731305197961547e+02
1.625073782862926350e+02
1.587232998808607931e+02
1.615427915958022709e+02
1.669151346863075958e+02
1.637539436295842279e+02
1.612008491060641120e+02
1.599564724007854011e+02
1.605809482527841396e+02
1.654490892742761048e+02
1.582028849055283786e+02
1.597775652574881633e+02
1.611466915713341734e+02
1.620267272484164209e+02
1.529063446241391091e+02
1.579481996098660943e+02
1.548607306159600796e+02
1.586423877546707786e+02
1.591292914801882716e+02
1.637511654228796090e+02
1.592844551167183909e+02
1.554081008924292178e+02
1.530079092029624235e+02
1.603243447122838177e+02
1.531665601890690596e+02
1.526418069569928946e+02
1.549376452350232967e+02
1.564130197455343136e+02
1.575419939803938689e+02
1.559123530158381641e+02
1.554679023570677998e+02
1.591654594065986146e+02
1.563001415893607771e+02
1.549742959425145443e+02
1.503144925214299121e+02
1.573064467789108392e+02
1.585829960550369435e+02
1.582601818011264072e+02
1.580130849197958298e+02
1.583445745597646237e+02
1.618604005343486563e+02
1.576833304516755732e+02
1.595067976819713920e+02
1.550957360527445701e+02
1.614607130522049374e+02
1.681270917604733199e+02
1.618974345783814215e+02
1.667366441253769835e+02
1.616467615719574553e+02
1.577998202393718259e+02
1.576798935059648272e+02
1.568615757581625871e+02
1.600622370628317697e+02
1.598148811683299755e+02
1.603822649376237734e+02
1.624910291261131476e+02
1.620310788394796759e+02
1.654330418174956208e+02
1.676108686931430611e+02
1.649500429886209076e+02
1.680946076556344337e+02
1.640099731353199104e+02
1.648019787820262820e+02
1.626312954537272049e+02
1.659460677107420850e+02
1.606202270728922485e+02
1.641389287868217366e+02
1.634526054437833693e+02
1.699245463288804103e+02
1.735091551178069835e+02
1.707607408523651316e+02
1.602279682951721327e+02
1.727635037574372632e+02
1.686087452158535598e+02
1.672792969215364849e+02
1.662788748429861414e+02
1.629295492789264301e+02
1.677852159480590331e+02
1.684048676328010288e+02
1.607515198384053861e+02
1.595030711394027776e+02
1.605980172175998746e+02
1.649003411030317920e+02
1.700058190783889813e+02
1.655030993427388637e+02
1.647699929511584571e+02
1.669324943194568505e+02
1.732306595842411809e+02
1.736355100383037211e+02
1.820688266196857228e+02
1.923151652290005131e+02
1.994879415614702793e+02
2.260175950394232984e+02
2.511517508501857208e+02
2.639536694665551408e+02
2.832489318745252262e+02
2.721628887343846941e+02
2.616977277456277875e+02
2.453652408731713024e+02
2.165448547639011849e+02
2.062068268059659886e+02
1.988406048851177843e+02
1.958599794176539319e+02
1.892245191573318550e+02
1.837422593621971316e+02
1.885394409460357110e+02
1.824164377955715679e+02
1.874098258974643159e+02
2.054297303431898456e+02
2.197150565093268995e+02
2.261284219091145928e+02
2.564642322825604879e+02
2.737140399135716962e+02
2.793944695354053920e+02
2.594121606244213467e+02
2.356106232128715874e+02
2.262570826524421648e+02
2.248493106600848535e+02
2.152773057738325235e+02
1.960988842650217521e+02
1.879671000038425461e+02
1.921090118597977039e+02
1.980319144952505894e+02
1.971625368631752337e+02
1.948681846550855710e+02
1.988945591554037549e+02
1.965717797812893650e+02
1.982823629070653340e+02
2.110375823854349164e+02
2.087311943827527330e+02
2.109794462762111209e+02
2.326317624660908052e+02
2.511128017572468991e+02
2.471469989068197890e+02
2.405854600503042775e+02
2.104138060544812561e+02
1.951856047694251117e+02
1.994316277845236129e+02
2.077662221435581387e+02
2.122196221997375574e+02
2.140132652463001364e+02
2.166217985878585637e+02
2.129920753676225331e+02
2.160994601805287232e+02
2.454991343744362666e+02
2.593170670301374230e+02
2.606385671596331122e+02
2.263978729457574275e+02
1.977178159752237718e+02
1.845617937326039737e+02
1.898648482456729312e+02
1.893771876040703432e+02
1.903514425710496312e+02
2.017406211281571586e+02
2.016566858704682943e+02
2.123616479293340831e+02
2.161355103086877136e+02
2.019805562905087584e+02
2.222262088596953333e+02
2.348989762674836186e+02
2.381628460094097477e+02
2.250515499699510258e+02
1.990199067344225625e+02
1.814724050317267654e+02
1.796081573272611536e+02
1.749892895208851655e+02
1.744641903353427210e+02
1.733727258218265206e+02
1.739790061650195980e+02
1.819082322973662826e+02
1.898422555912045198e+02
2.007074716177002074e+02
1.981644215428700022e+02
1.906448330495701953e+02
1.924590974123132128e+02
2.038326624911151441e+02
2.084623769344803463e+02
2.111091708667592002e+02
1.912665392858777977e+02
1.730648407795382013e+02
1.714135576900728495e+02
1.639096946395976602e+02
1.696598356778083314e+02
1.684062283680326289e+02
1.684568026032407033e+02
1.687942643706051058e+02
1.703089436288598222e+02
1.643920771423774738e+02
1.662322775831452475e+02
1.709235239760131719e+02
1.771045380052196094e+02
1.817708646135950232e+02
1.851072928245748130e+02
1.791539762165203626e+02
1.836440964341229289e+02
1.949142288746085114e+02
1.857885684292191115e+02
1.735226389734638417e+02
1.645895328968853448e+02
1.684892306566688376e+02
1.637184328243056939e+02
1.604726666852169217e+02
1.614744385782500729e+02
1.588379389574331810e+02
1.648048046722556705e+02
1.638317194023582033e+02
1.672486547355209154e+02
1.773488479461606460e+02
1.846282498076239165e+02
1.829078400601863450e+02
1.907528775627673951e+02
1.945992100943675212e+02
1.961891877556123802e+02
2.018572936672755702e+02
2.015606983652657789e+02
1.983235905154123202e+02
2.082304268139399426e+02
1.919924422730093170e+02
1.961919286450472271e+02
1.816270045687327297e+02
1.737118877806649095e+02
1.755398570948311203e+02
1.777529863388050444e+02
1.743337968640195470e+02
1.726238570114680897e+02
1.722971210807862406e+02
1.712985187645975600e+02
1.693860271317343518e+02
1.706528654367374145e+02
1.709761967460820244e+02
1.701637422374856214e+02
1.662625869201631303e+02
1.727690056874724291e+02
1.890986056415218286e+02
1.946840421260187668e+02
2.012305251287862404e+02
2.138731871522507220e+02
2.335281743796349190e+02
2.388262443261956491e+02
2.358937800513222101e+02
2.164369483574684239e+02
1.964903375735831332e+02
1.991304040363641832e+02
1.918557941506683733e+02
1.807330704271590776e+02
1.766402017260584216e+02
1.765417231194203964e+02
1.800836149997377333e+02
1.741970652026560629e+02
1.674900030118017185e+02
1.746112964128695353e+02
1.763893321603367497e+02
1.755587610653709589e+02
1.794199851010109228e+02
1.803449837258052355e+02
1.871947610040989218e+02
1.935574994650858116e+02
1.789803586894055343e+02
1.903107773491430237e+02
1.952548895697590581e+02
2.233020728376950501e+02
2.189454648887302994e+02
2.105990398690352379e+02
2.204489722255828212e+02
2.087800708978411990e+02
2.091759969426577186e+02
2.257425818628246361e+02
2.122870592875463558e+02
2.049670787303893178e+02
1.918251050842774532e+02
1.889744155764422544e+02
1.863202636279876856e+02
1.845123195199033432e+02
1.840894974525156158e+02
1.893233771884504222e+02
1.825453557504569631e+02
1.895640984160417304e+02
1.923511884423144522e+02
1.900380897380119052e+02
1.975726989680591998e+02
1.952044150781507881e+02
1.994515584235141716e+02
2.001868394104432696e+02
1.400719866870173576e+02
1.964598838097680584e+02
2.055075107133486654e+02
2.059297527452699512e+02
2.187978468605448086e+02
2.233442488905141943e+02
2.362046307016138371e+02
2.770206310384526205e+02
3.035283608671226716e+02
3.273828754061195809e+02
3.518505053495969719e+02
3.454079881705246748e+02
3.072955949520748504e+02
2.699778169306016480e+02
2.509216128090322968e+02
2.424727133024611589e+02
2.372071596680023049e+02
2.306192759682899975e+02
2.195172003871803099e+02
2.149648892321708331e+02
2.118596355005223018e+02
2.136452414035428262e+02
2.127577852236053673e+02
2.226749526218842448e+02
2.464804242452822791e+02
2.505083176280138559e+02
2.765656339199089189e+02
3.217034794931001329e+02
3.407605373357864664e+02
3.367212385457734172e+02
2.885446724793653175e+02
2.629360595303452328e+02
2.555646604763375080e+02
2.664595325862584900e+02
2.538861825317218575e+02
2.358019709652404572e+02
2.138107986240258356e+02
2.221525463073877802e+02
2.299976327303148196e+02
2.408263133559068194e+02
2.427376259094070292e+02
2.358045975314037435e+02
2.404438446660847717e+02
2.401754100233623888e+02
2.414308697430251414e+02
2.383866548572788133e+02
2.463516246362775064e+02
2.479467935724325685e+02
2.588744467577649857e+02
3.003648739621061736e+02
3.119574511593339707e+02
3.092606208083334991e+02
2.870199502929345385e+02
2.406690483618210408e+02
2.239898279899427678e+02
2.340979018956852258e+02
2.340712515222374748e+02
2.514171962870834989e+02
2.468054463568041115e+02
2.659844195815910552e+02
2.626111929097612006e+02
2.583052372626757460e+02
2.700694821186938839e+02
3.087754229481541870e+02
3.189420490979557599e+02
3.288567182072175683e+02
2.884335023401206399e+02
2.400208110944285806e+02
2.327082979847118906e+02
2.225143974923933001e+02
2.244099327139369962e+02
2.286822791320150827e+02
2.305800042685854407e+02
2.501634233782065451e+02
2.496771953919534042e+02
2.614898780374995226e+02
2.655774375567702918e+02
2.656068985970168796e+02
2.821860652706691326e+02
3.235291220358415671e+02
3.445547687245787642e+02
3.452140827244211891e+02
3.247839284593848106e+02
3.056152514602115389e+02
2.886116997613425497e+02
2.919010987571841156e+02
2.751250379615015618e+02
2.632108928876987193e+02
2.871014830990390578e+02
2.978724393531319947e+02
2.870709135749928009e+02
2.636994555520630001e+02
2.535236739955864778e+02
2.614136356558208831e+02
2.782558578408273320e+02
2.800265392091587842e+02
2.703738021827858233e+02
2.730821558379461180e+02
2.893896786292189631e+02
2.865431386881072626e+02
2.899788369137268660e+02
2.514985624232464545e+02
2.370797254641143184e+02
2.262414817111929324e+02
2.272136195602563475e+02
2.289153638452657162e+02
2.450335148980573479e+02
2.632299540645347520e+02
2.754071895337189630e+02
3.075619579984762026e+02
3.649773040091632197e+02
3.796445130520206135e+02
3.736614195067368200e+02
3.341501541664202932e+02
3.027336585596837608e+02
2.980497671352930524e+02
2.955789564549826878e+02
2.696201857261939381e+02
2.560605687487085333e+02
2.604779570233509958e+02
2.641837456709688468e+02
2.604810512157799849e+02
2.523708835411294729e+02
2.288266832538272126e+02
2.230455104979957923e+02
2.273411717622317951e+02
2.305203763105362498e+02
2.342490654979943940e+02
2.617627686691088229e+02
2.681582428752120677e+02
2.666293214146294304e+02
2.358883372785468282e+02
2.344780989512875919e+02
2.567759484631282589e+02
2.609101006268505216e+02
2.747241046400504842e+02
3.163251214473319806e+02
3.304531851311349442e+02
3.334787503743613684e+02
2.963040726746532414e+02
2.569013259750893781e+02
2.493619494027415726e+02
2.474784177521279389e+02
2.668227349557789125e+02
2.669661546269757082e+02
2.779328526986351449e+02
2.631351809242443665e+02
2.612245157826927198e+02
2.653114803236168200e+02
2.114626939987880974e+02
3.469036598993653797e+02
3.451910205894162118e+02
3.349255219045305694e+02
2.844667682205272854e+02
2.461245746848230169e+02
2.295923963555311502e+02
2.300953001452240585e+02
2.395122176541019314e+02
2.378164967501886622e+02
2.323899062139433909e+02
2.558692494871418148e+02
2.699865857424130695e+02
2.674406700880528547e+02
2.787539750712285240e+02
2.734367519229637082e+02
3.022118026238122184e+02
3.086477250312693172e+02
3.269793572542380389e+02
