4.758733237348515104e+02
7.065779123978085181e+02
8.087691160417970195e+02
9.450164404208862834e+02
9.142014564700775736e+02
8.180079021066093219e+02
7.408781715289856038e+02
1.027409551413487179e+03
6.969808591566802534e+02
7.869760303595293180e+02
2.848571505211596104e+02
7.100392180053902393e+02
7.312493864381798403e+02
6.172369405711514219e+02
4.101019856342867911e+02
1.007047598351622582e+03
5.462331233454340236e+02
8.606149307035855145e+02
7.895146513179089425e+02
3.235772075428248513e+02
6.497753275332534031e+02
1.008856028712288207e+03
7.191893613217259826e+02
3.285038091580158834e+02
6.936260057935314762e+02
8.248775278124426222e+02
4.441057596048188429e+02
8.949892000974020903e+02
8.956360918524233057e+02
6.798430911287114213e+02
8.811202716171487737e+02
5.241346758884037627e+02
7.303553790316202594e+02
7.515620162510658702e+02
2.781619520264745233e+02
8.437684787762976839e+02
6.008984950216887455e+02
1.082651226237807350e+03
6.339628331847026175e+02
8.568805781863583206e+02
6.164863672774544057e+02
3.305830660296801966e+02
7.509558864528164577e+02
4.550809498660734675e+02
6.448414317537080933e+02
4.406909088029757413e+02
7.376574596370370500e+02
4.817019338562404300e+02
8.678321816605377990e+02
4.296139057915922876e+02
5.638531022547831526e+02
8.516213902218538578e+02
5.746325488697772244e+02
7.778705315225005279e+02
6.219109784524583802e+02
8.719726978717725387e+02
9.401102654833202905e+02
8.621925320396730967e+02
7.021127915474263546e+02
4.607581968655040896e+02
7.736504619018846824e+02
6.654836298622371942e+02
8.644247474865281902e+02
6.799496418820223198e+02
8.876568619151987605e+02
9.400739645559813198e+02
4.978773571908310487e+02
5.802751098379662835e+02
9.834947289896792881e+02
7.974747233687384096e+02
1.233750147750210999e+03
6.923541021952080428e+02
7.750978529251892724e+02
7.952767519245835501e+02
9.107391659997144870e+02
1.141643341376338867e+03
4.987275184619292077e+02
6.906041006842342540e+02
8.621479033029448829e+02
3.342272987150310541e+02
4.782751662948738272e+02
3.790258525829761993e+02
1.014647414225170678e+03
5.205170780467500435e+02
6.757047160665692900e+02
8.234098597439402738e+02
8.004500361081260280e+02
8.692052886312129658e+02
8.950618104178298609e+02
7.588086988138202287e+02
8.505378487495132731e+02
9.663081071911525441e+02
6.959924853266965101e+02
7.863986045714116244e+02
7.155633093851384956e+02
8.168994540243262463e+02
8.349071558262110102e+02
5.520577904309096766e+02
5.597471529697611459e+02
5.339990741782042960e+02
9.848273508646700520e+02
1.006064054859704129e+03
4.477438946452458026e+02
4.637178975605506253e+02
1.121293639145527777e+03
8.018794326278264180e+02
9.224529508400183886e+02
5.956073360335545885e+02
9.487327934969918033e+02
8.940832912182863765e+02
7.040487465203038937e+02
7.707785346144032701e+02
7.673307331053730422e+02
5.948752034149990777e+02
3.060818533071310981e+02
8.327426596849475118e+02
7.561990270639528262e+02
3.657823285598626626e+02
6.613197670344876542e+02
5.071833879641658314e+02
6.823642449999703103e+02
8.522429128145981849e+02
5.446456215556283951e+02
4.910168298484188085e+02
1.020838084993740836e+03
6.299459204667385848e+02
2.947152065830957213e+02
5.187198852451716675e+02
8.263113877940229486e+02
8.883634440443696576e+02
2.695359088260309477e+02
7.373654448720467371e+02
6.629748022008510588e+02
9.718142375619673885e+02
7.609156217440547607e+02
5.609543935292348351e+02
1.023511621398357875e+03
8.217319221215931293e+02
6.960469036801533775e+02
9.412672416965191360e+02
6.052871532836966253e+02
8.270408045491624307e+02
8.541598027628606360e+02
1.098606653061933685e+03
9.621939623865596332e+02
4.654626096494009175e+02
7.564235211867743374e+02
1.261895959350646763e+03
7.545943394259194292e+02
7.872944596487482158e+02
8.287187139978271944e+02
6.616822722583063978e+02
4.271184435947878342e+02
4.315661122016496734e+02
8.764899170201726974e+02
6.737499466147614839e+02
7.957042404646389286e+02
9.138025608338260781e+02
9.399395165743303551e+02
6.106148123072609906e+02
5.504863762889655163e+02
3.592487857046676822e+02
7.446867847619496388e+02
8.841796767686912517e+02
7.990550473133062042e+02
4.250820875565945016e+02
1.157348191325566859e+03
5.670873720912292129e+02
4.596343056057353351e+02
6.949013164472340804e+02
8.248870799650632080e+02
8.399749446637111987e+02
7.399905988172391744e+02
1.015331778752707805e+03
5.919635478916829925e+02
1.100282510044144374e+03
5.662943490807575699e+02
9.196426896340107078e+02
7.488359254517208683e+02
6.272407827264776188e+02
8.500259110311551467e+02
1.267095023790075857e+03
4.246372248455801355e+02
9.703371144054931392e+02
6.219863179291963888e+02
9.444131588236218704e+02
4.962945735076615392e+02
1.150211235235802633e+03
1.101956263529194075e+03
6.561744108545135532e+02
8.830600006512682967e+02
7.217362109903888268e+02
7.417548532939500774e+02
5.547142446533301836e+02
4.283154625741447035e+02
1.134387056837319960e+03
6.808888012266124861e+02
9.974013552476150153e+02
5.989141636227132039e+02
6.999199886183218950e+02
1.182315246822757445e+03
6.294691020259222114e+02
8.237799058737407449e+02
7.524626324490948264e+02
3.855756629545003307e+02
7.130496337445654262e+02
8.699087604744688633e+02
8.600599652217217681e+02
4.439230200385416083e+02
4.821194752684480136e+02
5.396707604912895704e+02
7.785072201729313974e+02
7.848254117830512087e+02
6.728333972145699136e+02
5.234442026029846602e+02
1.026198606629721780e+03
6.681208558003893359e+02
7.594469353106226208e+02
8.283293500865540864e+02
7.156712031353242764e+02
7.390883455570467504e+02
1.071932772173151307e+03
8.711485668251301604e+02
7.047488386383241732e+02
5.082673706764517760e+02
7.318354277922761639e+02
6.412436086707014056e+02
4.327268792910583102e+02
5.359791379720953728e+02
7.794278427919593923e+02
1.077193395730034808e+03
6.834772493300496308e+02
9.109289878091664150e+02
7.211773160969248693e+02
8.553541643093138873e+02
1.363584104109941336e+03
3.641994756453040623e+02
7.018451564359064605e+02
6.405787125729701756e+02
7.014207747313104164e+02
6.795755001651514249e+02
8.741834935380892375e+02
9.043183668841970757e+02
8.641815411276204486e+02
7.316130307987893957e+02
1.194917912344696333e+03
8.292530265142468124e+02
3.848117408574510137e+02
1.183038951203621082e+03
5.968793456008493195e+02
6.075422981750049303e+02
7.979119609006035034e+02
1.109675884524981029e+03
7.045719369508465206e+02
9.023275170539330929e+02
6.811516283360601847e+02
9.056346095131284528e+02
4.766305398032138783e+02
9.056381579378588640e+02
9.878448106718552708e+02
6.509230458708609603e+02
8.250169309317411717e+02
7.037449800255366199e+02
1.038786608571656643e+03
5.001310299459272528e+02
7.188417147605080118e+02
9.199589445189246817e+02
6.449178998379320547e+02
7.750153640588424651e+02
8.277889502665980217e+02
9.592049344916648579e+02
6.684651052025917579e+02
7.397560886366836712e+02
6.052418160394722690e+02
7.284070309944468136e+02
7.432002352182697678e+02
7.931140306834705598e+02
5.478755576531193583e+02
6.631553667514612016e+02
9.145043842360237250e+02
6.285770573799213707e+02
7.946988041987340239e+02
5.945271312377535651e+02
1.212522654940519715e+03
5.768255174541163797e+02
3.904438681418515102e+02
6.255398659713820280e+02
8.723633339341363353e+02
3.781938868532062088e+02
5.991527495312675455e+02
9.247905016601323496e+02
9.974771465102500088e+02
5.861765878192790069e+02
8.090351401024873894e+02
7.318776481819182891e+02
8.718453274544069700e+02
5.002834859855505556e+02
7.342627496393554338e+02
8.063669272577793663e+02
8.999186520866001047e+02
1.071073594598990212e+03
1.019042954852810112e+03
7.571694534791524802e+02
5.762038598559149705e+02
7.670467755254341000e+02
9.836779552293846791e+02
7.768169874376770849e+02
7.723406682195188750e+02
8.888039433588560314e+02
9.811455181316881635e+02
1.291808870183678209e+03
8.252430245400872764e+02
5.925774864139602869e+02
4.841612670156994227e+02
6.554715280044445080e+02
2.741386847069420014e+02
8.433561003247917824e+02
6.932924465699464918e+02
7.011045765752003263e+02
7.584200525255472485e+02
1.040440030888670663e+03
9.116363040879673463e+02
9.379983785093600090e+02
6.426211764065005809e+02
8.778770280080248085e+02
7.457049496264256732e+02
7.552884278734253485e+02
8.091913944264175598e+02
8.451979407422127224e+02
8.453649265128111665e+02
8.336220101486937892e+02
1.126806357762076459e+03
5.704200405658666568e+02
1.170722799034272384e+03
9.419664922313123725e+02
9.732353118902408369e+02
8.350853046937919544e+02
8.111927900068164945e+02
1.065810421496581512e+03
1.105972453018686110e+03
9.596432822509580092e+02
8.890527207184738927e+02
8.112957214752439086e+02
1.075014479564654039e+03
7.897848078449497962e+02
8.092226865322141975e+02
3.222783799767814799e+02
7.739131355961668532e+02
8.718932086619747679e+02
7.363539117775011391e+02
8.082447324581235080e+02
6.219379589443069563e+02
8.146790357310907211e+02
1.054106187200243539e+03
7.599099479483191999e+02
5.197668820141137758e+02
7.511678596178097678e+02
1.075782359125463245e+03
7.130075080302624428e+02
7.267054164230231663e+02
9.809602948352567182e+02
1.176029712582317188e+03
8.349882630243903350e+02
1.037820506801432202e+03
8.434015754267568354e+02
1.081552190312209859e+03
6.998881148586383460e+02
8.257395273014100212e+02
8.806420557792923773e+02
1.053462498716257414e+03
5.093591243586899395e+02
8.911972315706594827e+02
1.167750376034449346e+03
1.144186199432662988e+03
9.537630126682605578e+02
5.562055623891794767e+02
8.332711443909912532e+02
8.122535537020327183e+02
1.157507179440535765e+03
8.020073620870889499e+02
5.252107253859458069e+02
9.713733821661476213e+02
5.260354054691092642e+02
1.078489542162409862e+03
1.327846579943575307e+03
6.297388386326189220e+02
6.841600458665395763e+02
1.163665101424620616e+03
6.719205197037415473e+02
9.687805366940959857e+02
1.211558471198363122e+03
8.193615547660600669e+02
8.698517251312584904e+02
8.599071114847461104e+02
9.320459427486824779e+02
1.104784959085991204e+03
8.371690851541359280e+02
5.459600311214445583e+02
8.848331917292870230e+02
7.010002448045383971e+02
8.237173889072398651e+02
7.465775824117931734e+02
6.325037664734528562e+02
9.028092846645859026e+02
5.476923586696140092e+02
8.222053469550518230e+02
8.048073356394769462e+02
8.530052305731302340e+02
1.143667181242441529e+03
5.910130963642765209e+02
9.909703389664510951e+02
8.794047029397091819e+02
1.001561010731463170e+03
9.689002818411937596e+02
9.506523842322660585e+02
6.426966072330287716e+02
9.360740795690004461e+02
7.826967668950628649e+02
7.025234718472953546e+02
8.656270756159823350e+02
7.061903913583386156e+02
1.069356927419091107e+03
7.916033279349043141e+02
1.144956383551799490e+03
1.065651264990754044e+03
7.814048307915177247e+02
6.593922717760682417e+02
1.101380537224403724e+03
1.154356917824764196e+03
8.538367691277952645e+02
1.040232269823765364e+03
9.114562341879446876e+02
7.635215809951464507e+02
7.309398158876232401e+02
1.111244758852850509e+03
1.144045793624649832e+03
7.636481670255252538e+02
6.270785818457751475e+02
1.008689032926646746e+03
1.181543523950252847e+03
1.238886914923379436e+03
4.253438104849960268e+02
8.809355242671412043e+02
9.620557386602155248e+02
8.545545553187192809e+02
6.842937743490482490e+02
7.807154810950007686e+02
5.301507428987632693e+02
5.050451267687443533e+02
1.007117977357185509e+03
8.322339117528922543e+02
9.534570126476224914e+02
7.876344440974932013e+02
5.788964330443767494e+02
8.027661201715091011e+02
6.441523986861872118e+02
4.195497265283144657e+02
6.828557939971402675e+02
7.704964170697677446e+02
7.958786616481037299e+02
1.325167086118518000e+03
9.471934945422600549e+02
1.173824230738714959e+03
1.027336368155642276e+03
8.708681065960896603e+02
1.066487478134547700e+03
8.111389601482951548e+02
9.515803013475625676e+02
8.212279745763946721e+02
1.049602735865719751e+03
1.502478270215177417e+03
1.052434596109480026e+03
5.690579652486436544e+02
8.483491225370717075e+02
7.392002419258019472e+02
8.069282942283892908e+02
8.483684804046124555e+02
8.613895556581358051e+02
6.977747149784983094e+02
9.864730335693836878e+02
8.107523863959125947e+02
7.878533526199278185e+02
4.387684834917308194e+02
7.115776356198275607e+02
2.636773554994225606e+02
7.956033205119504146e+02
7.255083458132431815e+02
7.176422419836926565e+02
7.435141770190098214e+02
5.449046152860007624e+02
7.138435309741151968e+02
9.266372153868002215e+02
1.033002802856041626e+03
9.709115614656744810e+02
4.235574163402400245e+02
6.591887614668339666e+02
7.430240381775857941e+02
8.348025605354494019e+02
1.219632918781340777e+03
1.025671741915642542e+03
1.191005749633821551e+03
3.233344079354754967e+02
1.006993408998480049e+03
6.844500231358427982e+02
9.497660924406106915e+02
7.158077155817741186e+02
7.606233805133354053e+02
7.450522904819380301e+02
4.997670893386434159e+02
1.253616447498054868e+03
9.188137235922883974e+02
8.185740712711306060e+02
9.218088485097156308e+02
9.061611935419389283e+02
6.000726613924404091e+02
5.471054681805416067e+02
1.217405289810364138e+03
6.573795309407499872e+02
9.856543487171899187e+02
9.929267742370769838e+02
1.129938338812672100e+03
1.194896745687194198e+03
7.920101542393591671e+02
1.007974596828899394e+03
7.775608786179652725e+02
1.079041059086268433e+03
9.367006536431770201e+02
8.706328119477664131e+02
1.064116701606470770e+03
9.220237611684108288e+02
5.148775237260593940e+02
9.352950926771083004e+02
6.293463906325135895e+02
8.356177315897041353e+02
9.047477390988665320e+02
9.730949577816687679e+02
1.019300858175139410e+03
8.663149066752822591e+02
1.120616613143176892e+03
8.310276985330233401e+02
9.411039388844382074e+02
7.961116318619808681e+02
9.354909252641093644e+02
1.110272005956659996e+03
9.546797618740579310e+02
5.750116082479381703e+02
9.565198389826779248e+02
1.232797060015987427e+03
1.426381500733140683e+03
8.592624164514965059e+02
9.958199188322544160e+02
8.294607569466961650e+02
9.485507813150333050e+02
6.348304230835651651e+02
6.485505747972763402e+02
8.693942862025465956e+02
1.083110085776405185e+03
8.062229989671370731e+02
1.057546052298957193e+03
1.388848999103191318e+03
9.323334239248486028e+02
8.171073710048815428e+02
5.665486418831015953e+02
9.517066572369835740e+02
1.229393149377322061e+03
7.537940643953290873e+02
7.344406646172612909e+02
1.011063803580422473e+03
1.218885396509393331e+03
9.972732376821219304e+02
9.330622662373164076e+02
8.681296082419903541e+02
1.147374524128737903e+03
8.219039228648052813e+02
9.786693315105811735e+02
1.393636423393038513e+03
1.277440271135835246e+03
1.101608371328412886e+03
1.296694826436866151e+03
9.897153728375390074e+02
1.176571430175836895e+03
7.087892906128728328e+02
1.023847397518952221e+03
7.938187031839519250e+02
8.569776627085302607e+02
1.141518525874313582e+03
1.038987916183458537e+03
1.383138381078110797e+03
8.258148330446651926e+02
1.117807481834977580e+03
8.749020896581560010e+02
7.898733409453765262e+02
8.319269530439573828e+02
1.330099059801875455e+03
8.938065622792479417e+02
7.635528205514194724e+02
1.146208959581246063e+03
1.260992758611846966e+03
1.140762971995118505e+03
1.092480777004154788e+03
8.504977653097460006e+02
1.047432646443878184e+03
1.257716614974957110e+03
8.574979312696858642e+02
9.130309387043945435e+02
7.965525576221166375e+02
1.115383371778256560e+03
1.168209645878955371e+03
1.239490217099166330e+03
6.974681754273215120e+02
4.578114718543524759e+02
8.589067601609182248e+02
1.078225000547718992e+03
1.028119161273055397e+03
9.964676807744721145e+02
9.843276189061572268e+02
1.415728321332661608e+03
7.477232512618300007e+02
1.010095187613260919e+03
8.685691686124506532e+02
9.425088859211732597e+02
9.933228855182185271e+02
8.946074876569797425e+02
3.784324489352426895e+02
1.049294254827190571e+03
1.246574136899430869e+03
9.844647822954705134e+02
9.609652134066967619e+02
9.565822751534418558e+02
7.503067289559276105e+02
1.084156776128182400e+03
1.196982416251895074e+03
8.888147355300494610e+02
5.945932774392208557e+02
9.492530275775856126e+02
9.821614906119954185e+02
9.690229352507899421e+02
1.124142833513960568e+03
1.206304850310438269e+03
9.880682579567603625e+02
1.415992083497710610e+03
9.628761345826395655e+02
9.072516592880989492e+02
1.110050249703459031e+03
1.085413864328943419e+03
1.231774535780177530e+03
1.272089120246537050e+03
1.248007261878978397e+03
1.092117142060721562e+03
8.221115022183255405e+02
5.871055673249462643e+02
1.243720415764029212e+03
1.031837750497827528e+03
1.072047269684260527e+03
9.786170690136202666e+02
1.001414817856908485e+03
7.720845126998102614e+02
9.619049294274865360e+02
8.945076714056123137e+02
7.975176012486261925e+02
1.080029623585945501e+03
4.901871267638493350e+02
1.167118147940377185e+03
9.287649026180940837e+02
1.007926964188878856e+03
1.148200063521122047e+03
8.569796042419272908e+02
1.019587371499294136e+03
8.471007594879278031e+02
1.322986475424608670e+03
9.601614263263440989e+02
1.100812210406678105e+03
6.836946606795357866e+02
1.130574172511447159e+03
5.065185871926691448e+02
9.881546523978771575e+02
1.041227479208085697e+03
1.168440587647482062e+03
1.091591334189975214e+03
1.070609326186209046e+03
1.087740004093528796e+03
9.225029038350221526e+02
9.352781119459652928e+02
1.021778154252967283e+03
8.261253484697858767e+02
1.225253719087426362e+03
8.855629085871948973e+02
1.038759987749176162e+03
1.226547546802255738e+03
7.384427155329780135e+02
1.026690844825847307e+03
1.022922808257590646e+03
9.162327225905885371e+02
6.150637780372743464e+02
1.466353399979316009e+03
9.630174539752762257e+02
1.272039803935692362e+03
7.237439955926760149e+02
7.879706179791727436e+02
9.560575902314594714e+02
1.070944933927076590e+03
9.687338957543150855e+02
1.092902345311362751e+03
9.325390713761107691e+02
1.142377248951634101e+03
1.050888396690507307e+03
1.466165180494874903e+03
8.939933229877544818e+02
1.355849538502727682e+03
5.970314143659466026e+02
7.832176985395359452e+02
8.269631826562103925e+02
8.150930794800862031e+02
8.217175342483042186e+02
1.196631328710483785e+03
1.207560598285587048e+03
9.052442505720825920e+02
1.180437915316941599e+03
9.978891675187314831e+02
1.264125938330203553e+03
1.461744612074911174e+03
8.324801931439767486e+02
1.009329570777543609e+03
9.658329336840936321e+02
1.194976767188670010e+03
6.947537060315481767e+02
1.131124040031121240e+03
1.040218345635527612e+03
1.054613410482295876e+03
8.941979184209532150e+02
9.435200110027536766e+02
8.099932655012519263e+02
9.709365485977314165e+02
6.704499396312321551e+02
8.228917910967244325e+02
1.375260602812224988e+03
9.296021870490479841e+02
7.367391899453319866e+02
1.127404584612430199e+03
8.890158145778962080e+02
1.139198603802629350e+03
9.282790052135017049e+02
1.097811143336449504e+03
9.793637249725661604e+02
1.258945601308741516e+03
1.087739921358178435e+03
1.159476854980981898e+03
1.234815324146328749e+03
8.323152579678385337e+02
1.012224001969215919e+03
1.272132669016333693e+03
8.602978135232855266e+02
1.096473269854627006e+03
9.435181876929146938e+02
1.017404722459806408e+03
1.018399579563812836e+03
8.598187711803208231e+02
7.303194206890308351e+02
1.159534584102811777e+03
1.122687100508768935e+03
1.321184749011349368e+03
8.571495808479430707e+02
1.114556021002437092e+03
1.227981349359406522e+03
1.172825321800297388e+03
8.478515578043225105e+02
1.334112324051311134e+03
8.839037377731408469e+02
9.732609657180477143e+02
8.852410103067750242e+02
1.221851143124835289e+03
1.099574004591959465e+03
1.114256653281976469e+03
8.253891044520257765e+02
7.317348812853101663e+02
1.210492836861574006e+03
9.791481415118026916e+02
1.146926967676251707e+03
9.074588755319564370e+02
1.044899062093091288e+03
9.414099495750629103e+02
1.570702638887190915e+03
9.599494045838930560e+02
8.457277893652213834e+02
1.042511782988928189e+03
9.649913392232444949e+02
9.358698707126559384e+02
1.001986860402122261e+03
9.583390430841070611e+02
1.205340662130177407e+03
9.400052468371995928e+02
1.249084710937340560e+03
1.197199126659617832e+03
1.006568721303721077e+03
9.716299582866770379e+02
9.538192413838423818e+02
8.038653956473367543e+02
1.028906270699503921e+03
8.093097257851630957e+02
1.184277563204642547e+03
1.103300984249936846e+03
1.248937669216631321e+03
8.832915146350472924e+02
1.084938621995135918e+03
1.067828175841400480e+03
9.499023461890818680e+02
7.995742431245541866e+02
1.023674506544058318e+03
1.171634866181708958e+03
1.024572628061288469e+03
8.459070285904891762e+02
8.394365771564138186e+02
7.850705608852808837e+02
7.703150236450903776e+02
8.659111835370796371e+02
1.093931481959463781e+03
7.026856201007312848e+02
6.253759048787956090e+02
1.006635900399590810e+03
1.098899675100123659e+03
1.334333707310990121e+03
1.043683408379856928e+03
8.284417971977196657e+02
1.244606298397835872e+03
1.262382851097417642e+03
1.017952471134915641e+03
7.598644403214133263e+02
9.503067645986021716e+02
1.161519981991557870e+03
8.357038206543988963e+02
1.434272446868941415e+03
1.012039310870175200e+03
1.139829896698329549e+03
9.195013072622838308e+02
1.064540839092764600e+03
8.241930325836783595e+02
8.331606997166838937e+02
8.469919519826839860e+02
9.885479611773537272e+02
1.084621941576703875e+03
1.025817103160016359e+03
6.677290647306754181e+02
1.259991916965175506e+03
1.121110978816577244e+03
1.069129941856596133e+03
1.154830421616305330e+03
1.329227040338199231e+03
1.087092217204191684e+03
8.991495781349954086e+02
1.257815784545739007e+03
9.253974855437139695e+02
1.080645428548215023e+03
7.597904880572427828e+02
1.071582570573976227e+03
9.635718643868885920e+02
1.312920367005036269e+03
9.373546538481584776e+02
8.094344161412886933e+02
1.076872594285265677e+03
6.501577952619154530e+02
9.948131269423288359e+02
1.332566048787339241e+03
9.099426797885517999e+02
9.624526969757887400e+02
1.057144889432523996e+03
7.380679319318982152e+02
6.557249987078054119e+02
8.507217937898108175e+02
8.979403770177613069e+02
8.546655025093814402e+02
7.444649935243395475e+02
7.401484978311879104e+02
1.166044411043014861e+03
1.219994641344822185e+03
1.158930018432905399e+03
1.217231840921147295e+03
1.108694702803256405e+03
7.725755819734845318e+02
1.087911485984350293e+03
9.255317262787607433e+02
9.578582552977227351e+02
8.689899877856699959e+02
1.017850118811900302e+03
7.144150536443804640e+02
1.145230023937387386e+03
1.633898696074772261e+03
1.154045828334636099e+03
1.421085852851578693e+03
1.648062687494054899e+03
9.052970723339078631e+02
3.679019790599800217e+02
1.435241097926537577e+03
1.200422406157791102e+03
7.141848571228908895e+02
1.177255612381921765e+03
8.263567191525195312e+02
1.162273994152262276e+03
1.182315255699248610e+03
1.114649775042108558e+03
8.168480551272001549e+02
1.214557993483084374e+03
7.836348079102838255e+02
1.281089969385617223e+03
1.194676635276986644e+03
1.332492779343830762e+03
5.971939424877371039e+02
1.224959501413363341e+03
1.344317585056052621e+03
1.556499180284465410e+03
1.134703259496648570e+03
8.975440095071587621e+02
1.222603560834658765e+03
1.223758411253422537e+03
1.020047974442988107e+03
1.290645023025352430e+03
6.210152040452220490e+02
1.517126957414575827e+03
1.150582557298419033e+03
1.289645695254568864e+03
7.914494230253706064e+02
1.147581480013683176e+03
1.449534130193839246e+03
1.471996811000349680e+03
1.322768971944732357e+03
1.069406725565011129e+03
8.873787179287878644e+02
6.139000757783571771e+02
1.238661650275705369e+03
1.092844521615325903e+03
9.345234279611316879e+02
9.276295246373313148e+02
1.173691373064496474e+03
6.960029157904563135e+02
9.394428608851388844e+02
1.261425502461387850e+03
1.244836250005306283e+03
1.211608159337401275e+03
1.132958709897448898e+03
8.907053633575710592e+02
1.064613188328210526e+03
1.299520459234515101e+03
1.190312519349776949e+03
1.059425950617119724e+03
7.797347929404789966e+02
1.066690400077388404e+03
1.192153460560098893e+03
1.383106181705312565e+03
1.224917589045940758e+03
1.019033341682119158e+03
7.188916035481552171e+02
9.407473694742785710e+02
8.137464909432997047e+02
8.197175009068953386e+02
1.184857532535318114e+03
1.045389413013938565e+03
7.799945308247567937e+02
1.430266637498935324e+03
1.281530624680934807e+03
9.263965382703182740e+02
1.111716194056020868e+03
1.171548834947772775e+03
1.091732977812885565e+03
1.031738299936090016e+03
7.110126208084623158e+02
1.224453829380910975e+03
8.029944590729442098e+02
1.528870578638895950e+03
1.144132522846688062e+03
1.012245106884078041e+03
9.472624297210968507e+02
9.657801397975055124e+02
1.237250944144909909e+03
1.339982162317206530e+03
1.535751252516093246e+03
1.493868006182562112e+03
8.989468510752844850e+02
1.145789590437028892e+03
1.143463402837487820e+03
1.299542405733040368e+03
1.307412184922433653e+03
1.524038248762193916e+03
1.263733316846802836e+03
1.238710999509769408e+03
1.096397976515766231e+03
9.295872848038364964e+02
1.967361450121698226e+03
3.050867453719928108e+03
3.408983240247157482e+03
2.011931979266827511e+03
1.672343304239023837e+03
1.286895266447493896e+03
1.004484660272968313e+03
8.841622711096167677e+02
8.682496509497290162e+02
1.451720369017793701e+03
1.018434658606963012e+03
1.248253304466876443e+03
1.689452986480326217e+03
1.997073677481623463e+03
1.546158151854137031e+03
1.304054741574205309e+03
1.288743893088598725e+03
1.406324493994912700e+03
9.660295468469231537e+02
1.279095047418899640e+03
1.577718624505210755e+03
1.193060242989491599e+03
1.190630281164437065e+03
9.309357410824667340e+02
1.087065094415925387e+03
1.422949338239303188e+03
1.043827870549940826e+03
9.963695435740711446e+02
1.058829061699784916e+03
1.274271136136050927e+03
7.708177784162289754e+02
1.056322325587281739e+03
9.251565453167219175e+02
1.230674334789762497e+03
9.946861924965469370e+02
1.203172289376255549e+03
1.109401280732131227e+03
9.068645293213900231e+02
1.024917298002026200e+03
1.394521277439197092e+03
1.007661155278658498e+03
9.091689174528586364e+02
1.323927492492628517e+03
1.212643145301356526e+03
1.285255207798802758e+03
1.210552044967278562e+03
1.234379620587352292e+03
1.308581393052375688e+03
1.306000318152448017e+03
1.067024308713775099e+03
8.751030651028620468e+02
1.177235936336173381e+03
1.214592097913742236e+03
1.102645491188952974e+03
1.195250699029486668e+03
1.098392516899387829e+03
1.283814521887897172e+03
1.205613683552175644e+03
1.186745919046170002e+03
9.789123840518911948e+02
1.369901578313837945e+03
1.390251417300828962e+03
1.125553891391560228e+03
1.341904747914598374e+03
1.266344328557230483e+03
1.055250141943462040e+03
1.069550631886703968e+03
8.861622385821136731e+02
1.197364545552856271e+03
1.204785805930954666e+03
1.107925938455605319e+03
1.172670388034209736e+03
9.037806295905792240e+02
1.254005874236135924e+03
1.351402521217275080e+03
1.075151480360535970e+03
1.300333991211326520e+03
1.088919240745079378e+03
9.057167744577623125e+02
9.997823212618934576e+02
1.042628931116920512e+03
8.309639392200743941e+02
1.132434294103714137e+03
9.535397543643221070e+02
1.433663335489484552e+03
1.856444355843688072e+03
1.509709749697988855e+03
1.244851655204922054e+03
1.202748763041250186e+03
1.388602469133258865e+03
1.296379564280028490e+03
1.326174557429456627e+03
1.106710747547658912e+03
1.662325116215019307e+03
1.530742387761467853e+03
9.574496052051439392e+02
9.620725845477619487e+02
1.020258116419574549e+03
1.246066630775700787e+03
1.190614652449811274e+03
9.970579071617471527e+02
7.850265696965557254e+02
8.038040444886257774e+02
1.202234580143077437e+03
1.098094805837331933e+03
1.093032968457381457e+03
1.166902549891153058e+03
5.690013918631068464e+02
1.046281347596453543e+03
7.419325074972497305e+02
9.848928564917392805e+02
1.914778614449690167e+03
1.314865137567754346e+03
1.167859550265448433e+03
1.047365618272074471e+03
8.875522753426774898e+02
1.000434637397282245e+03
7.733453857813394734e+02
8.880957003369982203e+02
1.033686553416955348e+03
9.894114251184939803e+02
1.258031818613335190e+03
9.577623728429800849e+02
9.147682987922084976e+02
8.918493479043543175e+02
1.296174986577068694e+03
9.580164240076786655e+02
7.990400752637693813e+02
1.141176835852077147e+03
1.141892266505021553e+03
1.098913562664523852e+03
1.429431958408912578e+03
9.803926082826177435e+02
1.102681406375688084e+03
5.560882900058367113e+02
8.630048678371636015e+02
1.099543276401072490e+03
1.213585672664585445e+03
1.134614992325047751e+03
8.936248620732802692e+02
8.927254840857751788e+02
1.082385956916893974e+03
5.372876628069974458e+02
4.709780141441565888e+02
1.431485575730859409e+03
1.182382419558956371e+03
9.107342355398569680e+02
1.084273987467091274e+03
1.611171540565692339e+03
9.315642467888129659e+02
1.133185738702420622e+03
1.210297597890439192e+03
1.337772256941564137e+03
1.676290329935381806e+03
1.206087153981595975e+03
1.391530857042266689e+03
6.799822217454969859e+02
1.285352668433697090e+03
1.369963002379409772e+03
8.778328272518803033e+02
9.350068808221524250e+02
8.834831342801352321e+02
1.250873158078628649e+03
8.350620392370502714e+02
1.105211371070740597e+03
8.700316853160924211e+02
1.114902098343055741e+03
1.147719146356758074e+03
9.383569516054193400e+02
1.027767511074180220e+03
8.058677523110503671e+02
6.415748613470734654e+02
1.337302394950140751e+03
9.757300593652925045e+02
9.232798069917703288e+02
9.074184184017279904e+02
1.131067326894585676e+03
9.287426676538834727e+02
1.276551638199515310e+03
1.190375955767127834e+03
1.221039137975319818e+03
1.257436909870904628e+03
1.120620959680422629e+03
1.109326266536830872e+03
9.826583643504892507e+02
1.310344395869119580e+03
1.250691915924468958e+03
1.645499885885649974e+03
9.136589857152205241e+02
9.536320147524007780e+02
1.098423825116855141e+03
8.959781283593973740e+02
1.027388981981778898e+03
1.375319441654468619e+03
1.132766169693933307e+03
9.751899923981311531e+02
1.262630075921379330e+03
8.617933419747025710e+02
1.129218267833439768e+03
1.257206651417268631e+03
1.284233029342407690e+03
1.343649437959325951e+03
1.481311947983487698e+03
1.045949969817532519e+03
8.111710734603196897e+02
8.502255113099165555e+02
9.489794586506841370e+02
1.091944455540743775e+03
1.610667213637815621e+03
8.794673775861572267e+02
1.097713854147014899e+03
1.506898050672197769e+03
1.148309059937786969e+03
1.056642418512799850e+03
9.903901142970511273e+02
1.432588058314085856e+03
1.510636034096768071e+03
1.237317084584028635e+03
1.017224203478492882e+03
1.072061243360343497e+03
1.272665270097972780e+03
1.162705337801353153e+03
1.007836622805194679e+03
1.179066911106998987e+03
1.144971079120895183e+03
8.656189325339904599e+02
1.332456473855858349e+03
1.037674251345808671e+03
9.423679494315977081e+02
1.326460309247784835e+03
1.360515373653510096e+03
1.270415400701435374e+03
1.533650062652773613e+03
6.024610134551713827e+02
1.311988490376106256e+03
5.038877659508652869e+02
1.079847047561501086e+03
1.023338548584437376e+03
1.435796820553792941e+03
9.683194962311405334e+02
9.801185154550084917e+02
1.352143927631150973e+03
1.226495944008087235e+03
1.102745127630686966e+03
1.287013317981030241e+03
1.367328086513532980e+03
1.453958954595460682e+03
9.914583430873919951e+02
1.237462677875409781e+03
1.563334627214918100e+03
1.433603598212047018e+03
1.572086314360828737e+03
1.404587097155000492e+03
1.351514007312876629e+03
1.178261785147741193e+03
1.011263388721228239e+03
1.203295052819017656e+03
9.715134499268357331e+02
1.541252563635427350e+03
1.602698058872330193e+03
1.276104841685450083e+03
1.166440348432959809e+03
1.213931388517938558e+03
1.207076882424441010e+03
9.538367319686336714e+02
8.016588901513423480e+02
1.241853662555246274e+03
1.120745988633264460e+03
1.086773234695328256e+03
1.221447812155182419e+03
1.108751403408349233e+03
1.220551534836970632e+03
1.586244508779901935e+03
1.022535456425264442e+03
1.420418341372628902e+03
1.458787182194152592e+03
9.915714616096563532e+02
9.530215835333606265e+02
6.270153466557944739e+02
1.645909673272372174e+03
1.184487452115188262e+03
1.314868436830154678e+03
1.882117137923238261e+03
1.413645198708351245e+03
9.856293039665473543e+02
7.575064427887298280e+02
1.339564218211116895e+03
1.250362235487560838e+03
1.232366095178578234e+03
1.051179813011512351e+03
1.543595379947400943e+03
1.296903787730027261e+03
1.434178407193518751e+03
1.396044340943563611e+03
9.843054557697537348e+02
1.319086226915276029e+03
1.018158217230312061e+03
1.126830923854892035e+03
1.184085969321152788e+03
1.088439891724132167e+03
7.888811986600244381e+02
1.137762776607303977e+03
1.588172902279356776e+03
1.435216512090429887e+03
1.281767691442409387e+03
7.484000747884183511e+02
1.078746461893999140e+03
8.926574048770955869e+02
1.200517429498607271e+03
1.518877181213455742e+03
1.805957847326746332e+03
7.524002888254365189e+02
8.720306621321657303e+02
1.448021378518179517e+03
1.001782902983781355e+03
1.035137467859710796e+03
1.257330992809846066e+03
1.294640050863260740e+03
1.321536370699223426e+03
1.037209009016666187e+03
1.073407058141223388e+03
1.062883079393503067e+03
1.063523063813835279e+03
1.209184286722001843e+03
9.773668162785796767e+02
1.105312657785323609e+03
1.282247020372602037e+03
1.664620266349850681e+03
9.709948421957186611e+02
8.255320182646973990e+02
1.371973698617022137e+03
8.885814683161709127e+02
1.716049488748475369e+03
1.141835943124336836e+03
1.284005409003349541e+03
6.504653357339350350e+02
1.233964067087136755e+03
1.422969709372235911e+03
1.318009189068681053e+03
1.352911045060825472e+03
1.080154278154325084e+03
1.135272182229676218e+03
1.253930592164584368e+03
1.395996070992271825e+03
1.114174872660587653e+03
1.381521515425738698e+03
1.012869496106280508e+03
1.007391030910467407e+03
1.118097389095938524e+03
1.469221759407898844e+03
1.277746850732981102e+03
3.478348748886881481e+02
1.466200604471104498e+03
9.339608027152030445e+02
1.705014202275496700e+03
4.185502072029518104e+02
9.800932741020318417e+02
3.223322131668460884e+02
1.398215121855727148e+03
1.362540349412707656e+03
1.020677327232069388e+03
1.270882581263001612e+03
6.303124003538385978e+02
7.058197670725294302e+02
1.341518727223209453e+03
1.625419285727250553e+03
1.586545834296718340e+03
1.760966455722452338e+03
8.782549734406964035e+02
1.035843105074590312e+03
1.259456272690223159e+03
1.278489117901527379e+03
1.401680868711632456e+03
8.605989871578208295e+02
1.138574311167990345e+03
8.044461017295601550e+02
7.426805267520405778e+02
1.685462418958510398e+03
1.032961052808073873e+03
1.204230509645249413e+03
6.892981366364408586e+02
1.080736850172032518e+03
1.944989026943667568e+03
1.103766474506451686e+03
1.251857292761816097e+03
1.305780403664081859e+03
1.278847321824006258e+03
1.248221320389842049e+03
5.033524093818294318e+02
1.016974806548546894e+03
5.847148906989766601e+02
8.094996645954532823e+02
1.119187010008856532e+03
1.653763261790219303e+03
1.209355775509812702e+03
1.265421596419859497e+03
1.212144540973537460e+03
1.952057231129732372e+03
1.397584600052703536e+03
1.539969539354460039e+03
9.069494672905185553e+02
1.473012898429963116e+03
1.133890443890410552e+03
1.359308602387220162e+03
1.621673842157334548e+03
1.618714053159977766e+03
1.157607797583397542e+03
1.210621227457554824e+03
1.666996781133550712e+03
2.057291580850806440e+03
1.580442507416189073e+03
5.244626422962264769e+02
1.194442439937883591e+03
8.319889444892133952e+02
6.898891836141705198e+02
1.256184856703655441e+03
1.720248687207404828e+03
1.627576299257180381e+03
1.241360749075952981e+03
9.754388662526646385e+02
1.211759941753295607e+03
1.944586271151472602e+03
1.587036213174399791e+03
1.340157246939435026e+03
1.314916950373402415e+03
1.537706852277387952e+03
1.062241709146446283e+03
1.297260352060675132e+03
1.203995185028500146e+03
1.397858253721379924e+03
1.314180254127748412e+03
1.297648955953969335e+03
1.496635564937259232e+03
1.573136191372615485e+03
8.615651471205837879e+02
9.625831519993161010e+02
1.171131537927826912e+03
1.369455826838696339e+03
1.266029402791552457e+03
1.506537747836114477e+03
1.533526532266676668e+03
1.154252568394224681e+03
1.602749427143301546e+03
6.844597807435849290e+02
1.521727845569851297e+03
1.165162644756799409e+03
1.397305023356620495e+03
8.743302347883054608e+02
9.361313785842881998e+02
1.468132892946702668e+03
4.354421003131438965e+02
8.054495382703211135e+02
1.400604255009980307e+03
1.521759940819482154e+03
1.071917882323456979e+03
1.258874144297678868e+03
1.438843199393275654e+03
1.465737529141541472e+03
7.082684279650990220e+02
1.229611697414444279e+03
1.750463736720013230e+03
8.971771705250314426e+02
1.525710396470954493e+03
7.677903573727646744e+02
2.264253603376056617e+03
7.847448831233716646e+02
1.340340871148579254e+03
